-10.49232828342572
-8.77501896548609
-9.598826548058577
-8.215514047007701
-9.470738157999053
-10.168441706875477
-12.638719510211665
-13.888055220888795
-10.164556991188187
-11.355076329246375
-11.531478338461804
-10.07621149853009
-13.525806178239192
-7.84037984259936
-10.650328897543563
-15.406694193088706
-8.892640593440683
-9.031778979618096
-10.414256547133173
-9.676725964671423
-9.978275085718636
-9.511675985056385
-10.417524522980136
-12.189678262176463
-8.543177783288135
-9.613140503505196
-10.008567453926938
-13.039024754287816
-12.2697
-7.226894193088706
-6.520004138853181
-9.343883648959858
-12.019573510509671
-12.638719510211665
-9.480016559235638
-9.336545205783741
-10.035986710327364
-14.376210002350398
-14.41928890006195
-7.4819494139775005
-10.322148784511546
-12.481315621679604
-13.058654126543212
-7.93973478652939
-11.492701420754596
-7.226894193088706
-9.94074699817286
-9.162779252971967
-12.698767884553552
-9.729431944797781
-8.441211568262283
-11.042007089829209
-9.147134340582186
-12.427291793323358
-9.75206071615456
-11.618802506936584
-11.063794534047505
-12.15534720468765
-11.710542995161665
-11.272061572884532
-12.517436667450133
-9.410982579266117
-11.379175379970073
-14.718023227645176
-9.367249024676632
-9.746997391734883
-9.084580526237499
-9.061945086787642
-10.091745411636333
-8.873226602795736
-6.273988386177411
-9.543099999999999
-11.763823183364941
-12.862507986705378
-9.594715024655917
-10.224728570086668
-10.120771036211202
-9.588438390237929
-10.983773597186177
-8.401435597483417
-8.291311845738647
-8.96730335769536
-9.295294269374047
-9.091210481432467
-7.027677842048563
-6.406105806911294
-14.453788386177411
-9.912605860396086
-7.910295531383572
-11.464131322020613
-10.849969352323791
-11.619240593440683
-13.107287934423752
-9.435152207263272
-12.327743476247512
-10.558386993792661
-13.507366540790207
-9.305571807593623
-8.546690570032014
-11.857912353973413
-11.341478220578608
-9.80274503117828
-11.488441824479928
-12.180857986705378
-9.543099999999999
-9.9147050011752
-11.11617315363425
-11.402670025251044
-12.42841820388508
-9.94291702475819
-9.662354998178982
-11.815368018554764
-6.39148596122269
-11.23912470698875
-9.935686416249169
-9.48666935232379
-9.049956441157216
-10.18935606262717
-13.90388599195553
-13.056938921024281
-10.79845220726327
-10.498981076513873
-11.177655806911293
-8.944099026274072
-13.629750753784533
-10.732393496896332
-12.029634786529389
-11.922602100653002
-10.439575159235085
-12.670196267844366
-9.992686269119233
-10.686759217744623
-13.74156419062686
-13.904255806911294
-13.196415828489112
-12.255256314288976
-9.685213655779991
-7.704048652490015
-10.185240284126996
-11.36859200824974
-12.375288921024282
-11.802875159235086
-9.089886647597055
-10.628123227645178
-11.618583463684535
-13.455315973410757
-11.088813793616673
-11.665231427861942
-9.550595003709091
-7.226894193088706
-12.572146400351977
-11.545134792396293
-9.929720151813639
-7.730038981968493
-8.096435695837762
-9.749394464213054
-8.66240286121573
-7.438072035137269
-11.762729396478143
-6.878881186881368
-8.590194193088706
-10.439575159235085
-13.046754831587926
-11.299089983173483
-14.315391018743833
-14.519847096544353
-15.092523178573703
-8.889825226905955
-13.394832767483525
-7.662692787650631
-11.846414494963225
-12.600317330901893
-10.440076232709815
-10.935136092919455
-9.678929493502633
-9.891729404097472
-9.996769600527967
-11.391058926825286
-9.037223183364942
-7.226894193088706
-13.336504138853181
-11.927453378553565
-12.412580653714512
-8.814802128791358
-8.002115973410758
-9.135468325866697
-8.902591645616969
-9.012549877185833
-10.692229336771115
-10.04206648607385
-11.38331037826532
-11.372044934054957
-10.41079014067251
-14.52436348642005
-12.9225020787606
-9.171519142889734
-11.285444247535738
-13.612960135961464
-9.26401485662011
-9.971528287763533
-9.881118263362119
-11.067978956992832
-10.764499197197356
-12.116117928111565
-12.370049194263904
-5.893963601998419
-10.147080513900043
-9.917186223351122
-11.639953121869626
-13.507262146241851
-12.277756542665719
-11.174930396410588
-7.289275379970073
-12.737344747863597
-11.195032853599303
-11.180312154236178
-11.66661533555777
-12.143409775162281
-13.628367545332045
-11.450895126890975
-7.226894193088706
-12.245047411959263
-13.149274807762316
-12.483775954170492
-11.18511428625873
-13.788980057754648
-8.659190797029694
-11.720978005177388
-13.89694588406699
-11.510836305881675
-6.912723178573704
-11.326834248822811
-11.739232092512603
-11.711999517558958
-11.972858459990023
-11.106801285421518
-11.173248229212106
-8.64650890584157
-9.54525408507161
-9.16375255562098
-9.605318819213585
-10.105705831023005
-8.871690341778878
-6.912723178573704
-8.903756868506596
-7.359011613822588
-12.379464877705784
-11.159613331692105
-8.46237069373053
-12.066496485290385
-9.144053235504117
-13.23759581432948
-13.23759581432948
-9.971528287763533
-12.83484138746106
-12.723061389325125
-9.163075215821008
-7.560074692059086
-10.631612896740503
-8.599428006522206
-9.163075215821008
-10.703058939840023
-9.953494193088705
-14.24670269098788
-9.65038541181946
-9.222845822808484
-10.307555618096602
-14.190501621240772
-13.663369408909714
-12.692055684097127
-13.310247606855487
-9.30303478652939
-13.561528817338072
-11.562809945764474
-14.252885211008767
-8.753687288128063
-9.439806655198486
-14.939869352323791
-6.0418705895794655
-7.1189464003519785
-11.704822076075326
-9.40749809086071
-12.37333136357915
-11.688851591033034
-13.268764782668171
-12.953653222018637
-8.467661778273815
-8.258325603614834
-7.071555220888794
-9.56819440800811
-8.765308760958899
-13.888055220888795
-10.130475965794954
-13.220393815297912
-12.092015973410756
-7.554086128614527
-8.887710269630993
-11.328649190670978
-10.813474655296645
-8.482246400351977
-6.708552207263272
-13.695381186881367
-14.271734792396293
-12.332081186881368
-14.316953222018636
-9.343883648959858
-13.193718435489247
-12.354864489809046
-10.580185148278456
-10.189881883073742
-7.5977108134155635
-11.398037607910503
-12.856048488820734
-7.93973478652939
-7.226894193088706
-11.751358014174567
-11.304187799725414
-9.845546400351978
-9.528480154311396
-13.989420296720342
-9.756704387057358
-13.525052207263272
-12.771807526736444
-12.950020822659909
-12.738842980611345
-13.23759581432948
-10.774282579266117
-8.413760299157927
-11.590353222018637
-10.2085494139775
-12.300069408909714
-8.80137203513727
-14.134539428401965
-9.549836906409812
-13.113888086995225
-7.637288386177411
-6.538223227645177
-6.3363695730587795
-12.938969819809373
-13.477661027800089
-6.452264782668172
-8.90523980693201
-7.865628985484999
-14.551037689985037
-13.664190593440683
-14.686255001175198
-12.147330469307988
-10.329072902700236
-9.258305429544805
-14.095009217744623
-7.226894193088706
-9.48666935232379
-8.889467045575401
-11.822246848874448
-8.794685667468853
-11.537799886486564
-9.799326487763112
-10.135907986705378
-10.798452207263272
-6.846869408909714
-10.82365063424592
-9.639323178573704
-8.923010002350397
-11.23912470698875
-10.381953945680198
-8.849839224266987
-9.69829690861232
-13.307770296720342
-11.349566375320755
-12.04970700255306
-12.300069408909714
-7.32311737166241
-8.67949245450835
-11.727188386177412
-12.790415029752404
-10.635144193088706
-9.138686552415505
-12.001419462691285
-9.69829690861232
-9.713428979618095
-10.9064
-12.261472699117233
-10.577249221733092
-10.762155777051603
-8.958288426804002
-7.699669573058779
-10.893652805084155
-9.304194889606276
-8.86050419461533
-9.232018093517587
-11.96436656216909
-10.28494640328543
-9.195086993792662
-6.708552207263272
-10.969513045928004
-9.258898572557625
-10.085611613822588
-11.859305806911294
-9.514212628577953
-10.9064
-9.32814816410701
-8.179341498155141
-11.208846400351979
-13.336504138853181
-7.699669573058779
-10.430243281495112
-10.822868206818534
-7.446591227686604
-8.417473303776589
-9.246604138853181
-10.404979010020735
-10.61483820029617
-12.524755220888794
-7.232844732293866
-13.518948138768906
-10.427588224831908
-7.4318545548474795
-11.859305806911294
-10.234378062690732
-8.129594857522465
-8.017192123147364
-9.530474167297706
-14.451429514464966
-6.074772035137269
-12.696893741335046
-8.390977842048564
-7.699669573058779
-8.846161700781412
-8.586516669603132
-9.341139937470547
-8.332880726057613
-9.323107002553058
-13.710373597186177
-9.357720025251046
-5.887763821085861
-8.551794779814246
-7.209393204648144
-6.912723178573704
-14.842796951915883
-13.512967393264695
-11.439802069426591
-9.536079034556472
-8.76271006146104
-11.824437689985036
-10.22772526960258
-14.551037689985037
-6.262263772014388
-7.769405806911294
-14.086361389325125
-12.365923178573704
-11.495070589579464
-12.75578096614638
-11.751358014174567
-11.78956957305878
-11.057623200175989
-8.700042710387656
-8.575613628477319
-8.269210357157608
-7.942726669215034
-10.475285486782283
-13.727026073826423
-14.260676103631635
-6.82245053920516
-12.506812221477963
-7.3893810227323025
-14.190501621240772
-9.567269627997156
-11.991423227645177
-7.455234792396293
-12.623663545412496
-11.802875159235086
-12.114361027800088
-9.875915809261691
-9.024758014174568
-8.1798
-10.361053231515669
-10.361053231515669
-7.080734841467766
-12.982540593440683
-8.150912628577952
-7.634479158876101
-12.524755220888794
-10.296789455871153
-11.889675215821008
-13.525052207263272
-13.852697034597899
-13.023389455871152
-10.413256441157214
-11.042751045876413
-11.72435323151567
-8.04815642776454
-13.965815809261692
-10.217729034556472
-10.363888386177411
-14.408221780322052
-11.7348656224768
-13.023389455871152
-14.529475159235085
-11.921686993792662
-12.692055684097127
-12.908434792396292
-13.87901575267577
-14.503156441157214
-8.14809992178136
-7.109159835929821
-10.181834792396293
-8.566972641622678
-6.878881186881368
-13.695381186881367
-12.029634786529389
-8.768470589579465
-12.982540593440683
-11.451730664299598
-9.897063545412497
-10.974609254349279
-10.565567591412101
-8.588786731975965
-8.1798
-9.406781951308531
-8.955021780322053
-11.495070589579464
-10.701867511525599
-10.015875379970073
-11.39248096614638
-13.986963545412497
-10.363888386177411
-11.495070589579464
-14.503156441157214
-11.727188386177412
-9.646330049311835
-10.628123227645178
-9.771440599307587
-13.39293478652939
-11.110901044769978
-9.134098817458387
-13.103561637934298
-9.049956441157216
-7.614066834711383
-9.406781951308531
-10.361053231515669
-12.33869660394099
-13.57656935232379
-8.512615809261693
-13.976295262782447
-11.406092454508348
-14.557018435489248
-14.06756382108586
-14.682128985484999
-12.2697
-9.953494193088705
-9.134098817458387
-11.04596498644374
-14.557018435489248
-13.66963479718753
-14.307629034556472
-12.680094193088705
-10.164672035137269
-13.57656935232379
-10.849969352323791
-13.433783648959858
-14.888352207263273
-7.18827572341787
-14.271734792396293
-8.861445817325126
-8.316128684206275
-8.311917420733883
-9.886395262782447
-6.8854966039409895
-12.380020836663698
-10.565590855088008
-10.838214075125967
-10.236526602795735
-7.848466228225974
-14.9963
-8.123369352323792
-7.865628985484999
-7.30258096614638
-8.374298607615252
-9.343883648959858
-8.818534792396292
-8.578469578925683
-7.9584723936161215
-10.592228985484999
-10.798452207263272
-13.633
-14.221670589579466
-14.756234786529388
-7.7997752158210085
