-8.311771519785424
-12.100096509895087
-10.496005806911294
-7.611793996345721
-12.869823393926305
-12.025713711542139
-7.831786993792662
-10.085611613822588
-11.316794193088706
-8.722311613822589
-10.694343656923499
-10.942766120591093
-12.064502903455647
-11.288868138175514
-10.511307391080873
-11.558492103186897
-11.495070589579464
-10.496005806911294
-9.101005728692655
-9.557070331409747
-12.029634786529389
-8.454241965720897
-8.955021780322053
-8.533763545412496
-9.713428979618095
-9.11808596122269
-10.551552485304192
-8.412510166499462
-11.516128982551546
-7.556601996960563
-9.953494193088705
-10.255940593440684
-8.242181186881368
-12.524755220888794
-13.433783648959858
-10.479805220888796
-9.793648667270386
-11.095466586704827
-12.891272035137268
-11.052245009038163
-8.67949245450835
-12.667636713018103
-9.419290020123103
-8.712035027327651
-12.270500462683884
-11.361327345829222
-10.712661130515215
-9.178864782668171
-9.076275159235085
-11.051519131681623
-10.5668206058771
-8.062065642841116
-11.802264143881768
-8.208924248267447
-10.015875379970073
-10.496005806911294
-8.104824141977321
-8.603970934370901
-8.517832351087758
-8.63956224806851
-11.379175379970073
-11.076728979618094
-11.260363545412497
-12.317811589286851
-11.52797203513727
-11.316794193088706
-11.275934805091275
-10.752817928111565
-10.792348138768904
-11.204763068943244
-11.157972394439895
-10.76606140047216
-10.363888386177411
-10.152828982551547
-10.14256077979353
-8.308639908473175
-8.43942724103774
-11.217092992038468
-11.123681910542931
-10.307555618096602
-9.879806910437395
-8.760523172706801
-12.052863664010907
-12.310416621578048
-11.814997949564805
-9.478227811596543
-12.533934841467765
-8.407428573458278
-10.063720505574318
-8.145300513884537
-10.87630677422802
-10.173191227686605
-8.707691768133984
-11.68777661394277
-8.707691768133984
-8.47245983592982
-9.323107002553058
-8.487201020622267
-8.955021780322053
-9.639323178573704
-8.421347250958277
-10.747892005698683
-9.00058838617741
-9.573469408909714
-10.48138596122269
-11.041580215308445
-11.121671998131259
-11.45640661753168
-7.948989640490776
-10.52983960392581
-9.63120395314614
-10.173191227686605
-8.502318616375648
-8.882854029018526
-8.67949245450835
-10.413256441157214
-8.323124196959197
-10.628123227645178
-8.809891227686604
-10.542164782668172
-11.047689335302778
-8.768470589579465
-8.737301621240773
-8.923010002350397
-8.892640593440683
-9.639323178573704
-10.601963579627572
-9.923357716933292
-8.168075385836978
-7.49670590781854
-10.545373861891099
-9.913254345255144
-10.221072476514426
-10.13333055045108
-11.322836600087994
-7.789758272919277
-8.507444827334627
-8.342286829643596
-8.182767794019354
-10.257841318002907
-9.323107002553058
-8.544627587233347
-7.6689055798844254
-11.246970257611022
-11.925364517278236
-8.43913990049962
-8.153154056174202
-9.678192690336463
-10.537511049505435
-8.67949245450835
-10.255940593440684
-11.133080694662562
-9.833828899808488
-10.159509480917844
-10.732393496896332
-8.301872801785427
-8.412038832195519
-11.038517420733882
-8.827306414566667
-8.458076772354822
-9.713428979618095
-8.707691768133984
-6.9705205298746264
-11.184392713321106
-12.19662032418953
-12.008072255779439
-10.469544980498041
-9.845546400351978
-8.170984844601623
-9.721592718629424
-8.350128979618095
-7.949685838705675
-8.646033062937358
-8.283030049311837
-8.107438157999054
-11.069708014174566
-10.36683973457812
-8.892640593440683
-8.1798
-8.561306821666658
-9.387761027800089
-9.037223183364942
-10.686407002553057
-8.304562373762737
-8.614363821085862
-7.798219173750134
-8.590194193088706
-8.55013528897046
-8.523095262782446
-8.566972641622678
-9.956319986882207
-10.473222503983616
-10.72588693094555
-10.063815029752403
-11.585162962521068
-8.23239462245921
-8.040619986569713
-12.531455500426148
-11.417405511545194
-12.499321542961738
-11.981178987397493
-9.788672474471289
-7.865628985484999
-9.993494388576458
-10.75815206942659
-8.243739474350939
-9.365195904813984
-10.240753833181621
-7.831786993792662
-10.645078237030027
-10.707183648959857
-12.524755220888794
-11.757412021258371
-9.588852717574406
-8.566972641622678
-11.125537946927306
-7.444449910100554
-8.192971039268063
-10.878184676161895
-11.150789172574882
-11.663507494486574
-10.994539759411627
-11.612734027489902
-8.162299011559439
-7.7211044448443
-8.242181186881368
-10.716059952177828
-10.124719216508673
-11.711057876337884
-10.937261846229122
-10.343371511173581
-10.28717541297101
-11.859305806911294
-11.619240593440683
-11.445470115716802
-9.227190148208233
-11.208846400351979
-8.902591645616969
-8.902591645616969
-10.742814136027775
-12.204827811596545
-12.499673458024596
-11.56622500171027
-10.441417275800225
-11.340963821085861
-8.659190797029694
-9.211766228225974
-8.176847008007353
-10.311654368491958
-10.886873420747692
-12.09487231236536
-11.09998632081134
-11.52797203513727
-9.28362079588444
-10.36953099705481
-10.17872689932236
-10.364362424442975
-9.690207428152068
-10.340666834711383
-10.44150302538634
-7.175870648446253
-7.767927469895611
-8.064497160292126
-9.953494193088705
-11.379175379970073
-11.978753779816682
-10.41312347400059
-8.071093262849073
-11.368409217744624
-10.710601687575279
-6.574464489645619
-8.78223095238707
-8.953763560341951
-10.268177450952535
-7.098412026124695
-10.607091600372415
-11.206107238001556
-11.298429432390432
-10.434721987698628
-10.729122338379973
-10.085611613822588
-11.753299299960172
-10.085611613822588
-10.160344228787473
-8.364720128393598
-10.671042829578246
-10.978439455871152
-12.899791227686604
-13.729223178573704
-11.90546478266817
-12.240812628577952
-12.572146400351977
-6.855228671534123
-11.038517420733882
-11.379175379970073
-8.029033047949033
-12.420923200175988
-11.898836017568634
-12.680094193088705
-7.947682203402054
-9.30303478652939
-8.358076396490759
-8.3994970345979
-9.615139455871152
-8.808177554515808
-7.5723077896771045
-8.25886042131468
-12.27568074550421
-10.965812130954902
-11.390599420473215
-7.943695160273546
-8.97282984954379
-8.912712809464354
-9.387761027800089
-9.024758014174568
-8.74494138746106
-10.888035239301727
-12.092015973410756
-10.400523183364943
-11.152483721183378
-11.375197324819059
-12.029634786529389
-7.2522985945619265
-12.590763224938147
-11.434467928111564
-8.590194193088706
-9.365415973410759
-10.698257239016709
-11.253113301397867
-8.672647595993743
-8.482246400351977
-8.374298607615252
-8.790477237041657
-10.88361669707232
-12.335758710366942
-10.305092658927032
-10.184272699528215
-6.906962130633339
-8.146014396944427
-11.038517420733882
-12.186950634245921
-10.107095211940798
-10.788745211940798
-12.48314978697973
-7.911444356610808
-9.830926554663375
-11.29787349451139
-10.467118435489247
-12.16072608202935
-9.39645860797599
-11.448911613822588
-10.375849877185832
-7.399596216633772
-7.6115220773189876
-9.592135969345676
-10.817613224733098
-11.093246247678296
-10.456244407773958
-11.115887706825653
-10.71267161560107
-11.35734113113442
-7.332950375056094
-12.47990667989424
-12.21444604880615
-10.443950015662953
-10.907141018743832
-12.126884090337015
-10.816520388986023
-10.545534357773043
-7.982044169970947
-10.294345187405064
-11.669293414821798
-11.69363892102428
-11.805331910542929
-10.276012809464353
-6.661161027800089
-8.873226602795736
-10.436169603461419
-10.66633478652939
-10.164672035137269
-10.432922366146933
-11.641078090983694
-10.167293565717802
-9.874552210196725
-10.140326528934786
-11.20274233185761
-8.605791767176088
-12.200130806911295
-10.826688089928677
-12.524755220888794
-12.480877842048564
-11.991423227645177
-8.89382846575818
-10.989731998332386
-11.83118807645468
-12.2697
-10.363888386177411
-11.316794193088706
-10.666295026574831
-10.583398189968419
-10.945085597149777
-10.424520458170743
-10.39157877630998
-9.56608349149855
-10.607575473439788
-11.786226131100824
-9.490548022867907
-7.959807002553058
-7.405170589579465
-10.735322712131264
-11.85132822319404
-11.260854983747251
-8.005163280802966
-12.006534236379522
-10.496746825655128
-10.473568036146174
-11.055166448868144
-7.944003011378578
-7.375521708512663
-9.771440599307587
-11.913377864914361
-11.54731957599223
-10.728715973410758
-8.850740090117073
-8.492197452528265
-11.12522779830429
-9.401584387220742
-10.903422730444056
-8.290120836663698
-9.454822252047089
-7.549412809464354
-7.491129034556471
-7.187388887577579
-11.361327345829222
-11.69363892102428
-10.300147657989895
-8.315629493502634
-10.157320855678922
-10.61483820029617
-8.776526137886488
-7.637288386177411
-10.53469140406107
-7.027677842048563
-10.255940593440684
-12.161752207263273
-9.103818435489247
-9.845546400351978
-9.343883648959858
-10.916651067945425
-9.776216531468679
-10.9064
-8.912712809464354
-10.07776065488449
-10.805210145738286
-9.858360211049938
-10.609089731644668
-10.844611183020149
-9.379146619008207
-10.03767510807777
-10.789342662867274
-8.390977842048564
-8.071852207263273
-9.362010338832226
-7.7843958143294785
-10.165397912493809
-10.707183648959857
-7.611793996345721
-9.600947609251104
-11.720167420733883
-11.571359344612862
-10.72460260427346
-10.407163793616672
-9.626179853256176
-11.133718018554765
-12.126884090337015
-11.715577610444397
-10.669908715251232
-12.029634786529389
-10.24432981770767
-8.873534813998578
-9.605481186881368
-9.410982579266117
-10.658492636554891
-12.180857986705378
-9.543099999999999
-11.396096375816242
-10.576762719021154
-9.80272724103774
-10.969696293741709
-10.41626924657936
-8.830851776460833
-12.240812628577952
-11.260363545412497
-12.2697
-9.206712937233487
-11.727188386177412
-13.139856441157216
-11.576439224266986
-10.681865935533544
-11.521991289633059
-10.857527095639686
-7.637288386177411
-8.902591645616969
-8.977366834711383
-8.170984844601623
-8.334547194372355
-12.16072608202935
-11.255183097266992
-9.00058838617741
-8.652575379970074
-12.102346289984485
-11.811564495138118
-10.358258355948607
-11.08230722766589
-10.042712412103214
-10.246154029018527
-10.04971737166241
-9.387761027800089
-8.912712809464354
-8.131498637933005
-9.478056354642419
-8.076806827533563
-8.818534792396292
-10.265891645616971
-9.024758014174568
-8.507444827334627
-8.633161389325126
-8.912712809464354
-8.378424573212587
-8.200893913718406
-8.416912221477963
-8.086613933302838
-10.453186647597056
-6.79613182112729
-11.497239567761985
-7.812373003147715
-8.944157738501202
-9.647473439616782
-11.934763301397869
-12.00685148360171
-9.573469408909714
-8.912712809464354
-8.311917420733883
-8.210169408909714
-10.608710440326172
-10.158691289633058
-9.953494193088705
-8.354089353362252
-8.120684206373793
-8.047682579266116
-8.722311613822589
-10.887063032077897
-12.388143240600566
-9.410982579266117
-8.80137203513727
-9.246604138853183
-10.363888386177411
-10.318553760739235
-10.686407002553057
-8.80137203513727
-8.282325618928706
-10.88361669707232
-11.781636320811339
-11.823780560228888
-12.767318353414716
-8.79297368627999
-11.429228201351188
-10.71083096614638
-10.31408829073937
-10.859921107340728
-10.729692188091233
-11.409869142717355
-10.897075234341457
-8.746481241819746
-10.64692079588444
-11.84468596122269
-11.77880341083333
-10.653209752591493
-9.281713954728417
-11.002623178573705
-9.105229815578754
-10.657712059610873
-10.30961860089527
-8.102221616172987
-8.182767794019354
-11.685299303807625
-12.241484676161896
-10.593769510211665
-10.634257412095337
-8.084317376453647
-10.255940593440684
-10.968781186881367
-9.037223183364942
-9.713428979618095
-8.67949245450835
-12.365923178573704
-11.670757738501202
-12.114361027800088
-12.72946224806851
-11.260363545412497
-11.249789677337095
-11.844509906008707
-10.872322369080385
-11.266549558036507
-11.95655511071892
-11.844509906008707
-11.097153410833329
-9.037223183364942
-11.366302185123153
-7.1984970777265325
-11.492701420754596
-10.66633478652939
-8.590194193088706
-10.512270676910369
-9.690645676690416
-10.849969352323791
-12.2697
-7.948989640490776
-9.076275159235085
-7.7843958143294785
-8.544200996631869
-8.252035683053156
-7.894168180674031
-7.197878285007727
-10.512541335243478
-11.233852382015634
-10.286310002350397
-11.955528985484998
-10.2085494139775
-13.37352079588444
-11.108065800196151
-8.363297405297683
-11.208846400351979
-11.153164265928119
-10.785171835736973
-8.338404365455073
-12.064502903455647
-7.457852661070248
-7.886903381956573
-9.09403187106709
-10.66633478652939
-7.972393813458204
-9.42832456425194
-11.065004365455072
-9.30303478652939
-9.847145197154845
-11.545134792396293
-11.058710663469121
-10.203216523877433
-11.41404349689633
-10.033887708411916
-11.431574608617257
-12.2697
-10.542164782668172
-9.656998331941887
-10.78765300705625
-12.192030513900043
-10.496005806911294
-12.623663545412496
-11.765031772706248
-11.161455220888794
-8.385924551056076
-8.533895690513297
-11.269936009110939
-9.799947365778394
-10.552003802227325
-8.614363821085862
-10.181834792396293
-9.897063545412497
-8.737301621240773
-8.47245983592982
-8.23239462245921
-8.194790007418185
-9.639323178573704
-8.768470589579465
-9.908333952202561
-9.641874526542725
-10.128117094082508
-12.064502903455647
-11.534076103631637
-10.367510259969176
-10.517728240729099
-10.864231731561633
-11.256190014453699
-11.39248096614638
-8.729759179532445
-8.25886042131468
-10.093059179532446
-7.831786993792662
-10.340666834711383
-10.467118435489247
-8.74494138746106
-10.296789455871153
-11.702220299653792
-10.499346908196518
-10.100601621240774
-10.849969352323791
-10.952668410305625
-11.461825290647019
-12.293420260495687
-9.332483240995359
-9.834648108316888
-10.855376455357547
-9.397736738620328
-11.501409014194628
-11.669839248727289
-10.946112964072924
-8.694533940469228
-8.799538550519735
-8.847006314288976
-7.303928119553915
-7.883304138853182
-8.24879660394099
-9.95031413684529
-7.564926544176465
-8.984238172962446
-8.537672459489025
-7.7997752158210085
-10.459988668395546
-10.71761637022891
-12.452992241838668
-9.718688776857618
-10.822767758873129
-10.282871320939527
-12.0358986203113
-12.085574371648445
-8.382579493191285
-11.925364517278236
-11.661603714076033
-7.640851528328553
-8.390977842048564
-12.439450628458303
-11.859305806911294
-11.54453530227967
-8.712968394856585
-8.123369352323792
-10.312821788386957
-11.612647159861083
-12.217135628870142
-10.292575390628215
-10.363888386177411
-7.472909945764476
-10.524226311439318
-9.602825151262
-11.988054236583142
-7.7843958143294785
-11.972389731644668
-7.431343852880244
-10.394290598769754
-10.790701365622482
-11.975660890161027
-10.707813118657247
-11.800577001034949
-12.66452489068472
-12.557702714640953
-9.277074319953133
-10.715516361607854
-11.985696998172859
-11.800459180710494
-10.199509945764476
-7.426845171039022
-6.840669627997156
-6.771481864463787
-12.070483648959858
-7.9350170431045
-10.936769408909713
-9.83575983592982
-12.951401988632712
-12.2697
-12.2697
-9.415738216618324
-9.153799720629701
-10.769564835841226
-11.042751045876416
-12.13333492214395
-7.421392800703957
-9.361046406218883
-11.208846400351979
-10.662400727755221
-10.523267210431174
-9.589258975756877
-9.406264835841228
-10.871900513884539
-9.855497452528265
-11.95655511071892
-12.08790260427346
-12.538743815297913
-13.49663492214395
-11.117577842048563
-11.921686993792662
-9.605481186881368
-7.591721780322053
-9.087139201055935
-9.178864782668171
-9.584190623843323
-10.467118435489247
-6.418067297919715
-9.195086993792662
-11.316794193088706
-10.413256441157214
-12.666309833264245
-10.296789455871153
-11.58102903455647
-9.618786773057675
-9.907927587233347
-9.406781951308531
-9.729431944797781
-7.4572512728272855
-8.293698331941886
-8.607008774114716
-7.242005663973759
-9.272270793355036
-8.33301133445229
-9.930272641622677
-11.368034475042382
-10.849969352323791
-7.529340593440684
-9.246604138853183
-7.5611660071840205
-7.279230042087862
-10.181834792396293
-11.315374918736264
-10.849969352323791
-11.170634841467766
-9.387761027800089
-10.4477044448443
-11.179019974542472
-8.96832736649836
-8.396928381253725
-8.963858864780866
-9.103818435489247
-9.007736243621098
-9.178864782668171
-9.132705806911295
-11.4517306642996
-12.2697
-9.745879493191284
-9.28745300128365
-8.784692800703956
-10.955768054979803
-11.4517306642996
-9.543099999999999
-9.073590013285088
-7.752767690132583
-9.387761027800089
-10.545373861891099
-9.413355623193087
-10.38070296720342
-9.559305764862156
-12.401817420733883
-10.558386993792661
-11.889675215821008
-12.406051045876415
-9.43367387024759
-11.540970227844486
-12.406051045876415
-10.496005806911294
-9.352402841509193
-8.854429034556471
-8.462832409707032
-7.052552739536116
-10.628123227645178
-11.239215809261692
-11.315374918736264
-11.579181689322438
-9.17408354268392
-9.103818435489247
-12.13333492214395
-10.085611613822588
-10.689592127722634
-8.808177554515808
-12.13333492214395
-8.507444827334627
-9.103818435489247
-12.401817420733883
-9.11808596122269
-10.548643237821011
-12.460004955654092
-8.99775323151567
-11.62244759796279
-7.767899855979014
-7.614066834711383
-10.181834792396293
-10.94936719623642
-9.37948457014197
-8.524153482308439
-7.926078445800656
-7.579352556767999
-8.931378674073404
-7.26088944721207
-9.983863601998419
-10.363888386177411
-11.109179493191284
-10.390530141637402
-11.802875159235086
-10.439575159235085
-11.859305806911294
-10.363888386177411
-9.406781951308531
-11.208846400351979
-9.319037751709077
-6.509335856223131
-9.907927587233347
-11.778877795908095
-10.633700100907244
-11.315374918736264
-12.406051045876415
-10.707183648959857
-12.161259223246617
-11.546181476457516
-10.797959223246616
-12.2697
-12.23214482127946
-8.8380068323248
-12.13333492214395
-11.4517306642996
-10.334290220075156
-12.678674918736265
-8.416029188253614
-7.1189464003519785
-10.224801988632713
-8.970574328083913
-9.417651218822712
-8.892640593440683
-11.068886829643597
-12.171788315275109
-9.440106827533562
-8.031793303145026
-12.480877842048564
-11.464661664876717
-11.831973180132046
-11.72577080884654
-9.257468180674032
-9.907927587233347
-12.691176635102815
-11.315374918736264
-12.679384555912485
-11.239215809261692
-11.91654829027759
-11.316794193088706
-9.667862373762738
-9.30303478652939
-11.588101988632712
-7.7997752158210085
-11.208846400351979
-11.615306534666518
-8.7251157920004
-9.096072373337506
-10.496005806911294
-9.941769578925683
-12.2697
-10.246154029018527
-8.061580535343943
-7.995573656378042
-7.614066834711383
-12.851741824479928
-7.112859699861314
-7.87741731363048
-11.751358014174567
-9.679451045876416
-9.94003736099664
-8.4842232758686
-8.609450318470172
-9.727812043193094
-12.8150306642996
-8.074324334726109
-9.771440599307587
-12.542319974542472
-13.08765323151567
-9.679451045876416
-10.984784152061057
-11.955528985484998
-10.16636609542655
-10.818524423286942
-10.152947420974247
-10.232719041974658
-10.292575390628215
-8.725279407841942
-9.374253057869572
-8.452457508135764
-11.002240319761952
-9.952074918736264
-10.361053231515669
-9.037223183364942
-11.776556441157215
-10.183578751439738
-10.628123227645178
-9.420532361574669
-8.933489455871152
-10.047492573677088
-7.841738045968949
-10.02918096614638
-10.413256441157214
-7.629524145758546
-9.508600513884538
-9.010138168485962
-9.500831863217089
-8.892640593440683
-7.712975159235086
-8.712039941903257
-11.849900698965259
-7.757971496096661
-7.124996623649837
-6.855469898619236
-6.599782660519296
-10.7493144927425
-10.205052738176132
-11.042751045876416
-10.224801988632713
-9.771440599307587
-10.94936719623642
-12.8150306642996
-11.72435323151567
-8.942008648420488
-12.13333492214395
-9.076275159235085
-9.185300429370505
-10.340666834711383
-10.955768054979803
-10.496005806911294
-11.038517420733882
-11.901888051815817
-11.619240593440683
-9.965455684097126
-10.363888386177411
-8.925716867509514
-11.859305806911294
-11.619240593440683
-8.1798
-10.115669486988637
-9.815719974542471
-8.590194193088706
-10.413256441157214
-10.236526602795736
-10.724346406218881
-10.056724242400541
-9.215159209816331
-9.024758014174568
-8.578469578925683
-9.078972538238466
-10.255940593440684
-7.294468868049082
-12.656809149406925
-10.798452207263272
-10.526375215821009
-10.199509945764476
-12.542319974542472
-13.633
-13.22408784439896
-8.11270106969374
-12.812211613822589
-11.633735982099592
-10.707183648959857
-8.861445817325126
-12.406051045876415
-10.439575159235085
-11.52797203513727
-10.496005806911294
-9.58606719623642
-12.406051045876415
-11.293572641622678
-12.2697
-8.603365232356769
-7.989102841509194
-9.00965700335003
-10.461506320795833
-7.882945415020834
-8.649949771821642
-8.316128684206275
-10.497487844398961
-8.861445817325126
-10.280110221437841
-8.825541663134425
-11.086361717180543
-10.224801988632713
-10.015875379970073
-8.869419041974657
-11.72435323151567
-12.117106365869875
-12.06774741985586
-11.479125254860469
-10.728935341211525
-11.860787844398962
-11.860787844398962
-9.153799720629701
-9.573469408909714
-12.2697
-12.2697
-10.388058014174566
-9.930272641622677
-9.343883648959858
-11.409363744517835
-12.029634786529389
-13.222605806911293
-9.605481186881368
-10.224801988632713
-10.670295160273547
-10.498981076513875
-10.628123227645178
-12.070483648959858
-9.754277842048563
-10.388058014174566
-13.905619974542473
-11.315374918736264
-10.333874328083912
-11.042751045876416
-9.543099999999999
-10.0884306642996
-11.055789025068712
-12.787710517374318
-13.769351045876416
-11.315374918736264
-12.542319974542472
-11.997000100907245
-12.117106365869875
-12.406051045876415
-11.577717214432525
-9.378721559587065
-11.727188386177412
-10.231353681960096
-7.0806423371839795
-9.103254824149992
-11.117577842048563
-12.542789501736202
-12.678674918736265
-10.361053231515669
-10.070991768133984
-9.543099999999999
-13.317724750660885
-10.02918096614638
-10.152947420974247
-10.224801988632713
-11.448911613822588
-6.894343692263437
-11.619240593440683
-12.029634786529389
-11.588101988632712
-10.75106102780009
-7.197668590485121
-9.06296957305878
-8.614363821085862
-8.14250880302831
-6.869677276598913
-11.271227587233346
-10.849969352323791
-12.678674918736265
-11.100898607615251
-12.2697
-8.350128979618095
-10.897649505779718
-8.443110448356995
-9.912108760408435
-11.338501972768977
-12.2697
-11.552141663134424
-11.258214455331782
-9.953494193088705
-9.48666935232379
-8.529473137745732
-8.602155684097127
-11.340963821085861
-10.585304068330938
-10.56168546286511
-10.309614657706964
-9.954679526151631
-10.344102503836915
-12.406051045876415
-11.448911613822588
-11.316794193088706
-8.628090063526527
-12.06501119075186
-11.88889719478557
-10.0884306642996
-12.2697
-12.542319974542472
-10.318321780322053
-12.406051045876415
-13.08765323151567
-9.618786773057675
-8.861445817325126
-10.363888386177411
-9.073590013285088
-11.830418435489246
-12.029634786529389
-6.836429318935719
-8.395605414546608
-10.00286224806851
-9.30303478652939
-9.625553402905037
-7.203672641622678
-9.97766382108586
-9.653420836663699
-10.503500810620388
-10.388058014174566
-10.147992800703957
-9.27603000387049
-10.707183648959857
-8.343066386921691
-10.217729034556472
-9.952074918736264
-8.861445817325126
-10.361053231515669
-7.567026098387865
-8.008288055618383
-8.468590059623246
-8.522038931249476
-9.232422055600178
-8.564699803257016
-11.562809945764474
-11.802875159235086
-10.276012809464353
-11.271227587233346
-9.2394706348845
-12.704263821085862
-13.477661027800089
-12.788080084311689
-13.354723227645177
-12.680094193088705
-10.02918096614638
-11.889675215821008
-12.114361027800088
-7.9330623577134505
-10.468673180132047
-10.318321780322053
-9.00058838617741
-11.29787349451139
-8.929275390628215
-12.982540593440683
-11.316794193088706
-8.952177896164816
-10.439575159235085
-9.83575983592982
-11.427158005267263
-7.258886235600376
-12.2697
-10.439575159235085
-11.08467639649076
-11.042751045876416
-11.315374918736264
-11.997000100907245
-10.147992800703957
-9.865618616375647
-10.085611613822588
-12.096919338058187
-12.406051045876415
-12.951401988632712
-9.499376885265747
-10.164672035137269
-7.635869111824969
-8.729759179532445
-9.865618616375647
-8.869419041974657
-10.64692079588444
-11.053507428152066
-10.592228985484999
-10.955768054979803
-10.3615248155049
-8.914757970969998
-8.683637677978384
-12.812211613822589
-13.279554972882238
-10.08857940784194
-9.971528287763533
-10.92741313742003
-8.43942724103774
-9.027230141637403
-10.115981022732303
-8.393520753618983
-10.798452207263272
-12.13333492214395
-8.977366834711383
-11.830418435489246
-10.41158233584608
-13.169413491832223
-11.859305806911294
-11.002623178573705
-10.94936719623642
-10.542164782668172
-9.886395262782447
-9.816659028929932
-8.099113610783151
-10.44126906898809
-12.041445619172372
-6.403742236238784
-12.982540593440683
-10.147992800703957
-10.176756849135847
-6.497127719234396
-9.401584387220742
-7.221824129708653
-10.296789455871153
-10.340666834711383
-11.39248096614638
-11.921686993792662
-9.855497452528265
-12.680094193088705
-12.13333492214395
-10.834038157999053
-10.507967297919716
-9.109484255445267
-12.283355551297703
-13.431047419855858
-10.558386993792661
-9.875915809261691
-9.246604138853183
-12.942029693335698
-12.407467952223275
-12.317811589286851
-7.382872950395346
-6.957115161727369
-9.394416147198838
-9.132705806911295
-9.717389353362252
-12.401817420733883
-9.24338342193299
-11.353428990276235
-10.930569627997155
-10.517099720629702
-10.707183648959857
-10.019835753714231
-10.628123227645178
-11.859305806911294
-10.9064
-10.181834792396293
-11.448911613822588
-12.951401988632712
-10.060968516254276
-9.455224423286943
-7.557015456242154
-9.132705806911295
-9.129752814918648
-8.890670296556914
-6.967720654270167
-9.646330049311835
-7.712975159235086
-10.439575159235085
-7.109159835929821
-9.953494193088705
-6.42231157177345
-9.22200406833094
-8.043467842166917
-7.06719904918029
-7.767927469895611
-13.551281224005136
-12.2697
-11.562809945764474
-11.170634841467766
-9.711065408945585
-11.161455220888794
-10.900508671122124
-10.877512628577954
-10.56168546286511
-10.545373861891099
-11.619240593440683
-12.623663545412496
-12.403934233305149
-10.015875379970073
-10.558386993792661
-9.310982203402054
-12.491820332646919
-10.837982417920612
-11.763957227665891
-12.161752207263273
-10.02918096614638
-6.374405728692655
-11.495070589579464
-12.2697
-11.4517306642996
-12.812211613822589
-9.508600513884538
-8.33418192990468
-10.9064
-11.991423227645177
-10.982086773057674
-8.32985615807705
-11.682500228544047
-10.199509945764476
-11.208846400351979
-10.628123227645178
-10.9064
-10.75106102780009
-11.1260970345979
-12.13333492214395
-10.497487844398961
-10.592228985484999
-11.100898607615251
-10.100601621240774
-12.519546227254175
-8.408140599307588
-10.496005806911294
-10.363888386177411
-8.991190194132038
-10.798452207263272
-7.066476126419928
-8.09345763174108
-8.791308217763579
-8.559055588280735
-9.567269627997156
-9.503041095881754
-10.968781186881367
-8.475378857457102
-11.406092454508348
-10.506128943214533
-11.328755684097127
-13.477661027800089
-12.623663545412496
-11.249695262782446
-9.705586829643597
-12.812211613822589
-12.213269352323792
-8.581962649040863
-8.547926056305796
-7.251063821085861
-7.9015232276451774
-10.164672035137269
-10.217729034556472
-10.340666834711383
-10.02918096614638
-7.479767321825086
-9.798155220888795
-9.078972538238466
-11.040373457118257
-8.836209945764477
-11.053507428152066
-10.496005806911294
-6.3131480215927525
-11.955528985484998
-11.161455220888794
-12.045138205044687
-13.004994886305122
-10.9064
-12.312667196236418
-9.780212221477964
-10.888899011559438
-9.930272641622677
-10.722818947376524
-8.843430445827378
-11.379175379970073
-10.9064
-10.558386993792661
-9.492076455357548
-7.831786993792662
-8.502318616375648
-8.549029642211847
-9.04738778781304
-9.907927587233347
-11.208846400351979
-10.971656797559058
-10.38818138856001
-8.880915979277662
-10.255940593440684
-10.413256441157214
-9.762797034597899
-10.968781186881367
-9.690207428152068
-9.27043745689118
-9.112337628038585
-11.316794193088706
-9.406264835841228
-10.662400727755221
-7.351656566851442
-5.864779526151632
-7.936585451087032
-9.407205381975759
-9.57847640422247
-9.381869698922213
-11.751358014174567
-10.538973003147715
-11.096027794140367
-12.680094193088705
-11.72435323151567
-9.742841393634507
-9.232746037680794
-10.02918096614638
-11.681621780322052
-12.963126602795736
-9.930272641622677
-12.24136321051804
-11.066774327276908
-9.55433646068087
-12.127259975499223
-10.874444847321248
-12.567657816541026
-9.144667297919716
-9.401584387220742
-9.754277842048563
-9.97766382108586
-10.9064
-7.7997752158210085
-12.13333492214395
-12.406051045876415
-12.2697
-12.2697
-11.117577842048563
-11.619240593440683
-12.2697
-10.9064
-9.30303478652939
-11.448911613822588
-9.845546400351978
-11.054266983954992
-10.263888010313348
-9.807334841467766
-8.892640593440683
-7.07278619110958
-9.679451045876416
-10.995698261419642
-14.043394193088705
-12.572146400351977
-10.9064
-13.002612809464352
-9.348127922813593
-10.558386993792661
-10.698785300102578
-7.72521133067858
-7.7997752158210085
-10.526375215821009
-10.363888386177411
-13.252975215821008
-13.023389455871152
-12.161752207263273
-11.859305806911294
-11.683101254329706
-10.628123227645178
-13.166175159235085
-8.015421559587065
-13.525052207263272
-8.459974445989554
-8.811609875242233
-8.33763091835987
-8.443110448356995
-9.455224423286943
-10.894675385836978
-11.239215809261692
-10.53579833780879
-10.305308648420489
-10.798452207263272
-9.848514194371331
-10.400523183364943
-9.543099999999999
-10.255940593440684
-9.573469408909714
-10.707183648959857
-10.276012809464353
-10.9064
-9.653420836663699
-9.798155220888795
-11.632012868701475
-10.296789455871153
-7.8761706348845
-8.208924248267447
-11.117577842048563
-11.366162248068509
-11.619240593440683
-9.754277842048563
-6.397582385279439
-7.614066834711383
-9.807334841467766
-8.959423835300552
-5.621165408945585
-9.679451045876416
-7.423534714177655
-7.253907659558403
-8.267722944501168
-7.389069486988636
-9.737598607615253
-10.085611613822588
-10.918577354430973
-8.826090328793725
-10.849969352323791
-9.279813235063363
-12.341905328381522
-8.168075385836978
-7.956143420561657
-11.860787844398962
-9.52298895442956
-6.696344070274538
-8.741873641389718
-9.737598607615253
-11.023897575045279
-9.142556516121967
-10.707183648959857
-11.713146455290355
-7.292415101968416
-8.228524846152636
-9.82613240970703
-9.20503804596895
-8.488196939557138
-8.52733953663618
-7.6589961658576815
-8.282325618928706
-9.952074918736264
-11.860787844398962
-9.126814478033419
-10.501956346116454
-7.844756270009811
-9.279813235063363
-8.867524404622927
-7.733790253232222
-11.174346914236517
-8.625570597311176
-10.131770589579466
-11.379175379970073
-12.472479493191285
-9.543099999999999
-9.44510325943956
-8.235311201455065
-12.2697
-10.278842334791062
-8.910674688115513
-7.980583648959858
-11.042751045876416
-9.815719974542471
-9.815719974542471
-10.413256441157214
-7.90337635487685
-12.114361027800088
-10.96093903690687
-11.928968036180601
-10.250407399048534
-12.78332424240054
-12.704263821085862
-13.044921780322051
-13.139856441157216
-9.953494193088705
-11.239215809261692
-9.845546400351978
-10.912948895665563
-10.147992800703957
-11.038517420733882
-10.340666834711383
-10.97453240823675
-8.014973188746115
-8.488196939557138
-8.511577993628435
-9.123890651512918
-9.88180545249296
-9.952074918736264
-9.865618616375647
-12.2697
-9.97766382108586
-12.13333492214395
-11.249695262782446
-11.406092454508348
-11.588101988632712
-9.697847194372356
-10.318321780322053
-9.378721559587065
-10.051072609585692
-9.493163826952767
-9.86868901392479
-9.80089419416436
-11.860787844398962
-9.816659028929932
-11.859305806911294
-11.860787844398962
-11.860787844398962
-13.360300100907246
-14.041974918736264
-12.13333492214395
-8.492197452528265
-11.889675215821008
-7.330124242400542
-11.921686993792662
-11.076728979618094
-10.555434001800016
-11.314430622416195
-11.493472549021808
-11.260363545412497
-10.98074267788979
-11.355953828504045
-10.95899462245921
-10.035947595993743
-11.370036244444774
-9.567269627997156
-8.847073987585325
-9.455224423286943
-10.592228985484999
-8.640850765807052
-9.378721559587065
-10.296789455871153
-7.803526487084737
-9.348127922813593
-10.00286224806851
-8.042495122474918
-9.034709066350853
-11.315374918736264
-10.361053231515669
-9.406781951308531
-9.816659028929932
-8.358076396490759
-8.058678207634275
-10.224801988632713
-10.497487844398961
-6.933997575045279
-10.236526602795736
-10.707183648959857
-13.360300100907246
-10.4604289013196
-8.643436244444773
-8.784692800703956
-8.561521134729007
-10.290358550658215
-10.008033229995576
-11.619240593440683
-13.633
-10.633700100907244
-10.75106102780009
-11.208846400351979
-9.771440599307587
-11.316794193088706
-10.467118435489247
-12.12384797497202
-8.771679668802394
-11.109179493191284
-12.070483648959858
-7.5091631292313
-6.79613182112729
-10.164672035137269
-10.707183648959857
-11.023897575045279
-10.224801988632713
-9.815719974542471
-12.572146400351977
-8.246804206097243
-10.290479552449735
-9.279813235063363
-8.378424573212587
-12.332081186881368
-11.195874018290734
-10.0884306642996
-9.253824638916084
-7.8569854207753105
-8.820278751439737
-10.558386993792661
-10.070991768133984
-12.114361027800088
-9.807334841467766
-11.511292800703956
-11.681621780322052
-11.228918616375648
-11.031162373762735
-9.20839257996897
-9.918994706973244
-7.2580119572703845
-12.678674918736265
-10.383144511558879
-11.100898607615251
-11.038517420733882
-10.236526602795736
-10.442272538238466
-11.042751045876416
-11.588101988632712
-10.94303479718753
-10.318321780322053
-8.444034841467765
-6.995977763829925
-11.991423227645177
-8.995870642752521
-12.13333492214395
-11.860787844398962
-11.4517306642996
-11.860787844398962
-11.955528985484998
-8.979648431628029
-9.941769578925683
-10.070991768133984
-11.448911613822588
-10.04279245450835
-12.542319974542472
-10.253970296556913
-10.91836149100842
-8.162299011559439
-12.114361027800088
-9.387761027800089
-8.316374709041138
-12.2697
-9.543099999999999
-11.991423227645177
-8.912712809464354
-9.34177286716211
-8.00873139047038
-10.682337751709076
-11.091380702678801
-9.438120001282625
-11.001857460950198
-12.2697
-9.253824638916084
-12.680094193088705
-11.463901621240772
-13.743320836663699
-10.798452207263272
-8.1798
-13.22408784439896
-11.588101988632712
-12.812211613822589
-9.560524023866416
-9.559914581026009
-12.029634786529389
-10.988853402905038
-10.478504818470734
-7.349322118614056
-9.166199622370616
-11.474625111448578
-10.849969352323791
-11.1260970345979
-10.292575390628215
-11.997000100907245
-7.5901887609080685
-7.65850502218192
-8.156009420458286
-9.365415973410759
-9.211766228225974
-10.995698261419642
-10.408130230198237
-10.894675385836978
-9.503041095881754
-12.8150306642996
-12.8150306642996
-10.04279245450835
-10.628123227645178
-10.252006534666515
-10.658492636554891
-11.042751045876416
-11.72435323151567
-12.13333492214395
-11.619240593440683
-10.968781186881367
-11.619240593440683
-11.448911613822588
-11.262820296720342
-12.982540593440683
-9.97766382108586
-11.23714199394647
-11.860787844398962
-10.9064
-10.9064
-10.181834792396293
-10.75106102780009
-10.9064
-8.933489455871152
-9.58606719623642
-9.953494193088705
-10.467118435489247
-9.543099999999999
-11.394845220395641
-12.117106365869875
-9.503041095881754
-8.09602183526043
-8.614363821085862
-10.707183648959857
-8.646033062937358
-10.592228985484999
-8.497236407770163
-9.27603000387049
-11.619240593440683
-10.526375215821009
-9.953494193088705
-10.866341095881753
-10.9064
-9.811978580309448
-10.568338045968948
-9.907927587233347
-10.217729034556472
-9.918994706973244
-10.255940593440684
-11.545134792396293
-10.236526602795736
-9.369818028389258
-13.905619974542473
-10.75106102780009
-10.66633478652939
-9.990128990276236
-9.435152207263272
-9.387761027800089
-10.982086773057674
-9.815719974542471
-7.018487811474651
-11.4517306642996
-10.877512628577954
-10.340666834711383
-10.439575159235085
-6.9528301749580095
-9.900301878009634
-8.884798443466186
-10.02918096614638
-10.58806432352693
-11.889675215821008
-10.115981022732303
-10.467118435489247
-11.830418435489246
-11.859305806911294
-10.255940593440684
-10.707183648959857
-7.159795262782446
-8.659190797029694
-9.57973479718753
-8.722311613822589
-11.366162248068509
-11.290089815173776
-11.448911613822588
-11.465421708512661
-11.710838172962447
-12.951401988632712
-9.953494193088705
-10.798452207263272
-7.2388556840971265
-8.836209945764477
-9.103818435489247
-9.953494193088705
-12.657094535678398
-11.82202008663197
-8.74494138746106
-11.379175379970073
-11.076728979618094
-11.143512221477962
-10.888899011559438
-10.276012809464353
-8.939867330834437
-7.344391768133985
-10.526375215821009
-11.52797203513727
-11.042751045876416
-11.759356809117099
-8.133137975391508
-10.00286224806851
-6.895560421314681
-9.04713153432833
-8.871319761639713
-10.413256441157214
-11.860787844398962
-8.722311613822589
-11.448911613822588
-9.272270793355036
-9.435152207263272
-10.255940593440684
-12.572146400351977
-9.331330380123882
-10.340666834711383
-11.562809945764474
-11.068886829643597
-12.161752207263273
-10.371036243621097
-11.619240593440683
-12.13333492214395
-11.956225952801713
-11.315374918736264
-7.578923206736726
-10.056724242400541
-9.543099999999999
-8.123369352323792
-7.391722780566256
-8.267722944501168
-10.75106102780009
-12.498040599307588
-9.291310172366368
-10.66633478652939
-12.542319974542472
-8.66588096614638
-9.42178733843921
-9.155337577769076
-9.941769578925683
-11.493872866434188
-11.434291768133985
-7.710557980552473
-10.276012809464353
-11.117577842048563
-13.57656935232379
-11.562809945764474
-13.57656935232379
-9.918994706973244
-10.015875379970073
-10.968781186881367
-10.66633478652939
-11.562809945764474
-9.965455684097126
-10.75106102780009
-11.092731944797784
-9.68266498644374
-11.04596498644374
-10.66633478652939
-12.2697
-12.332081186881368
-7.306902690934515
-10.592228985484999
-11.016720836663698
-7.93737121585688
-7.708951993128795
-8.354089353362252
-7.089160323251182
-9.365415973410759
-12.227040990450872
-12.053624982756226
-11.407807688675119
-11.448911613822588
-11.889675215821008
-11.901636706829429
-9.27043745689118
-9.990128990276236
-12.2697
-11.72435323151567
-11.997000100907245
-10.558386993792661
-8.674010251755595
-12.982540593440683
-12.161752207263273
-11.282294706973245
-10.818524423286942
-10.278057970969998
-11.681621780322052
-9.316609558283044
-8.578353497429934
-8.890670296556914
-8.010508056971375
-13.222605806911293
-9.264083597733652
-11.340963821085861
-10.9064
-9.115492302655637
-8.042025781453766
-9.48666935232379
-11.227898678712261
-11.21282010878831
-11.468017393264695
-10.099085426642214
-9.749224551056075
-10.715702841509193
-11.506379298088266
-10.366261430104382
-9.952074918736264
-11.042751045876416
-8.67949245450835
-9.694014988973146
-9.103818435489247
-10.164672035137269
-11.776556441157215
-8.912712809464354
-10.798452207263272
-11.038517420733882
-10.363888386177411
-9.012549877185833
-11.991423227645177
-9.049956441157216
-11.681621780322052
-10.849969352323791
-13.252975215821008
-12.161752207263273
-10.558386993792661
-12.480877842048564
-9.557422403396965
-9.543099999999999
-9.886395262782447
-9.343883648959858
-11.316794193088706
-10.199509945764476
-9.754277842048563
-10.04279245450835
-9.06296957305878
-9.00534402352962
-8.952832965750924
-8.707691768133984
-9.598938869848652
-11.833527924774845
-8.984238172962446
-6.277789835301857
-7.394859602034289
-8.726768902129844
-9.28362079588444
-11.545134792396293
-9.519878448533971
-11.318777706157091
-9.600828710905938
-10.7433687129946
-11.508470474315502
-7.340792525030592
-7.724113372705744
-12.401817420733883
-10.75106102780009
-10.439575159235085
-8.80137203513727
-7.712975159235086
-11.655875390628214
-8.937733729724886
-9.425365642841115
-10.84301314246249
-10.997076780475858
-13.22408784439896
-12.8150306642996
-11.860787844398962
-9.134098817458387
-10.79700702238654
-12.542319974542472
-10.64692079588444
-8.942008648420488
-11.199139405029504
-11.479281022732302
-7.862502745892819
-13.633
-9.745879493191284
-12.070483648959858
-10.33839399634572
-11.562809945764474
-11.511292800703956
-10.707183648959857
-12.46419860761525
-11.889675215821008
-12.716728990276236
-10.388058014174566
-11.58102903455647
-12.013504276689863
-10.496005806911294
-11.340963821085861
-8.444034841467765
-7.93973478652939
-10.94936719623642
-8.963858864780866
-9.845546400351978
-10.164672035137269
-10.253970296556913
-9.973974876646464
-10.38070296720342
-11.860787844398962
-7.893802815857019
-7.893072761920898
-11.315374918736264
-10.798452207263272
-12.2697
-7.8894359343485
-8.444034841467765
-8.703375294576828
-8.729759179532445
-7.912353006935004
-9.646330049311835
-10.628123227645178
-8.290120836663698
-7.857328751412463
-12.2697
-12.2697
-10.497487844398961
-10.0884306642996
-11.4517306642996
-7.886542471450317
-13.633
-8.452457508135764
-9.019844511558878
-9.396940648379061
-8.367756290582538
-11.170634841467766
-11.04596498644374
-8.121756803890287
-9.166199622370616
-11.448911613822588
-10.849969352323791
-11.921686993792662
-6.9050414418012895
-7.844420150973149
-11.100898607615251
-12.436653738536336
-9.991581237439986
-9.907927587233347
-9.343883648959858
-11.18943240970703
-9.72033717963403
-8.64733575579991
-12.345386773057674
-9.568815515758518
-10.277650638447472
-11.050478911742305
-10.617124638916083
-11.1260970345979
-13.360300100907246
-11.044467959939041
-11.997000100907245
-9.264823227645177
-9.58606719623642
-9.076275159235085
-8.528405376108855
-9.543099999999999
-9.592468054979804
-9.592468054979804
-10.00286224806851
-10.413256441157214
-7.359011613822588
-7.980583648959858
-9.72619656151642
-10.203109188867867
-7.549412809464354
-8.955021780322053
-10.318321780322053
-10.542164782668172
-10.069549444236355
-9.865618616375647
-10.301033729724887
-8.208924248267447
-11.252875612419656
-8.861445817325126
-9.990128990276236
-9.00058838617741
-9.268535300413928
-8.683637677978384
-9.667862373762738
-11.219801818616743
-11.406092454508348
-10.38070296720342
-10.484281192748272
-8.094481980901746
-9.31499627753781
-9.406264835841228
-7.539090976688705
-9.012549877185833
-5.989820284944712
-7.478317048798231
-11.660089455871152
-9.470738157999053
-11.639312809464354
-8.5209844809847
-8.74494138746106
-10.147992800703957
-11.316794193088706
-8.912712809464354
-11.619240593440683
-10.31416992729596
-10.272958252385742
-11.52797203513727
-12.891272035137268
-10.75106102780009
-8.084821483480422
-7.136370424218396
-7.138508427919107
-11.445523049215106
-10.82365063424592
-9.653420836663699
-11.955528985484998
-9.543099999999999
-9.807334841467766
-8.173322749582788
-8.25886042131468
-11.117577842048563
-7.954522410193363
-9.780212221477964
-8.331479448301012
-8.62056360199842
-8.564699803257016
-8.015421559587065
-8.1571480240153
-8.224680198440806
-11.117577842048563
-8.806468827017602
-7.86597736658783
-7.955332360616772
-13.49663492214395
-13.633
-8.836209945764477
-8.892640593440683
-9.272270793355036
-10.413256441157214
-8.367756290582538
-8.58430286421083
-7.005188702607018
-10.164672035137269
-7.83211601501101
-8.585476449663815
-8.67949245450835
-7.240549744386408
-7.094208654287392
-12.406051045876415
-10.224801988632713
-10.746524042632496
-10.275808681323328
-9.833725050028757
-10.276217008006531
-10.662400727755221
-11.042229493502635
-9.039942718629424
-10.496005806911294
-7.448137785815886
-13.222605806911293
-10.015875379970073
-11.337911786838678
-12.332081186881368
-7.515491426243164
-12.812211613822589
-9.543099999999999
-7.2388556840971265
-10.228935810781785
-9.024758014174568
-11.4517306642996
-8.563566647567244
-10.276012809464353
-9.953494193088705
-9.112337628038585
-6.552833822255006
-7.54029601170545
-8.285148383117788
-8.479293408359332
-8.851107951991088
-11.562809945764474
-9.435152207263272
-10.318321780322053
-9.415738216618324
-8.077802746468432
-11.353428990276235
-11.018149241861172
-11.649610002350398
-10.64692079588444
-7.685113912276432
-7.860082587387154
-6.514645969549539
-7.614066834711383
-11.997000100907245
-6.184685388187375
-11.316794193088706
-11.776556441157215
-6.4117573944982995
-9.163075215821008
-12.365923178573704
-10.75106102780009
-8.99422827369058
-7.96844456248927
-10.210373987585326
-10.624434283205778
-8.768470589579465
-8.269098261419645
-8.288866684386754
-11.860787844398962
-9.387761027800089
-11.875231530109986
-11.208846400351979
-11.239215809261692
-11.859305806911294
-9.890639536636181
-9.555061491008422
-10.912350539205159
-9.042283672865228
-11.479281022732302
-8.350128979618095
-7.375521708512663
-9.886395262782447
-6.940970063874214
-10.788665642841115
-11.126955734773334
-9.150739901586123
-10.143079298088267
-10.955768054979803
-12.161752207263273
-9.406781951308531
-9.18535807062798
-7.12799497746072
-9.615139455871152
-10.9064
-10.147992800703957
-10.66633478652939
-11.859305806911294
-11.72435323151567
-9.74504617332511
-8.882854029018526
-9.235935856223131
-11.17995902892993
-11.379175379970073
-9.064550545072064
-9.933698342600028
-10.66633478652939
-9.646330049311835
-9.27043745689118
-11.179019974542472
-11.406092454508348
-10.085611613822588
-12.029634786529389
-11.1260970345979
-7.293235753714231
-11.002623178573705
-9.632398261419644
-8.820278751439737
-10.236526602795736
-11.997000100907245
-10.276012809464353
-6.82245053920516
-10.467118435489247
-12.161752207263273
-8.793290655608264
-11.18943240970703
-10.085611613822588
-12.029634786529389
-9.990128990276236
-10.9064
-13.22408784439896
-9.132705806911295
-8.316128684206275
-10.303167330834437
-8.981938854860328
-8.84161704879823
-6.7095398199479455
-10.982086773057674
-10.496005806911294
-12.8150306642996
-12.13333492214395
-7.822647858267361
-11.448911613822588
-8.358076396490759
-10.798452207263272
-8.492197452528265
-10.276012809464353
-10.912350539205159
-8.224041844020824
-7.943695160273546
-9.132705806911295
-9.618786773057675
-9.450142214681458
-8.80137203513727
-9.605481186881368
-9.965455684097126
-10.526375215821009
-12.542319974542472
-8.275229635324328
-10.930569627997155
-11.420024242400542
-12.2697
-11.053507428152066
-8.533763545412496
-9.9377664565914
-9.690207428152068
-8.339178824253763
-7.09829226461924
-10.236526602795736
-9.89760203900776
-9.31499627753781
-10.770034922143951
-11.179019974542472
-11.305069578925682
-7.1189464003519785
-11.625191132645844
-7.7843958143294785
-11.72247064275252
-10.558386993792661
-8.789647420974246
-8.572693204648145
-9.132705806911295
-10.496005806911294
-10.199509945764476
-10.183928160518736
-10.53833670682943
-7.290724442955926
-10.633700100907244
-8.191761491008421
-11.406092454508348
-11.260363545412497
-7.488728607855616
-10.670295160273547
-11.016720836663698
-7.782576846179357
-10.558386993792661
-9.875915809261691
-9.789115752675771
-10.388058014174566
-11.092731944797784
-7.570189455871152
-8.945866816824054
-9.754277842048563
-10.056724242400541
-12.951401988632712
-13.360300100907246
-10.361053231515669
-8.603365232356769
-9.598938869848652
-11.588101988632712
-8.390977842048564
-7.654834373926674
-9.97766382108586
-11.038517420733882
-8.65653575371423
-8.352502023545066
-9.605481186881368
-7.498149561913176
-6.261799582522028
-7.770810686943716
-10.361053231515669
-11.751481388560013
-7.947682203402054
-10.00286224806851
-9.369818028389258
-6.989281289047184
-8.659190797029694
-8.256159966611927
-11.660089455871152
-9.163075215821008
-8.823782156142103
-8.804765016727627
-10.115981022732303
-9.845546400351978
-7.946483268803006
-7.531317468957305
-13.22408784439896
-9.63377678047586
-9.295582286892863
-10.467118435489247
-8.04720910969496
-10.933661403519878
-10.361053231515669
-7.799152308170518
-7.778354193873899
-10.100601621240774
-10.9064
-12.678674918736265
-11.4517306642996
-11.72435323151567
-11.860787844398962
-10.388058014174566
-8.963858864780866
-7.904863044087816
-9.141954815188903
-8.906619373171242
-10.496005806911294
-13.08765323151567
-7.932672193832986
-10.496005806911294
-9.555061491008422
-10.361053231515669
-12.2697
-10.595722055600177
-10.147992800703957
-9.639323178573704
-9.081682262268842
-8.863753222018637
-9.135673600930646
-6.87973702265315
-9.807334841467766
-9.907927587233347
-11.776556441157215
-11.002623178573705
-10.183578751439738
-11.619240593440683
-9.351973957993751
-9.00058838617741
-9.22200406833094
-9.675217420733883
-8.613131617379555
-8.70913761419359
-11.859305806911294
-10.361053231515669
-12.13333492214395
-13.360300100907246
-13.49663492214395
-12.951401988632712
-9.47129463364341
-9.024758014174568
-8.209546501259224
-7.602342220548362
-11.997000100907245
-8.762104144720086
-9.48666935232379
-8.290834608500813
-9.138656346116454
-9.632398261419644
-8.492197452528265
-8.700515029752404
-11.860787844398962
-10.253970296556913
-10.487190651512917
-9.893842828492305
-10.352163772014388
-6.878881186881368
-10.439575159235085
-9.48666935232379
-7.93973478652939
-9.573469408909714
-10.413256441157214
-9.374253057869572
-10.085611613822588
-11.316794193088706
-8.810578088166396
-9.930272641622677
-9.953494193088705
-12.2697
-7.976789643094014
-11.208846400351979
-10.628123227645178
-10.849969352323791
-11.991423227645177
-7.633040729055245
-9.86868901392479
-9.454204485623556
-8.02537261176335
-11.100898607615251
-10.131770589579466
-8.173908671122124
-8.984238172962446
-12.332081186881368
-12.2697
-11.208846400351979
-9.565422282763121
-11.316794193088706
-9.470738157999053
-9.598938869848652
-13.222605806911293
-13.354723227645177
-11.97320413885318
-6.433367210431173
-7.498149561913176
-9.185300429370505
-8.60242157278432
-8.652575379970074
-10.02918096614638
-10.545373861891099
-9.618786773057675
-10.361053231515669
-10.467118435489247
-10.565002410852285
-9.690207428152068
-12.91395437074973
-12.13056161382259
-11.04596498644374
-9.425365642841115
-7.361820253650936
-10.849969352323791
-11.703966834711384
-11.1260970345979
-12.572146400351977
-9.96666523235677
-8.847073987585325
-9.875915809261691
-10.962238869848653
-11.32887654012395
-9.886395262782447
-11.619240593440683
-12.678674918736265
-9.53838225657511
-11.228918616375648
-12.130450253313382
-9.965455684097126
-12.982540593440683
-11.316794193088706
-12.8150306642996
-12.951401988632712
-13.360300100907246
-12.951401988632712
-12.406051045876415
-10.224801988632713
-11.859305806911294
-7.793575434908451
-6.59814256620966
-7.277937868578068
-9.20839257996897
-8.867524404622927
-8.707691768133984
-12.2697
-8.723645280512041
-10.361053231515669
-9.815719974542471
-8.30164574881455
-9.816659028929932
-9.952074918736264
-9.990128990276236
-8.241523692458243
-12.692055684097127
-10.352163772014388
-8.262934338767533
-7.289275379970073
-7.838735129977185
-12.070483648959858
-10.75106102780009
-9.343883648959858
-11.751358014174567
-12.982540593440683
-8.283735318802233
-9.348127922813593
-10.439575159235085
-11.619240593440683
-9.679451045876416
-10.217729034556472
-9.543099999999999
-10.199509945764476
-12.812211613822589
-12.2697
-10.181834792396293
-12.2697
-12.812211613822589
-6.71850325943956
-11.016720836663698
-10.628123227645178
-7.907141192619206
-11.199059835929821
-10.682337751709076
-10.654610172366368
-10.015875379970073
-10.99346521437127
-9.82613240970703
-11.997000100907245
-8.434855220888794
-8.071852207263273
-8.752681022732302
-11.305069578925682
-9.83575983592982
-10.318321780322053
-10.276012809464353
-8.523095262782446
-10.340666834711383
-11.751358014174567
-11.751358014174567
-10.363888386177411
-9.543099999999999
-9.54905053920516
-9.875915809261691
-7.002831944797782
-7.97847286716211
-10.682337751709076
-8.452457508135764
-8.35727683706178
-10.093059179532446
-11.353428990276235
-13.633
-12.982540593440683
-10.496005806911294
-6.394091031670581
-7.3387864651878445
-10.86523544912314
-9.410982579266117
-9.48666935232379
-9.112337628038585
-10.558386993792661
-12.2697
-10.015875379970073
-11.179019974542472
-12.474233291922078
-12.474233291922078
-6.608468493561481
-11.04596498644374
-9.027230141637403
-9.492076455357548
-7.980583648959858
-7.872635856223131
-12.161752207263273
-10.131770589579466
-10.66633478652939
-9.401584387220742
-9.531375385836979
-8.163219452735378
-11.997000100907245
-8.765278810059009
-11.4517306642996
-10.496005806911294
-9.460350634245922
-10.115981022732303
-11.208846400351979
-12.812211613822589
-10.798452207263272
-9.897063545412497
-9.112337628038585
-10.75106102780009
-8.836209945764477
-10.968781186881367
-8.914757970969998
-9.396940648379061
-9.907927587233347
-10.361053231515669
-12.2697
-9.965455684097126
-9.378721559587065
-7.537288010313349
-9.078972538238466
-10.340666834711383
-11.588101988632712
-9.954424025292196
-9.774012612302869
-8.716420284944713
-7.338071659273206
-10.75106102780009
-7.785915901601367
-7.1189464003519785
-10.9064
-10.75106102780009
-8.257508654364077
-11.038517420733882
-9.383224042632497
-9.331330380123882
-10.849969352323791
-10.510995814329478
-11.316794193088706
-11.72435323151567
-9.875915809261691
-10.779038216618325
-11.590353222018637
-8.102741206962962
-10.592228985484999
-11.009630049311836
-11.315374918736264
-7.8810835466086
-6.985016065421901
-11.955528985484998
-10.056724242400541
-10.020233251995142
-9.013384542529282
-9.97766382108586
-10.75106102780009
-10.413256441157214
-10.66633478652939
-7.552688467430591
-7.661458014174567
-8.444034841467765
-8.17215264314033
-8.719358621829942
-10.467118435489247
-11.038517420733882
-12.2697
-9.246604138853183
-9.089886647597055
-9.764515682153528
-8.993525793481007
-9.639323178573704
-13.166175159235085
-12.908434792396292
-12.2697
-9.348127922813593
-8.906619373171242
-8.34384697196182
-9.44510325943956
-12.2697
-11.751358014174567
-11.52797203513727
-9.68266498644374
-10.558386993792661
-10.236526602795736
-10.75106102780009
-9.519878448533971
-10.968781186881367
-9.010138168485962
-10.94936719623642
-9.252011241886937
-11.859305806911294
-10.849969352323791
-11.328755684097127
-11.42569006235656
-11.708538854860327
-10.834038157999053
-10.02918096614638
-10.421029948888616
-8.699090062356563
-7.209393204648144
-6.703638704647584
-8.394370823638921
-7.52325389295002
-9.284079353026645
-12.506812221477963
-10.318321780322053
-7.868071969010089
-8.106914430705126
-10.296789455871153
-10.9064
-10.628123227645178
-8.589011228325184
-7.142602298453841
-8.382579493191285
-7.812373003147715
-7.709219355367332
-8.55681288231443
-8.763689349595216
-12.498040599307588
-10.276012809464353
-9.93165048752103
-11.448911613822588
-10.628123227645178
-9.238761988878684
-10.920055551297702
-10.852126271529553
-11.356333484603736
-11.4517306642996
-10.129375143288913
-10.524819173750133
-10.9064
-10.729154709012292
-11.4517306642996
-9.343883648959858
-9.17813046753701
-10.508112456282918
-8.69104073127951
-10.558357352468784
-7.438072035137269
-8.555694706973243
-9.076275159235085
-8.933489455871152
-9.076275159235085
-8.80137203513727
-9.00058838617741
-9.387761027800089
-8.836209945764477
-9.592468054979804
-9.907927587233347
-8.957218716672717
-9.1416541938739
-7.019529718031459
-8.983383331297528
-11.859305806911294
-7.517422522759953
-10.995698261419642
-11.859305806911294
-11.619240593440683
-8.002554709012292
-7.443680927669834
-10.66633478652939
-10.592228985484999
-11.859305806911294
-11.316794193088706
-11.619240593440683
-10.147992800703957
-9.335485300102578
-10.798452207263272
-12.769392454508349
-12.656872641622677
-10.968781186881367
-10.442813491832222
-9.27043745689118
-11.042751045876416
-11.4517306642996
-12.2697
-10.633700100907244
-9.865618616375647
-9.543099999999999
-9.965455684097126
-9.134098817458387
-9.406781951308531
-11.249695262782446
-11.353428990276235
-9.737598607615253
-11.58102903455647
-9.48666935232379
-11.991423227645177
-11.249695262782446
-12.114361027800088
-12.424447194372355
-11.991423227645177
-9.679451045876416
-11.859305806911294
-7.60011386388267
-6.767108262547154
-9.729431944797781
-8.312657975761235
-10.828821616172986
-8.205822755228828
-11.479281022732302
-6.673587437298971
-9.953494193088705
-9.953494193088705
-11.356333484603736
-11.562809945764474
-10.707183648959857
-12.52883883855315
-11.72435323151567
-10.849969352323791
-10.798452207263272
-10.00286224806851
-13.49663492214395
-10.64692079588444
-8.696250375056094
-9.378721559587065
-9.605481186881368
-10.707183648959857
-11.859305806911294
-9.845546400351978
-11.353428990276235
-7.036197034597899
-8.289407924275121
-8.961637197381675
-8.53268802528536
-11.574405394308577
-7.52384020130014
-12.678674918736265
-8.358076396490759
-10.276012809464353
-8.602155684097127
-8.997776801796418
-12.13333492214395
-10.318321780322053
-12.680094193088705
-11.161455220888794
-11.117577842048563
-8.13698084068576
-11.562809945764474
-12.2697
-11.448911613822588
-9.761254505717115
-8.995870642752521
-8.308228476294484
-8.514696913925167
-6.889769594375061
-8.3994970345979
-8.04343492214395
-8.210792972597872
-7.372182653090652
-7.399913342333469
-10.813442214681459
-7.455234792396293
-7.591721780322053
-7.637288386177411
-12.926109945764475
-12.161752207263273
-11.991423227645177
-8.611901972768976
-11.980424638916084
-10.694630380123881
-9.30303478652939
-10.267902084449107
-8.804765016727627
-12.13333492214395
-11.042751045876416
-12.8150306642996
-12.13333492214395
-11.4517306642996
-8.452457508135764
-8.432128859967692
-11.562809945764474
-11.619240593440683
-10.707183648959857
-10.199509945764476
-7.795137468225355
-10.75106102780009
-12.114361027800088
-11.305069578925682
-9.024758014174568
-9.465521616172987
-9.537208671122123
-11.218797452528264
-12.515715752675769
-12.944329034556471
-13.633
-13.318828985484998
-12.029634786529389
-10.558386993792661
-11.068886829643597
-9.639323178573704
-7.149315809261692
-9.618786773057675
-9.319037751709077
-7.9573620974938315
-8.578469578925683
-9.195086993792662
-10.628123227645178
-11.776556441157215
-9.875915809261691
-10.439575159235085
-8.672647595993743
-8.456185161585484
-7.194072762892491
-10.66633478652939
-8.52733953663618
-9.430238704647584
-10.181834792396293
-9.195086993792662
-8.892640593440683
-11.117577842048563
-10.849969352323791
-12.456031944797783
-9.475472903927255
-13.196827924774844
-9.201702410852285
-8.071359018007618
-9.561134094674827
-9.396940648379061
-8.97282984954379
-9.268535300413928
-9.297690841388613
-9.284079353026645
-10.66633478652939
-10.558386993792661
-13.222605806911293
-11.305069578925682
-11.889675215821008
-12.440028979618095
-13.354723227645177
-9.930272641622677
-7.67341950518299
-9.28745300128365
-7.215169578925683
-7.661458014174567
-8.991190194132038
-10.968781186881367
-10.388058014174566
-11.117577842048563
-10.955768054979803
-9.745879493191284
-8.379253227885542
-11.859305806911294
-11.038517420733882
-9.745879493191284
-11.448911613822588
-10.628123227645178
-11.599826602795735
-11.068886829643597
-8.738821708512663
-10.015875379970073
-7.772076151204632
-7.057869210461618
-11.681621780322052
-10.647302902168875
-12.769392454508349
-7.443680927669834
-8.096536011295504
-8.784692800703956
-9.602200991969546
-8.804765016727627
-10.548600429370504
-11.406092454508348
-11.340963821085861
-8.433036252738672
-10.115981022732303
-12.592218616375648
-8.56917651582632
-9.014971449752409
-12.161752207263273
-9.754277842048563
-12.068993283144998
-9.211766228225974
-8.282325618928706
-10.75106102780009
-11.328755684097127
-10.526375215821009
-12.2697
-12.161752207263273
-9.789115752675771
-12.692055684097127
-12.891272035137268
-12.926109945764475
-13.57656935232379
-11.830418435489246
-11.420024242400542
-12.926109945764475
-8.878984252711952
-7.606374519905895
-9.175673003147715
-10.467118435489247
-8.180392369901519
-9.188544676759946
-9.228928985484998
-9.643241521976474
-8.291892291674104
-8.191494672617251
-10.100195472673247
-10.255940593440684
-9.392333047949034
-10.413256441157214
-8.559055588280735
-7.820062379629641
-10.526375215821009
-8.776526137886488
-10.015875379970073
-9.737598607615253
-7.81973998720829
-10.496005806911294
-8.66588096614638
-9.00534402352962
-9.246604138853183
-11.619240593440683
-12.32303304049993
-11.271227587233346
-11.228918616375648
-10.849969352323791
-12.070483648959858
-10.9064
-11.434291768133985
-11.328755684097127
-10.75106102780009
-10.849969352323791
-12.612995262782446
-9.460350634245922
-8.501298678712262
-8.356478355933103
-7.711631064067202
-8.099113610783151
-8.865635810781786
-8.850740090117073
-9.625553402905037
-9.392333047949034
-8.581962649040863
-7.410636418428304
-8.459024848885951
-7.872283536267969
-11.009630049311836
-10.968781186881367
-10.968781186881367
-9.068255980206443
-9.543099999999999
-9.172498337808792
-10.00286224806851
-10.340666834711383
-9.348127922813593
-9.497533394144641
-9.257468180674032
-9.024758014174568
-10.66633478652939
-9.952074918736264
-9.406781951308531
-10.0884306642996
-11.117577842048563
-10.388058014174566
-10.798452207263272
-13.318828985484998
-9.781070360823374
-9.392333047949034
-11.042751045876416
-11.06997849745458
-10.115669486988637
-12.174217376453647
-8.69483562249005
-9.076275159235085
-9.178864782668171
-11.117577842048563
-9.378721559587065
-9.736325691889022
-10.073749054617657
-9.697847194372356
-9.470738157999053
-9.044830230198237
-8.818534792396292
-11.406092454508348
-11.727188386177412
-9.897063545412497
-8.000364274892837
-6.970939703497006
-9.529462945372579
-8.380083043952952
-8.714956566851443
-11.703966834711384
-12.680094193088705
-8.770072955015353
-11.619240593440683
-11.52797203513727
-11.955528985484998
-9.713428979618095
-7.92415300128365
-8.902591645616969
-8.607008774114716
-7.894533771094525
-10.02918096614638
-8.400355734773333
-10.798452207263272
-8.338404365455073
-6.725062301953347
-8.01407746441918
-10.284236187035177
-11.921686993792662
-7.8670237415297155
-7.093168518215529
-9.138656346116454
-8.487201020622267
-11.233633093196213
-9.421978207634275
-7.487440090117073
-10.9064
-10.266695002140734
-8.66588096614638
-8.675376050901457
-7.130102896447571
-8.316374709041138
-8.218327415742692
-8.230456572718346
-10.181834792396293
-7.035339578014755
-7.493539232866261
-9.012549877185833
-10.496005806911294
-8.162299011559439
-10.135995714320064
-8.762104144720086
-7.856642289112749
-7.756231807282297
-9.112752448863958
-7.850839272152946
-9.410982579266117
-12.769392454508349
-11.776556441157215
-10.296789455871153
-11.366162248068509
-9.44510325943956
-6.941262373762737
-10.276012809464353
