-11.84468596122269
-8.590194193088706
-11.938366228225975
-12.742475379970074
-13.09048838617741
-12.240812628577952
-12.812211613822589
-12.04970700255306
-9.195086993792662
-12.662593204648143
-7.729346902793048
-9.798155220888795
-8.492197452528265
-7.420571046696708
-9.19180679888084
-9.902470648446252
-11.889675215821008
-11.509244094717213
-13.222605806911293
-12.092015973410756
-7.744762709342981
-10.558386993792661
-10.774282579266117
-11.639312809464354
-12.440028979618095
-13.765117420733883
-12.365923178573704
-10.774282579266117
-10.453186647597056
-11.649610002350398
-12.982540593440683
-11.282294706973245
-12.161752207263273
-12.365923178573704
-12.029634786529389
-11.161455220888794
-11.4871231727068
-9.483984206373794
-11.47154138746106
-6.912723178573704
-9.965455684097126
-9.823754591030927
-9.132705806911295
-11.670757738501202
-10.363888386177411
-15.128417420733882
-10.877512628577954
-11.78956957305878
-9.48666935232379
-9.58606719623642
-12.651206821666658
-13.222605806911293
-12.2697
-10.085611613822588
-9.178864782668171
-8.977366834711383
-7.580857738501202
-9.081831800999211
-7.295890797029696
-12.572146400351977
-11.838937628038583
-11.002623178573705
-13.06469034733128
-12.933067387333898
-10.296789455871153
-11.991423227645177
-11.076728979618094
-13.604112628577953
-12.742475379970074
-11.427115029752404
-10.04971737166241
-12.623663545412496
-12.837298138768904
-11.448911613822588
-12.300069408909714
-13.301666228225974
-15.406694193088706
-12.332081186881368
-8.434855220888794
-7.736024496137021
-7.862675993492352
-7.240913388783453
-7.144659897977966
-7.6349248155049
-7.457852661070248
-6.737106630880326
-12.866426137886487
-13.39293478652939
-11.038517420733882
-7.686656441157215
-9.00058838617741
-10.056053717009487
-9.43762433472611
-11.31443532137626
-7.317157080735981
-7.047895906987166
-7.8860015178565614
-6.49661009687838
-10.60990413885318
-8.75894641101012
-9.68266498644374
-11.553906414566669
-13.301666228225974
-7.60278890006195
-12.680094193088705
-10.32938890006195
-11.938366228225975
-14.043394193088705
-10.968781186881367
-8.555694706973243
-9.253824638916084
-11.400384015176574
-12.300069408909714
-12.982540593440683
-14.478472413667312
-10.907882037487667
-11.739149877185833
-11.161455220888794
-12.300069408909714
-11.874295814329479
-10.510995814329478
-10.798452207263272
-8.999180925064671
-8.862851701224468
-12.680094193088705
-12.812211613822589
-12.372930049311837
-11.117577842048563
-12.77631737166241
-9.387761027800089
-8.791187945700912
-11.161455220888794
-7.72837934901866
-7.536688239537246
-7.452455098712267
-6.085009875242233
-7.0431017620308225
-6.663900001075655
-8.488196939557138
-8.086083632044467
-12.401817420733883
-14.043394193088705
-11.208846400351979
-11.19518691863222
-7.82280982617076
-9.953494193088705
-11.757557795087125
-13.37352079588444
-12.240812628577952
-12.436497683269893
-11.991423227645177
-12.572146400351977
-7.511839605000123
-7.469332450486287
-12.213269352323792
-13.222605806911293
-12.812211613822589
-9.396940648379061
-8.311917420733883
-8.892640593440683
-12.093122017053338
-12.137582579266116
-11.97320413885318
-11.84468596122269
-8.3648640497215
-8.311917420733883
-11.889675215821008
-11.715463772014388
-10.9064
-10.60990413885318
-6.852190751809987
-6.789872454478539
-12.572146400351977
-10.9064
-12.134747424604376
-12.982540593440683
-12.742475379970074
-11.859305806911294
-12.186950634245921
-12.812211613822589
-12.524755220888794
-12.366949303807626
-14.043394193088705
-12.891272035137268
-12.812211613822589
-8.210169408909714
-8.79297368627999
-13.844177842048563
-13.477661027800089
-10.628123227645178
-10.66633478652939
-11.117577842048563
-13.09048838617741
-11.076728979618094
-10.439575159235085
-9.971528287763533
-10.190606414566668
-11.553906414566669
-7.491129034556471
-9.00058838617741
-11.117577842048563
-6.7232892457960975
-10.728715973410758
-9.544493010547093
-7.809040050502092
-7.085378580309449
-7.120428437839645
-9.331330380123882
-7.338571932786012
-10.388058014174566
-10.375849877185832
-7.1189464003519785
-11.69268890006195
-8.383461693606517
-12.812211613822589
-9.195086993792662
-8.678598135198902
-12.2697
-12.04970700255306
-12.572146400351977
-11.769642609085704
-11.420024242400542
-8.1798
-12.240812628577952
-13.39293478652939
-6.814726438013264
-7.669905704560037
-6.8915143440618545
-6.944560842835186
-7.191836410216007
-7.36205379362848
-7.286977336791092
-6.564710172366368
-6.717250193009552
-11.619240593440683
-7.50878176131655
-10.286310002350397
-10.00286224806851
-11.47154138746106
-13.044921780322051
-12.524755220888794
-10.022490797029695
-13.279382133450659
-11.002623178573705
-12.982540593440683
-12.213269352323792
-13.222605806911293
-11.208846400351979
-11.117577842048563
-8.766075143288914
-10.985702182727536
-11.208846400351979
-8.882854029018526
-11.305069578925682
-11.208846400351979
-12.742475379970074
-13.633
-10.786244070274538
-12.812211613822589
-12.572146400351977
-7.9338434576515136
-11.859305806911294
-12.332081186881368
-11.816486647597054
-9.178864782668171
-12.240812628577952
-10.48138596122269
-12.926109945764475
-10.04279245450835
-11.208846400351979
-11.434291768133985
-10.10824138746106
-11.100898607615251
-12.524755220888794
-12.2697
-10.070991768133984
-11.420024242400542
-8.383413987574926
-9.410982579266117
-7.6418053322676975
-6.925751789727736
-7.860600360631502
-8.834418496085561
-7.308939410064318
-11.955528985484998
-12.114361027800088
-10.82365063424592
-11.889675215821008
-9.573469408909714
-6.42231157177345
-6.875928194888721
-7.705620112263939
-7.348231006442406
-7.432348218968723
-7.704557858259012
-7.043535992829295
-7.301639779239828
-7.231232183860362
-6.923264827973205
-13.39293478652939
-12.891272035137268
-13.222605806911293
-10.498824857388305
-13.222605806911293
-11.52797203513727
-7.26909791576069
-6.787894635569319
-6.919025618928706
-10.633700100907244
-9.608779655953818
-12.572146400351977
-10.4177785751649
-9.48666935232379
-10.542164782668172
-10.100601621240774
-10.774282579266117
-6.875600991969546
-7.12539552793791
-6.983287152502644
-7.457153430204001
-7.1135437827417825
-9.602200991969546
-9.713428979618095
-7.711631064067202
-8.839809188867868
-9.494798637933005
-11.536491227686605
-9.241245969549539
-10.66633478652939
-13.307770296720342
-10.388058014174566
-7.607274328083912
-7.788967834478424
-9.605481186881368
-12.440028979618095
-12.522060812487169
-7.2434042877787785
-6.608885300102578
-7.666039596313953
-7.265168909865897
-11.97320413885318
-12.2697
-10.849969352323791
-10.131770589579466
-11.562809945764474
-14.025015046656094
-11.47154138746106
-10.447321201189952
-9.27184001041383
-13.935446400351978
-11.644439020423333
-11.161455220888794
-11.562809945764474
-11.619240593440683
-12.692179007087283
-9.066797506657617
-12.2697
-11.649610002350398
-11.47154138746106
-7.50706863907826
-12.742475379970074
-8.873226602795736
-10.244215979277662
-11.90546478266817
-9.147695814329479
-12.480877842048564
-10.419727256026064
-8.897384565469935
-13.525052207263272
-13.765117420733883
-9.774495906987166
-7.93973478652939
-9.983863601998419
-11.002623178573705
-7.091470409019439
-7.592819229509625
-7.240792149166531
-7.411444489615809
-7.81189571681217
-8.749573017342467
-10.968781186881367
-8.100924630622185
-11.456359179532447
-10.686407002553057
-12.240812628577952
-10.936769408909713
-12.78332424240054
-9.387761027800089
-10.686407002553057
-11.78956957305878
-12.541723547584175
-10.877512628577954
-13.633
-7.006085104999562
-10.248470260495687
-9.97766382108586
-11.609454029018526
-11.536491227686605
-12.680094193088705
-8.533763545412496
-9.543099999999999
-11.388833648959857
-6.406105806911294
-12.186950634245921
-11.117577842048563
-8.276023178573704
-12.480877842048564
-9.953494193088705
-10.056724242400541
-10.051810739784854
-8.818534792396292
-9.131227469895611
-7.421804105803637
-6.976654297406111
-6.900316058666888
-7.386505552660182
-6.993577461891712
-7.579889682512156
-8.191761491008421
-8.946314657706965
-9.465521616172987
-9.51139992178136
-9.705586829643597
-10.771447424604375
-9.953494193088705
-9.080690367320832
-11.590353222018637
-11.353428990276235
-13.09048838617741
-12.524755220888794
-10.1238231727068
-11.117577842048563
-12.623663545412496
-10.735109681549167
-11.859305806911294
-13.139856441157216
-11.41301737166241
-13.222605806911293
-12.812211613822589
-12.812211613822589
-11.113363776805626
-12.070483648959858
-13.765117420733883
-11.038517420733882
-12.029634786529389
-10.532640604098825
-12.742475379970074
-9.713428979618095
-12.812211613822589
-6.770659349396782
-12.742475379970074
-10.413256441157214
-12.186950634245921
-11.44155656685144
-8.95392636156892
-7.040935372247637
-6.965889025068713
-12.742475379970074
-11.649610002350398
-12.092015973410756
-8.24879660394099
-8.696959021061911
-7.8552717476045135
-7.238251835327621
-6.987618937930317
-7.0439705423292995
-7.39682858844216
-8.80137203513727
-10.774282579266117
-11.52797203513727
-12.899791227686604
-11.353428990276235
-11.727188386177412
-12.2697
-10.60990413885318
-10.849969352323791
-11.180429115232656
-12.114361027800088
-9.845546400351978
-12.161752207263273
-9.680831649979885
-9.010138168485962
-12.572146400351977
-12.742475379970074
-13.12712318336494
-13.604112628577953
-11.955528985484998
-8.646033062937358
-12.114361027800088
-10.64692079588444
-9.387761027800089
-12.30633479718753
-10.849969352323791
-13.888055220888795
-11.161455220888794
-13.222605806911293
-12.332081186881368
-12.572146400351977
-13.12712318336494
-10.08984523896512
-12.332081186881368
-13.986963545412497
-11.763823183364941
-12.742475379970074
-12.401817420733883
-12.812211613822589
-12.742475379970074
-12.572146400351977
-14.043394193088705
-12.440028979618095
-12.401817420733883
-12.623663545412496
-12.440028979618095
-13.078763772014389
-12.401817420733883
-9.608779655953818
-12.812211613822589
-13.222605806911293
-12.137582579266116
-11.002623178573705
-9.544493010547093
-10.771447424604375
-10.774282579266117
-10.467118435489247
-6.486860288515256
-13.633
-12.572146400351977
-12.680094193088705
-10.686407002553057
-11.78956957305878
-11.161455220888794
-13.044921780322051
-13.604112628577953
-9.817176144397237
-13.012910002350397
-11.553906414566669
-11.206876103468206
-6.986828979618095
-10.798452207263272
-12.692055684097127
-7.9015232276451774
-11.420024242400542
-8.863753222018637
-11.78956957305878
-12.524755220888794
-11.553906414566669
-11.061147194372355
-12.680094193088705
-9.408170994885122
-10.635196181721419
-12.401817420733883
-11.660089455871152
-15.207477842048563
-9.11808596122269
-10.498824857388305
-10.226114167631177
-12.232414279720675
-12.692055684097127
-12.440028979618095
-11.038517420733882
-12.2697
-11.776556441157215
-10.181834792396293
-11.29585865169715
-9.907927587233347
-13.633
-10.628123227645178
-10.496005806911294
-10.968781186881367
-8.993525793481007
-11.316794193088706
-11.83539396157739
-10.75106102780009
-9.396940648379061
-10.064171915670961
-11.117577842048563
-10.413256441157214
-8.933489455871152
-7.872635856223131
-12.401817420733883
-7.485604201306007
-8.434855220888794
-11.117577842048563
-11.58102903455647
-10.00286224806851
-9.195086993792662
-9.306623704370649
-11.619240593440683
-12.213269352323792
-11.117577842048563
-7.446591227686604
-8.304562373762737
-10.276012809464353
-10.236526602795736
-10.912350539205159
-11.161455220888794
-12.480877842048564
-8.70913761419359
-7.732120086631968
-11.619240593440683
-11.562809945764474
