-7.549412809464353
-11.316794193088706
-8.548477592132524
-11.478520645266858
-11.727188386177412
-7.627138621842096
-7.333839528094673
-9.83065070167783
-7.699669573058779
-11.727188386177412
-8.5984536135196
-8.560180134995207
-7.869472498739843
-8.380914024674874
-7.226894193088706
-8.581962649040863
-11.602698428962187
-8.44588796869944
-11.359761389325124
-11.29265556645145
-10.57530798963883
-7.359752168849941
-12.029634786529389
-11.41301737166241
-11.599826602795735
-12.070483648959858
-9.01181101615273
-9.762797034597899
-8.222103444315607
-10.376091589239477
-9.902470648446252
-9.639323178573704
-11.316794193088706
-7.986806155876925
-9.543099999999999
-9.953494193088705
-11.117577842048563
-8.80137203513727
-9.00058838617741
-8.784692800703956
-10.877512628577954
-11.585526886487413
-11.605990122359719
-11.448911613822588
-11.448911613822588
-11.52797203513727
-9.918994706973244
-9.897063545412497
-13.57656935232379
-7.3972231727068
-10.707183648959857
-9.506788118221639
-8.836209945764477
-7.226894193088706
-7.920320795884441
-7.97534392219948
-8.350128979618095
-8.351447631391224
-12.057714998673175
-11.468017393264695
-10.788665642841115
-11.448911613822588
-10.628123227645178
-11.161455220888794
-8.479810445750518
-9.460350634245922
-7.637288386177411
-7.712975159235086
-11.5718494139775
-11.97320413885318
-11.562809945764474
-10.877512628577954
-9.595694622459211
-10.115981022732303
-10.936769408909713
-9.161519173750133
-9.024758014174568
-12.187621161382259
-9.62216042131468
-10.318321780322053
-9.281713954728417
-10.381324277292824
-7.385963112249196
-9.771440599307587
-8.869419041974655
-10.774282579266117
-11.260363545412497
-10.696704195439104
-9.138928313828362
-11.69268890006195
-10.628123227645178
-7.93973478652939
-7.88330413885318
-9.713428979618095
-7.848466228225974
-9.798155220888795
-9.40412306821165
-9.713560580791007
-9.223727719234397
-10.66633478652939
-11.316794193088706
-8.836209945764477
-11.316794193088706
-10.426269573058779
-9.615432239057654
-7.6418053322676975
-8.939867330834437
-8.289562721954606
-11.553794620399655
-9.264823227645177
-7.289275379970073
-12.680094193088705
-7.446591227686604
-9.237587200252914
-9.073590013285088
-9.729431944797781
-8.22276719623642
-11.448911613822588
-10.255940593440684
-10.036564731790008
-8.696171600066254
-10.288394777400065
-8.57499699614306
-10.70930198276581
-10.44498226226884
-8.958430515465624
-9.226149291800974
-10.60990413885318
-12.2697
-10.40052318336494
-11.232054606573625
-7.4640064145666685
-9.73759860761525
-9.140153372621151
-9.745879493191284
-9.413355623193087
-9.371405006504268
-7.6919837614203805
-8.436612121200271
-11.379175379970073
-10.276012809464353
-11.076728979618094
-10.413256441157216
-8.867524404622927
-8.420013250392792
-11.161455220888794
-10.66633478652939
-7.848466228225974
-8.574063683249179
-10.575066228225975
-10.988853402905038
-13.089069111824971
-11.862124857388304
-10.771447424604373
-10.226114167631177
-11.385790797029696
-12.213269352323792
-11.859305806911294
-9.754277842048563
-7.077180820909434
-7.79357543490845
-10.963349165970943
-12.84679286185776
-7.932168751026503
-8.370741490168411
-10.628123227645178
-9.274819462691285
-10.774282579266117
-8.152380367206288
-8.20589365135559
-11.92077470698875
-11.280927814529996
-10.467118435489247
-9.20839257996897
-9.996461389325125
-9.605481186881368
-8.276023178573704
-7.848466228225974
-7.661458014174567
-8.311917420733883
-10.296789455871153
-9.132705806911295
-10.009333062937358
-10.276012809464353
-8.776526137886488
-9.387761027800089
-9.543099999999999
-8.850740090117073
-11.69268890006195
-12.524755220888794
-8.552906123786098
-10.826699397892298
-10.968781186881367
-11.34716360199842
-10.15627368627999
-8.348946014854572
-7.9810067098332915
-11.590353222018637
-10.82365063424592
-9.473363766147484
-10.159845156178292
-9.422944070274538
-10.968781186881367
-10.148815696829722
-7.918967545865581
-10.582484840274768
-10.592228985484999
-10.115981022732303
-8.885058025119948
-8.336323971005262
-8.892640593440683
-12.029634786529389
-11.316794193088706
-11.727188386177412
-13.10295167548296
-8.512676029799449
-11.076728979618094
-10.274992871800967
-10.531068030353149
-11.260363545412497
-10.798452207263272
-10.628123227645178
-8.458985870279442
-7.97717096945397
-9.200041614062952
-9.291424010796376
-11.67400497581569
-6.323356441157215
-8.07235435017745
-9.011791445329031
-10.666115621721682
-10.078256566851442
-8.282338594454647
-10.849969352323791
-11.210909383150646
-8.948479463289337
-9.930710890161027
-8.205822755228828
-8.776526137886488
-7.189380307871096
-8.372110989734153
-9.132705806911295
-8.426905125877797
-10.575066228225975
-9.30303478652939
-10.439575159235085
-9.558090007418183
-10.48138596122269
-10.774282579266117
-11.727188386177412
-7.858704068330939
-10.45733187106709
-12.018709558788439
-10.502704859368803
-7.93239116792304
-8.593218402488986
-6.349675159235085
-7.712975159235086
-9.745879493191284
-9.016950753875415
-7.221002864210828
-8.325012790800338
-12.401817420733883
-11.62919164561697
-10.769564835841226
-8.2504620724574
-10.69101881401929
-7.6403912841339015
-11.859305806911294
-11.902181400794575
-11.984000507377681
-9.897063545412497
-9.754277842048563
-9.18484196425744
-11.619240593440683
-9.91343528897046
-9.675217420733883
-10.496005806911294
-7.869122055600178
-10.707183648959857
-11.161455220888794
-8.590194193088706
-9.246604138853181
-10.168065016727626
-10.26589164561697
-10.255940593440684
-9.435152207263272
-7.251063821085861
-8.873226602795736
-9.784647250958278
-11.619240593440683
-11.859305806911294
-10.73239349689633
-10.454565166653271
-7.973646438044994
-9.156979849990226
-7.957136169538354
-10.937590593440683
-9.787083920172662
-9.533775234341459
-10.752817928111565
-9.845546400351978
-11.859305806911294
-13.754722222577891
-11.260363545412497
-9.335485300102578
-9.941769578925683
-9.897063545412497
-9.264823227645177
-10.894675385836976
-10.612360890161025
-11.253113301397867
-10.751061027800088
-7.91092201176481
-8.405534254670966
-8.94739607109834
-9.167768030353148
-9.754277842048563
-12.029634786529389
-9.0749310640672
-9.404476651553386
-9.412169101229601
-10.115981022732303
-12.070483648959858
-13.114658014174566
-12.029634786529389
-10.702835600083228
-10.526375215821009
-7.596160932906436
-7.8285158352763045
-7.246132626749024
-8.103165391136125
-7.554991555339671
-9.473363766147484
-8.79244562519412
-9.060343964910347
-9.602200991969546
-9.902470648446252
-9.812327517961945
-10.849969352323791
-11.208846400351979
-6.604730380123882
-5.93928096614638
-8.821152661070249
-8.02637656176737
-8.678117137589874
-7.9514545734211595
-7.463188233494166
-10.915348386962606
-7.911812133902395
-10.64692079588444
-7.661458014174567
-11.002623178573705
-10.75106102780009
-10.48138596122269
-8.74725267341706
-10.592228985484999
-10.42408478946284
-12.680094193088705
-9.355936998130474
-9.089886647597055
-11.180429115232656
-11.453145238965119
-8.434855220888794
-7.661458014174567
-11.859305806911294
-10.798452207263272
-11.316794193088706
-10.340666834711383
-10.255940593440684
-9.754277842048563
-11.208846400351979
-10.029180966146379
-11.727188386177412
-10.82365063424592
-8.293676091927303
-8.333152436392622
-11.260363545412497
-8.388639948746189
-8.265359468965158
-9.014157097185665
-7.787943740590567
-7.468458180165571
-10.107692662867274
-8.923010002350397
-11.727188386177412
-12.029634786529389
-10.348691189231765
-9.865618616375647
-10.82365063424592
-11.660089455871152
-12.240812628577952
-11.97320413885318
-11.751358014174567
-11.117577842048563
-11.590353222018637
-11.517875517609136
-9.865618616375647
-8.918399165970943
-12.343253714076033
-10.78829574978132
-8.024461027800088
-11.619240593440683
-10.558386993792661
-9.543099999999999
-8.818534792396292
-8.505412578373436
-8.66588096614638
-9.132705806911295
-7.591293753249707
-9.165416973654962
-8.948371034817798
-8.998932896514763
-9.23312314942654
-9.599915620689663
-11.305069578925682
-11.562809945764474
-8.892640593440683
-10.665096784435981
-10.48138596122269
-9.147695814329479
-10.946192530897495
-7.980583648959858
-10.553473491176973
-10.190606414566668
-11.161455220888794
-10.063815029752403
-9.28362079588444
-11.52797203513727
-9.725390470626516
-8.740345708497417
-7.93973478652939
-11.389663798782138
-8.79297368627999
-8.390977842048564
-9.713428979618095
-12.281014886819236
-11.978611241886936
-11.483189113932633
-11.170634841467766
-9.989499459470325
-12.171703259439559
-11.806925850066929
-10.534217365795506
-11.646501996960561
-11.82063187106709
-10.029180966146379
-7.691178575164901
-7.910847415107343
-10.097118794791871
-8.923010002350397
-10.1768640475145
-10.02282735128843
-8.504926108515928
-8.542438772662218
-9.664218832004789
-9.965455684097126
-10.286310002350397
-9.406264835841226
-8.976871735230754
-10.388058014174566
-8.127691077111926
-7.4348666135235835
-10.388058014174566
-11.359761389325124
-7.529340593440684
-10.430229946802935
-9.549322506917067
-10.060968516254276
-10.399264790399881
-10.548600429370504
-11.002623178573705
-10.849969352323791
-10.15627368627999
-7.712975159235086
-8.144931883073742
-11.351204209525983
-9.547874891154276
-9.522379679870987
-12.952714167631175
-9.817176144397237
-9.953494193088705
-11.562809945764474
-11.619240593440683
-11.199059835929821
-11.368096077769767
-9.670729327955705
-12.164860269750662
-9.211766228225974
-9.50150015735385
-7.271136037109531
-11.260363545412497
-9.89793090604796
-10.483719756278578
-9.721977080160341
-9.464543732906677
-11.619240593440683
-6.666909496451591
-8.110063766147485
-8.022188189434427
-8.135466781797145
-8.50821586208926
-9.605481186881368
-8.988863772014389
-8.704257842918851
-9.798155220888795
-8.390977842048564
-8.902591645616969
-8.170984844601623
-7.75660647218009
-7.203672641622678
-9.433817355289209
-7.506154807953774
-10.945573016373858
-11.619240593440683
-11.727188386177412
-9.387761027800089
-14.271734792396293
-12.680094193088705
-11.859305806911294
-11.117577842048563
-9.762797034597899
-9.850501020622268
-12.029634786529389
-9.492076455357548
-9.616028143740571
-7.544533053815938
-10.015875379970073
-11.619240593440683
-11.042229493502635
-9.081682262268842
-10.10824138746106
-9.938791236292339
-10.340666834711383
-11.002623178573705
-10.022490797029695
-11.038517420733882
-8.635074391529512
-10.2085494139775
-8.242181186881368
-8.902591645616969
-10.084133276806906
-9.306995160273546
-11.448911613822588
-10.9064
-12.2697
-7.865734934010065
-11.763823183364941
-9.376483093150656
-8.526752137097462
-8.818534792396292
-9.514212628577953
-9.034969627064726
-11.023897575045279
-10.707183648959857
-9.713428979618095
-8.533763545412496
-7.865628985484999
-10.318321780322053
-7.943099412780205
-9.72173655080585
-9.919411010870892
-8.761313131019023
-7.9110255830873175
-10.131770589579466
-9.125350759940147
-10.66633478652939
-8.560966970516107
-9.108062709342981
-8.2405956132001
-8.944157738501202
-8.659602193112514
-10.363888386177411
-8.608228287763533
-8.554021393564094
-8.232679215449396
-7.890478402440446
-9.323107002553058
-8.412510166499462
-12.029634786529389
-10.255940593440684
-11.002623178573705
-10.75106102780009
-9.319037751709077
-9.725390470626516
-8.880915979277662
-9.935993204648144
-9.32106888120422
-8.462832409707032
-10.707183648959857
-10.592228985484999
-10.75106102780009
-7.920320795884441
-7.848466228225974
-11.038517420733882
-11.053446611578607
-10.363888386177411
-10.085611613822588
-11.117577842048563
-10.628123227645178
-10.82365063424592
-11.722507742548393
-10.85548758368842
-10.265056432461806
-9.900381423320944
-9.540147008007354
-10.2085494139775
-10.72372950309597
-9.038431772706247
-12.029634786529389
-7.78001752584338
-10.9064
-10.968781186881367
-10.843915218354901
-11.379175379970073
-7.849163908326889
-9.652725100493479
-11.859305806911294
-10.798452207263272
-10.453186647597056
-11.316794193088706
-7.701878741231035
-9.410982579266117
-9.365415973410757
-9.35717687628274
-8.59554697992893
-10.60990413885318
-8.596144732293865
-8.149504604924644
-13.765117420733883
-11.117577842048563
-11.949030207907208
-9.97825634682321
-8.482246400351977
-9.30303478652939
-9.897063545412497
-11.427115029752404
-9.675217420733883
-9.685913676602498
-10.323829482059164
-8.602742288895202
-8.10675646591033
-9.264823227645177
-10.936769408909713
-10.286310002350397
-10.968781186881367
-10.628123227645178
-10.059550375056094
-10.188841663134426
-11.316794193088706
-12.029634786529389
-9.97766382108586
-11.161455220888794
-8.653892563310169
-9.754277842048563
-10.751280070972191
-7.359011613822588
-10.426269573058779
-9.971528287763533
-7.973494841649492
-13.354723227645177
-7.673923183364941
-8.093822526239869
-8.944157738501202
-11.038517420733882
-11.076728979618094
-10.318321780322053
-13.284986993792662
-11.611398443466186
-11.619240593440683
-9.216863020106306
-11.208846400351979
-12.850423172706801
-11.009630049311836
-11.009630049311836
-10.707183648959857
-9.700930918359871
-9.103818435489247
-7.769405806911294
-8.977366834711383
-8.955021780322053
-11.117577842048563
-10.75106102780009
-12.524755220888794
-10.762671803533102
-7.374001621240773
-8.533763545412496
-9.754277842048563
-8.522566861437978
-11.91661040794576
-11.161455220888794
-7.7997752158210085
-11.208846400351979
-9.713428979618095
-9.642816248688884
-8.836209945764477
-9.246604138853181
-10.686407002553057
-9.23988490275418
-7.7467006351241245
-8.176922343912214
-7.5064986980743456
-9.602200991969546
-12.029634786529389
-11.076728979618094
-8.1798
-10.70507286716211
-10.296789455871153
-11.545134792396293
-11.816486647597054
-10.060524510679896
-11.208846400351979
-10.526375215821009
-9.798155220888795
-9.125350759940147
-10.388058014174566
-10.426269573058779
-6.323356441157215
-8.74176395914059
-8.674692757499388
-8.182410471267557
-12.0857692667872
-7.640851528328553
-10.104125910882935
-11.422383114112987
-9.147695814329479
-12.029634786529389
-8.912998071515354
-8.104836781363634
-8.350128979618095
-6.997473441194663
-9.821376772354823
-7.645367659623627
-8.521255481258319
-9.22135934175976
-6.170000967184841
-10.48138596122269
-9.595694622459211
-9.103818435489247
-10.276012809464353
-11.619240593440683
-11.117577842048563
-11.619240593440683
-11.117577842048563
-8.649295185058252
-10.296789455871153
-9.026734889691188
-10.58067512075854
-8.608228287763533
-9.713428979618095
-11.002623178573705
-7.491129034556471
-9.343883648959858
-9.30501166204601
-10.64692079588444
-8.640850765807052
-10.985702182727536
-9.343883648959858
-10.352163772014388
-11.84468596122269
-11.727188386177412
-7.799132178110652
-8.923010002350397
-9.930272641622677
-8.96608890006195
-10.558386993792661
-11.385790797029696
-9.80272724103774
-10.035947595993743
-7.723839201055936
-11.52797203513727
-9.558090007418183
-10.085611613822588
-11.330449744386408
-8.712767752280312
-8.176847008007353
-7.519359938321107
-8.340342415195938
-9.875171869116151
-12.05978676249575
-11.671296232096466
-8.683637677978384
-9.996461389325125
-7.85127799347103
-11.038517420733882
-9.049956441157216
-9.178864782668171
-7.232844732293866
-10.40052318336494
-10.40052318336494
-8.194790007418185
-11.161455220888794
-9.164635358139233
-9.083041789082449
-8.944157738501202
-11.379175379970073
-8.453829115232656
-9.996461389325125
-8.185451587587004
-8.047682579266116
-11.420024242400542
-11.427115029752404
-9.133742843500764
-9.733501195641763
-9.293248222107232
-8.219592530897495
-8.123369352323792
-9.153799720629701
-10.266905398444209
-10.100601621240774
-8.482246400351977
-7.591721780322053
-9.845546400351978
-11.73524492884313
-8.826258392944748
-7.673923183364941
-8.781052891310939
-9.13551519435278
-11.64401805889306
-8.572693204648145
-7.457852661070248
-8.390977842048564
-10.115981022732303
-10.708637187887817
-9.460350634245922
-11.67678841853089
-10.022490797029695
-9.450142214681458
-9.201398905424586
-7.618638854860328
-9.667862373762738
-10.707183648959857
-11.257684460760675
-10.849969352323791
-8.502829244839536
-9.784647250958278
-8.67949245450835
-10.678419600527967
-8.62138478652939
-10.015875379970073
-8.944157738501202
-8.680655507982124
-11.545134792396293
-8.497305618713936
-9.924204324210244
-11.316794193088706
-11.52797203513727
-7.533300967184841
-9.11808596122269
-9.959444732293866
-8.235406592995943
-11.7880821674852
-7.672332697442669
-8.350128979618095
-10.413256441157214
-9.762797034597899
-8.961637197381675
-8.008953182444195
-6.85329228453177
-7.2388556840971265
-12.401817420733883
-7.0580472509582775
-8.66520853715056
-9.141654193873899
-8.776526137886488
-11.976803381956573
-11.597919761639712
-11.334218216955122
-9.653420836663699
-7.93973478652939
-9.592468054979804
-8.932289242520724
-9.46744126887929
-8.47245983592982
-13.073186347678444
-8.315629493502634
-10.9064
-9.401584387220742
-7.27626224806851
-10.782154320719409
-7.699669573058779
-8.434855220888794
-8.8452494139775
-8.789410591494743
-7.624273699387034
-7.14724199394647
-10.724939201050587
-10.510995814329478
-10.496005806911294
-10.66633478652939
-8.152041463366379
-11.599826602795735
-12.698128287763533
-8.904602084449104
-10.64692079588444
-7.2388556840971265
-10.2085494139775
-12.04970700255306
-8.123369352323792
-8.52151147137746
-7.965757541758219
-10.10824138746106
-6.083291227686605
-10.60990413885318
-10.510995814329478
-9.430238704647584
-9.807334841467766
-10.66633478652939
-8.937733729724886
-7.675131772706249
-6.840380670596382
-7.444176103631636
-9.754277842048563
-10.158691289633058
-7.544092811575246
-10.75106102780009
-6.706090358946388
-7.831786993792662
-11.434291768133985
-11.427115029752404
-11.316794193088706
-10.029180966146379
-7.688073965033577
-10.968781186881367
-8.762104144720086
-10.115981022732303
-7.625131584774216
-13.224511027788026
-11.016377256954637
-11.118546074583264
-9.45095429845616
-10.34933194600546
-9.649864827973206
-9.077622312642621
-9.525850256942269
-9.178864782668171
-8.803068525932447
-10.526375215821009
-6.898328275401077
-11.121822115902297
-9.793618235721201
-10.426269573058779
-10.318321780322053
-11.448911613822588
-8.603298386767085
-9.713428979618095
-6.944928476294485
-8.700515029752404
-8.80137203513727
-7.93973478652939
-11.180429115232656
-7.716885398321907
-9.161519173750133
-10.688452164058702
-10.478504818470734
-10.645013954728418
-11.831829815578756
-10.104409182061852
-10.085611613822588
-10.859921107340728
-8.8452494139775
-8.9583202493945
-8.002115973410758
-10.258908387460037
-8.17703025128393
-8.438599205271638
-8.210169408909714
-7.60278890006195
-11.18943240970703
-11.536491227686605
-12.071815786683086
-11.727188386177412
-11.17995902892993
-10.045552709704342
-8.077946253846978
-11.703966834711384
-8.022869125296923
-9.331330380123882
-9.096811564751116
-9.09403187106709
-8.746481241819746
-12.052892127722632
-7.676785929703881
-7.686520566585923
-8.977366834711383
-10.23796251587896
-8.774097944460456
-10.10824138746106
-9.374253057869572
-10.286310002350397
-7.483773987585326
-8.134894020774759
-8.453359028929931
-9.897063545412497
-9.161519173750133
-11.681621780322052
-11.161455220888794
-10.936769408909713
-8.193993862056242
-7.608401014755364
-8.916826338889527
-9.918994706973244
-10.75106102780009
-9.514212628577953
-10.139826137886487
-7.846668891494279
-7.690410982117482
-7.684751614419803
-7.8693782595800945
-10.255940593440684
-8.352898457217178
-7.820869129539416
-10.276012809464353
-9.798155220888795
-8.097050634245921
-8.1798
-10.363888386177411
-11.076728979618094
-9.73759860761525
-11.727188386177412
-12.154397160292126
-10.82365063424592
-10.288391107013872
-10.886031821127288
-8.207061403519878
-11.379175379970073
-10.10824138746106
-9.983863601998419
-9.135673600930646
-14.190501621240772
-14.91355063424592
-9.312011144315013
-8.533763545412496
-9.953494193088705
-10.704178173058226
-8.1798
-8.755833254128813
-10.877512628577954
-10.762671803533102
-10.413256441157214
-7.446479325650274
-8.087621772297409
-7.798164115909191
-8.670609474644902
-8.967207075403136
-10.139826137886487
-10.9064
-12.40122235289773
-12.029634786529389
-11.859305806911294
-11.379175379970073
-7.686656441157215
-10.217729034556472
-11.076728979618094
-9.147695814329479
-10.774282579266117
-7.649373200175988
-7.226894193088706
-9.12786424143972
-10.139826137886487
-12.029634786529389
-7.539233821604526
-7.226894193088706
-11.038517420733882
-13.39293478652939
-10.542164782668172
-10.467118435489247
-10.064528801589518
-10.029180966146379
-12.39081883200479
-7.686656441157215
-8.350128979618095
-9.494798637933004
-8.08877320310944
-11.260363545412497
-12.029634786529389
-12.029634786529389
-8.748099791516491
-7.678498755013799
-8.676060133781924
-8.697668516254277
-9.881132351087759
-8.969449781369441
-9.483984206373794
-9.983863601998419
-10.558386993792661
-11.894368030353148
-11.3565867239862
-10.501956346116454
-11.366162248068509
-11.487913131019022
-7.920320795884441
-8.387604193791558
-8.80137203513727
-9.807334841467766
-12.680094193088705
-7.559710002350398
-9.188544676759946
-8.412916531468678
-12.516805125877797
-7.645635988038058
-7.920629007087284
-9.573469408909714
-11.226280458815106
-11.208846400351979
-12.680094193088705
-10.139826137886487
-7.880113647988058
-9.410982579266117
-12.81644523896512
-10.635196181721419
-8.53809122841447
-7.529340593440684
-11.589414167631176
-10.32938890006195
-8.836209945764477
-9.012549877185833
-9.754277842048563
-9.639323178573704
-9.680831649979885
-11.58102903455647
-12.543729115232656
-9.845546400351978
-10.068110625382028
-8.166731552642553
-10.891780154311396
-10.363888386177411
-10.82365063424592
-10.537383542683921
-11.751358014174567
-12.137582579266116
-11.385790797029696
-11.892799622370616
-11.767614489812924
-11.32815183532762
-8.47831234157781
-11.727188386177412
-9.860536407770162
-11.52797203513727
-11.316794193088706
-7.4640064145666685
-11.126332166647757
-7.879726643574993
-9.30303478652939
-9.374403717009486
-10.006805708539801
-9.365415973410757
-9.953494193088705
-8.1798
-11.353428990276235
-7.547374688115513
-7.359011613822588
-10.860833394144642
-9.2394706348845
-11.076728979618094
-12.365923178573704
-11.316794193088706
-11.117577842048563
-11.599826602795735
-11.480060580010395
-12.944329034556471
-11.78956957305878
-11.208846400351979
-11.316794193088706
-11.938366228225975
-10.9064
-10.467118435489247
-7.93973478652939
-8.349052051037948
-7.374001621240773
-7.769405806911294
-8.349104493346958
-10.70087374553844
-11.776556441157215
-12.161752207263273
-7.661458014174567
-11.117577842048563
-9.514212628577953
-11.305069578925682
-10.056724242400541
-10.774282579266117
-8.070400259285837
-8.33520801011821
-8.475866763267307
-12.161752207263273
-9.741724573212586
-7.3972231727068
-9.993245075704326
-9.442481989849846
-7.359011613822588
-8.944157738501202
-7.186835288970459
-11.161455220888794
-7.712975159235086
-11.076728979618094
-7.897001741431909
-10.256928206125357
-9.635850595791082
-8.663865965901406
-9.174445605935146
-8.102016675470036
-9.697847194372354
-12.029634786529389
-9.39463236605115
-12.092015973410756
-11.293572641622678
-9.713428979618095
-11.372633062937359
-11.562809945764474
-11.316794193088706
-9.680831649979885
-10.498824857388305
-10.707183648959857
-9.748297096544352
-8.467496601535645
-10.41700089510496
-8.999180925064671
-10.070991768133984
-10.070991768133984
-10.542164782668172
-8.947124111563276
-12.823526500641824
-10.66633478652939
-10.891780154311396
-10.97539660394099
-9.072251993128795
-11.161455220888794
-7.574646744178408
-9.522731821127289
-9.374253057869572
-9.830926554663375
-9.996461389325125
-9.435152207263272
-10.276012809464353
-11.619240593440683
-10.915348386962606
-8.11270106969374
-7.640851528328553
-8.997309940690219
-8.23239462245921
-10.540817386063933
-7.50139376815317
-8.74494138746106
-8.123369352323792
-9.170917365795507
-11.62919164561697
-11.52797203513727
-11.002623178573705
-11.340963821085861
-8.59914258005131
-7.843412937233487
-9.33987957615295
-7.420936305881675
-8.697479604908164
-7.865628985484999
-10.840054868137251
-8.4734312449536
-9.216863020106306
-9.325152164058704
-11.5718494139775
-11.624216119528826
-9.545895907686404
-9.115204818470733
-6.948617420733883
-9.334428562454681
-11.316794193088706
-10.363888386177411
-12.633699523796011
-11.397888069180135
-9.252011241886937
-7.940722399214063
-8.760523172706801
-11.727188386177412
-11.038517420733882
-11.52797203513727
-11.727188386177412
-8.80137203513727
-9.694014988973146
-8.664536870978496
-8.696250375056094
-9.001773719240337
-11.670757738501202
-7.6471992991267275
-8.035957965103094
-10.791097160292127
-9.293248222107232
-9.897063545412497
-7.4296736862799895
-8.926933169892909
-11.002623178573705
-11.90546478266817
-12.953653222018637
-8.65882096945397
-7.231244184151052
-11.002623178573705
-5.924005083086303
-10.056724242400541
-8.53717507334115
-10.217729034556472
-9.024758014174568
-10.413256441157214
-10.888550413001
-10.559705645565792
-8.547535183539576
-8.591594794970106
-7.8545702967203415
-10.82365063424592
-9.259298394394712
-10.774282579266117
-12.029634786529389
-8.653233605348795
-11.715463772014388
-9.561134094674827
-7.63823646270854
-9.152267834478424
-7.959807002553058
-12.874592800703956
-8.48869552793791
-8.507444827334627
-12.2697
-11.349036266713542
-11.715463772014388
-8.608228287763533
-8.78223095238707
-6.617283648959858
-8.482246400351977
-12.240812628577952
-9.912605860396086
-10.17164869880582
-11.139548902101
-9.24458019834098
-9.261134283205779
-10.100601621240774
-11.619240593440683
-9.00058838617741
-10.686407002553057
-10.755633047949035
-10.559210462567272
-9.211766228225974
-9.821376772354823
-8.62316635760496
-10.798452207263272
-10.070991768133984
-9.675217420733883
-8.51792510172174
-9.410982579266117
-9.798155220888795
-8.533763545412496
-8.774906236281799
-7.906726670641205
-11.002623178573705
-10.297167294893203
-9.101005728692655
-8.304807043206106
-6.952490993021658
-7.686656441157215
-11.727188386177412
-11.128824662528443
-10.728715973410758
-10.147992800703957
-9.217306815074663
-10.60793384196941
-9.230952455293544
-8.748025111448577
-11.874295814329479
-11.859305806911294
-11.479281022732302
-10.115981022732303
-10.458720086631969
-8.064482120444861
-10.04971737166241
-7.848466228225974
-10.578459209816332
-7.253535948548698
-8.672647595993743
-10.686407002553057
-10.728715973410758
-10.318321780322053
-7.642239700453237
-8.977366834711383
-7.704955980206442
-10.246154029018527
-11.52797203513727
-10.877512628577954
-10.413256441157214
-10.08984523896512
-8.210169408909714
-12.010220795884441
-11.495070589579464
-11.589414167631176
-7.8409404929016056
-7.8065131918587936
-13.226188721506782
-11.372633062937359
-8.545176057552494
-7.484777025792499
-11.208846400351979
-10.244215979277662
-8.652575379970074
-10.255940593440684
-9.45458709939474
-7.4640064145666685
-8.095933512793522
-8.958699303807625
-10.899420015150206
-11.984000507377681
-9.358873656378043
-9.501923474005844
-8.768470589579465
-11.72576911182497
-11.260363545412497
-9.024758014174568
-10.585304068330938
-11.113363776805626
-10.927493913718408
-10.126196216633772
-10.643113235063362
-10.764884387220743
-9.021069069735168
-7.580857738501202
-7.769405806911294
-8.722311613822589
-10.558386993792661
-11.52797203513727
-11.316794193088706
-11.316794193088706
-8.58075470670267
-10.835176360573906
-12.680094193088705
-9.671528476294485
-12.04970700255306
-9.060343964910347
-8.035957965103094
-12.070483648959858
-7.036691328743872
-8.79297368627999
-10.575066228225975
-8.854429034556471
-11.096801195641765
-9.932060157160777
-9.639323178573704
-10.940898301970496
-11.260363545412497
-10.143079298088267
-8.042964835841227
-11.619240593440683
-7.920320795884441
-12.2697
-12.2697
-11.161455220888794
-11.52797203513727
-8.700515029752404
-7.712975159235086
-7.309347595993743
-7.804468030353148
-10.305487468621388
-7.861822498009762
-8.689746718914968
-7.662271175439432
-12.597344827334627
-9.387761027800089
-10.388058014174566
-8.047682579266116
-11.78825531354648
-7.802077322132047
-9.845546400351978
-8.86308269662758
-8.22276719623642
-9.056749171300012
-11.862124857388304
-11.862124857388304
-7.8305469707473545
-10.774282579266117
-10.60990413885318
-8.533763545412496
-10.181834792396293
-11.589414167631176
-7.714322312642621
-10.439575159235085
-9.10241208209095
-9.733501195641763
-8.276023178573704
-9.343883648959858
-10.635196181721419
-11.002623178573705
-11.260363545412497
-10.686407002553057
-9.228928985484998
-10.115981022732303
-9.248401025413505
-7.291186253182721
-8.189049008277609
-8.53430203900776
-9.886395262782447
-9.789115752675771
-8.137117923544356
-10.496005806911294
-11.105024573212585
-7.973303198646178
-11.727188386177412
-10.056724242400541
-11.161455220888794
-9.543099999999999
-12.680094193088705
-11.316794193088706
-7.446591227686604
-7.559710002350398
-7.673923183364941
-7.630069378845993
-8.07011500189963
-10.628123227645178
-10.849969352323791
-9.555061491008422
-10.774282579266117
-11.076728979618094
-11.859305806911294
-8.1798
-6.9560649864437405
-8.697668516254277
-9.963367015473901
-7.37577023990884
-11.379175379970073
-9.52362809339815
-10.255940593440684
-11.260363545412497
-10.159618744144781
-7.920320795884441
-7.162428103229274
-11.624195213710973
-10.467118435489247
-10.375849877185832
-11.002623178573705
-11.727188386177412
-10.933661403519878
-10.9064
-6.283790936804397
-9.480303764529657
-8.430318235721202
-9.131227469895611
-7.038346124678614
-6.470959121255499
-12.860323203109441
-8.80137203513727
-10.008033229995576
-8.071852207263273
-9.418368297242008
-7.2936939221994805
-11.859305806911294
-10.286310002350397
-11.038517420733882
-11.117577842048563
-10.542164782668172
-7.787439901586122
-10.936769408909713
-8.646033062937358
-10.115981022732303
-11.590353222018637
-9.897063545412497
-9.228928985484998
-11.619240593440683
-8.611042738520478
-7.848466228225974
-8.123369352323792
-8.242181186881368
-10.968781186881367
-10.496005806911294
-12.029634786529389
-8.67949245450835
-8.73276463607318
-9.148607398292741
-9.387761027800089
-8.123369352323792
-7.4508972369730815
-10.20683074252138
-9.754277842048563
-11.816486647597054
-10.10824138746106
-7.165831545446842
-7.580857738501202
-7.446591227686604
-11.859305806911294
-11.488441824479928
-11.117577842048563
-9.180467148104057
-9.690207428152068
-9.68266498644374
-9.47600106969374
-8.682944788879787
-7.3181923558155955
-10.000078320149013
-7.539291645616969
-10.227053222018636
-9.23417634923081
-11.098846357147409
-11.366162248068509
-11.368096077769767
-9.57973479718753
-10.968781186881367
-9.178864782668171
-10.34294843162803
-8.23239462245921
-8.048867912329044
-9.870744827334626
-9.924606821666659
-9.228928985484998
-9.845546400351978
-6.787612628577953
-9.918994706973244
-9.897063545412497
-11.28713986559369
-10.674282203402054
-10.115981022732303
-10.542164782668172
-10.32938890006195
-11.763823183364941
-11.599826602795735
-9.543099999999999
-11.874295814329479
-11.208846400351979
-11.117577842048563
-10.093059179532446
-11.076728979618094
-8.167495205812914
-10.628123227645178
-11.503126137886486
-6.179514406260309
-8.281219112415954
-7.8726358562231304
-7.3196447888797875
-11.727188386177412
-12.01009760119536
-7.443168827017601
-9.164635358139233
-11.727188386177412
-13.809981772706248
-11.448911613822588
-12.2697
-7.422445509596974
-10.227523495085904
-7.7620507599401485
-9.731746378211861
-7.9924168379253615
-8.590194193088706
-7.631551578874181
-6.06720818066363
-7.537849422913212
-10.774282579266117
-8.96608890006195
-7.726586647597055
-10.133372955015352
-10.409407628033929
-7.6220911892317655
-8.871986457707946
-11.889675215821008
-8.079299772973132
-8.462355123371486
-8.533763545412496
-8.255486773057676
-8.366131944797782
-7.843412937233487
-10.255940593440684
-10.04971737166241
-9.976893893906519
-10.408868161188458
-9.064023085200049
-11.739149877185833
-10.318321780322053
-10.050990297105365
-8.408140599307588
-10.707183648959857
-8.044646886423596
-9.85962951085298
-7.580857738501202
-11.802875159235086
-12.029634786529389
-9.081682262268842
-9.845546400351978
-9.96848420050689
-9.129752814918648
-6.959824196959197
-8.123369352323792
-9.598938869848652
-8.892640593440683
-9.505814279720674
-10.00286224806851
-10.322723835300552
-8.472300761861732
-11.366162248068509
-11.816486647597054
-8.343456550802156
-7.9970937436499305
-7.364065750635206
-8.25886042131468
-7.748771757170068
-8.128876139450952
-8.756589113932632
-11.619240593440683
-8.608228287763533
-10.093059179532446
-9.918994706973244
-9.924606821666659
-10.296789455871153
-11.545134792396293
-11.727188386177412
-11.619240593440683
-11.002623178573705
-8.1798
-9.195086993792662
-10.534217365795506
-7.992545139968279
-11.448911613822588
-11.002623178573705
-9.660597575045278
-11.717790194132037
-11.624195213710973
-8.311917420733883
-8.150912628577952
-6.074772035137269
-7.9015232276451774
-8.610787836559812
-10.009333062937358
-10.75106102780009
-7.302984790420654
-11.503126137886486
-12.365923178573704
-10.307457738501203
-9.109484255445267
-7.811399112590882
-7.73073187106709
-10.833054473004314
-12.321315024655917
-11.887225241835619
-12.137582579266116
-10.246154029018527
-7.697174969151878
-7.60357140101041
-8.306759310113401
-9.713428979618095
-11.536491227686605
-11.938366228225975
-11.076728979618094
-11.727188386177412
-11.649610002350398
-12.173901272338302
-8.905755101811614
-10.532674109484361
-12.401817420733883
-11.208846400351979
-12.161752207263273
-11.72576911182497
-8.729010193136322
-10.100601621240774
-11.874295814329479
-11.038517420733882
-9.066665096131027
-11.345296841648475
-10.307457738501203
-10.645013954728418
-10.458720086631969
-10.707183648959857
-11.503126137886486
-9.589258975756877
-10.936769408909713
-11.002623178573705
-10.16213999848918
-11.04409429399595
-12.134747424604376
-8.64733575579991
-7.9670299336586385
-11.545134792396293
-11.038517420733882
-11.161455220888794
-11.04409429399595
-9.435152207263272
-10.855376455357547
-11.66753702158101
-9.582892530897496
-12.407394293995951
-11.180429115232656
-10.9064
-8.80137203513727
-9.228928985484998
-10.70930198276581
-8.488296623649836
-7.631397057299534
-9.442858138543517
-8.584302864210828
-9.958576110849584
-11.862124857388304
-9.331330380123882
-10.04279245450835
-8.700515029752404
-10.382205784771177
-11.727188386177412
-9.664218832004789
-9.54905053920516
-8.783871046696708
-9.277918597711633
-11.161455220888794
-9.264823227645177
-9.415738216618324
-9.44292144613194
-10.093059179532446
-11.076728979618094
-11.379175379970073
-8.385086513170688
-8.047682579266116
-10.936769408909713
-8.767351508465895
-9.460350634245922
-11.260363545412497
-10.241320747752079
-9.81854161769308
-10.464305728692654
-7.801335358139233
-8.131498637933005
-11.78956957305878
-11.013906205458548
-12.029634786529389
-10.382710106585801
-10.365073719240337
-10.64692079588444
-7.980583648959858
-12.680094193088705
-10.774282579266117
-9.754277842048563
-5.869544732293866
-7.502924891154276
-7.689450880039017
-9.144944846927213
-6.478438045968949
-7.625563772014388
-10.458720086631969
-10.267614530435637
-8.265248821670433
-10.307457738501203
-8.371323360319654
-9.447617376453646
-9.717389353362252
-10.352163772014388
-8.977366834711383
-8.1798
-8.276023178573704
-9.387761027800089
-9.941769578925683
-9.30501166204601
-8.338404365455073
-8.944157738501202
-11.536491227686605
-11.359234408476372
-10.10824138746106
-7.626589897248309
-10.575066228225975
-7.646838168485963
-8.492197452528265
-10.75106102780009
-9.949364115882958
-12.440028979618095
-9.844412678626467
-8.835591282993464
-11.453145238965119
-12.81644523896512
-10.907882037487667
-9.343883648959858
-8.027767873339705
-11.906331021277726
-8.340497167785445
-9.38801519016075
-9.033455999920847
-9.011342794877462
-8.58842063110197
-12.240812628577952
-11.44155656685144
-10.783832361574667
-8.286564827973205
-8.1798
-8.83828045661394
-9.953494193088705
-9.11808596122269
-11.859305806911294
-11.727188386177412
-10.66633478652939
-9.953494193088705
-10.387236829643598
-8.80137203513727
-10.82365063424592
-10.592228985484999
-9.34600198276581
-8.836209945764477
-10.894095205812915
-12.597458405273668
-8.283030049311837
-10.678419600527967
-8.097050634245921
-8.799685211008764
-10.9064
-10.628123227645178
-10.093059179532446
-7.49353923286626
-11.670757738501202
-11.208846400351979
-8.256899234889284
-9.457781980901746
-11.161455220888794
-9.48666935232379
-10.035947595993743
-10.933661403519878
-11.316794193088706
-11.316794193088706
-9.352832188483422
-9.348127922813593
-7.246517420063318
-10.9064
-11.619240593440683
-9.953494193088705
-10.460480560228888
-6.788999593013736
-8.450281440904366
-10.877512628577954
-7.580857738501202
-10.093059179532446
-10.190606414566668
-10.628123227645178
-7.817761291678914
-11.945171747604514
-12.010220795884441
-9.733501195641763
-10.00286224806851
-9.295582286892863
-12.114361027800088
-7.655322480852239
-10.628123227645178
-11.703966834711384
-9.329263803271253
-9.902470648446252
-9.024758014174568
-9.897063545412497
-10.877512628577954
-10.714129225234513
-11.161455220888794
-11.208846400351979
-11.74157144975241
-10.188841663134426
-11.727188386177412
-8.45241997454247
-10.50947961973092
-10.798452207263272
-9.713034395353455
-11.208846400351979
-12.623663545412496
-9.939671425742311
-6.478438045968949
-10.164672035137269
-10.510995814329478
-12.029634786529389
-10.73239349689633
-11.260363545412497
-10.371225545663307
-8.481097378762488
-11.52797203513727
-8.031332366051153
-11.076728979618094
-11.305069578925682
-9.519878448533971
-11.038517420733882
-10.051810739784854
-10.009333062937358
-12.572146400351977
-11.219905089116637
-11.002623178573705
-9.358873656378043
-8.827306414566667
-11.002623178573705
-9.323107002553058
-8.1798
-8.123369352323792
-14.453788386177411
-8.123369352323792
-8.899588729625206
-8.854429034556471
-7.9015232276451774
-12.029634786529389
-10.64692079588444
-8.955021780322053
-9.807334841467766
-10.056724242400541
-11.009630049311836
-11.260363545412497
-10.453186647597056
-9.775810166499463
-8.66520853715056
-8.022188189434427
-10.388058014174566
-7.394073837264442
-12.300069408909714
-7.43020269098788
-8.255486773057676
-11.649610002350398
-12.240812628577952
-11.69268890006195
-11.316794193088706
-8.84433923137369
-9.798155220888795
-11.602698428962187
-11.203932897736289
-11.038517420733882
-8.956714729622623
-9.132705806911295
-11.52797203513727
-12.623663545412496
-11.117577842048563
-10.473051235923535
-10.056724242400541
-9.514212628577953
-11.379175379970073
-11.52797203513727
-9.602200991969546
-8.809891227686604
-10.070991768133984
-10.467118435489247
-11.448911613822588
-11.364780223991943
-9.80272724103774
-10.60990413885318
-8.002115973410758
-11.463143038603782
-9.200041614062952
-8.544627587233347
-8.311917420733883
-8.865635810781786
-7.456106129812097
-9.750063776805627
-9.09126516665327
-9.163075215821008
-11.293572641622678
-9.498016014684687
-12.407394293995951
-12.271182037487668
-12.952714167631175
-8.352261989011524
-9.990128990276236
-11.076728979618094
-11.816486647597054
-10.686407002553057
-9.692714862465081
-11.161455220888794
-8.390977842048564
-7.920320795884441
-7.4819494139775005
-11.161455220888794
-11.208846400351979
-10.155440366413815
-7.93973478652939
-8.434855220888794
-8.00519397192874
-9.953494193088705
-7.769405806911294
-9.713428979618095
-6.194336187035176
-10.912350539205159
-10.165518459394617
-7.490204641445701
-8.717887630595825
-9.306995160273546
-8.047682579266116
-8.002115973410758
-8.927179552449735
-11.316794193088706
-10.100601621240774
-8.86469376815317
-11.52797203513727
-7.430007342905996
-10.659313821085862
-11.18943240970703
-8.73276463607318
-10.130172549021808
-11.503126137886486
-11.316794193088706
-11.581318274280106
-11.52869791249381
-11.511292800703956
-6.691530436709803
-6.58238532573455
-10.774282579266117
-10.66633478652939
-8.045319008593605
-9.306995160273546
-11.316794193088706
-9.671528476294485
-7.226894193088706
-9.343883648959858
-9.24791000008012
-8.955021780322053
-11.739149877185833
-10.190606414566668
-13.252975215821008
-11.316794193088706
-11.310902864210828
-10.518635580549766
-12.680094193088705
-11.038517420733882
-12.680094193088705
-7.9749017183749435
-9.680831649979885
-10.999150595791082
-9.870744827334626
-11.816486647597054
-11.58102903455647
-10.968781186881367
-9.971528287763533
-10.64692079588444
-8.45241997454247
-11.379175379970073
-11.299293204648142
-11.04596498644374
-8.857210904985921
-8.788818766301292
-11.727188386177412
-9.081410731116557
-10.357997057299533
-10.774282579266117
-10.510995814329478
-10.199509945764476
-11.316794193088706
-10.155440366413815
-11.590353222018637
-11.109179493191284
-12.04970700255306
-9.455224423286943
-9.713428979618095
-10.26589164561697
-9.064286756398875
-7.9015232276451774
-12.2697
-10.67228532573455
-11.316794193088706
-11.316794193088706
-9.259298394394712
-11.727188386177412
-7.782879619730919
-7.790499720629701
-7.445733771103461
-10.056724242400541
-10.82365063424592
-10.9064
-11.718322948514183
-11.406092454508348
-11.599826602795735
-10.245184211165032
-10.296789455871153
-9.33966958371692
-9.144667297919716
-10.375849877185832
-8.150912628577952
-9.514212628577953
-9.675217420733883
-9.886395262782447
-10.575066228225975
-11.836522503983614
-9.30303478652939
-11.161455220888794
-9.907927587233347
-12.029634786529389
-5.973915029752404
-10.65931382108586
-10.855121167975636
-9.534284844601622
-10.226114167631177
-11.862124857388304
-9.817176144397237
-10.226114167631177
-10.029180966146379
-6.9709426064387205
-10.453346797362165
-11.58102903455647
-11.076728979618094
-11.117577842048563
-8.737301621240773
-9.971528287763533
-10.236526602795735
-9.679879514464965
-11.52797203513727
-8.848904201306008
-8.657861787117737
-8.216434797187532
-8.682252709704342
-7.705892079975847
-8.42571382916518
-8.809891227686604
-9.216863020106306
-10.1238231727068
-12.401817420733883
-11.652734408900004
-11.278342779667689
-11.889675215821008
-7.128467376341494
-8.566972641622678
-8.788818766301292
-10.34294843162803
-12.850423172706801
-11.763823183364941
-11.751358014174567
-11.24443235108776
-11.016720836663698
-10.439575159235085
-8.598541794949352
-8.955021780322053
-9.049956441157216
-8.434855220888794
-11.52797203513727
-11.816486647597054
-12.480877842048564
-9.211766228225974
-7.18921944424418
-10.64692079588444
-9.363227158839628
-8.024461027800088
-9.68004766884382
-8.350128979618095
-7.381641387461061
-9.639323178573704
-10.66633478652939
-9.066929946802937
-9.455224423286943
-7.637288386177411
-10.866341095881753
-11.04596498644374
-11.751358014174567
-10.786244070274538
-8.659190797029694
-11.955528985484998
-11.359761389325124
-9.845546400351978
-9.246604138853181
-9.924606821666659
-8.071852207263273
-9.163075215821008
-7.38395267341706
-6.340329946802936
-11.208846400351979
-10.113648490494816
-7.186835288970459
-11.161455220888794
-7.469983615959595
-8.497236407770162
-9.48666935232379
-11.117577842048563
-11.448911613822588
-10.265908654829165
-10.029882130918594
-11.113363776805626
-11.448911613822588
-11.609454029018526
-11.328755684097127
-10.900508671122124
-8.649949771821642
-11.511292800703956
-8.578469578925683
-9.348127922813593
-9.958249830440915
-8.307362648535882
-7.564402816882538
-10.453186647597056
-7.225386192354408
-8.416912221477963
-9.514212628577953
-9.675217420733883
-11.52797203513727
-10.115981022732303
-8.818534792396292
-11.69268890006195
-11.203932897736289
-11.265770648446253
-8.444534318827735
-11.02751883200479
-11.503126137886486
-11.703966834711384
-8.09294612098168
-12.332081186881368
-9.096393777834678
-11.316794193088706
-11.316794193088706
-11.228918616375648
-10.093059179532446
-7.486429646874547
-11.208846400351979
-11.830418435489246
-11.938366228225975
-11.955528985484998
-12.186950634245921
-9.275841475396623
-12.029634786529389
-10.968781186881367
-11.473193690356524
-8.412510166499462
-7.775356346116455
-9.28362079588444
-9.573469408909714
-8.533763545412496
-10.810917376453647
-11.463901621240772
-9.25038391974336
-11.727188386177412
-10.793538704647583
-11.385790797029696
-10.199509945764476
-11.161455220888794
-8.822904359588168
-9.083041789082449
-10.66633478652939
-11.04596498644374
-8.165469041200357
-8.165180154311395
-6.520004138853181
-8.808323024008342
-11.62919164561697
-8.229168054979803
-8.537543326302675
-11.208846400351979
-8.621937905023444
-8.594949830440914
-9.076275159235085
-7.723839201055936
-9.460350634245922
-11.875815901601367
-9.713428979618095
-10.164672035137269
-9.675217420733883
-9.775810166499463
-10.08635263256642
-7.333871780362461
-8.210169408909714
-7.618638854860328
-8.20830264855977
-7.359011613822588
-7.7620507599401485
-7.914618597711632
-9.540147008007354
-8.81074992786204
-9.798155220888795
-10.798452207263272
-11.002623178573705
-8.722311613822589
-7.248601972768976
-9.543099999999999
-11.448911613822588
-9.462155345275379
-8.818534792396292
-7.564402816882538
-9.646330049311835
-10.75106102780009
-10.732393496896332
-10.953199401635628
-10.181834792396293
-10.106705527540996
-11.42047227412317
-12.070483648959858
-7.312532721163317
-9.965455684097126
-11.448911613822588
-11.09273194479778
-7.123921926440122
-8.592567237015677
-10.628123227645178
-10.276012809464353
-9.012549877185833
-12.070483648959858
-13.069246434598735
-10.783832361574667
-8.382579493191285
-7.968030380123881
-7.350196458424212
-12.926109945764475
-11.943525997397753
-11.503614814446488
-11.179019974542472
-11.639312809464354
-12.070483648959858
-10.9064
-9.001062424442974
-11.179019974542472
-11.681621780322052
-9.250203381956574
-11.889675215821008
-11.451730664299598
-8.918869610182547
-11.002623178573705
-10.496005806911294
-8.5209844809847
-8.452457508135764
-11.362132583326634
-11.505860779793533
-7.670220843519898
-9.639323178573704
-9.907927587233347
-11.117577842048563
-11.038517420733882
-9.83575983592982
-10.633700100907244
-12.087889981731715
-11.050801205096361
-9.934844799675593
-10.66633478652939
-11.52797203513727
-11.239215809261692
-11.830418435489246
-11.588101988632712
-12.54236298230634
-10.497487844398961
-10.9064
-11.315374918736264
-7.862156402702376
-10.439575159235085
-10.526375215821009
-11.1260970345979
-12.070483648959858
-12.045637751709078
-11.038517420733882
-9.918994706973244
-9.27603000387049
-11.228918616375648
-12.982540593440683
-12.827201621240773
-11.776556441157215
-8.236941562711204
-12.812211613822589
-11.448911613822588
-8.139741095881753
-7.194633173409653
-10.724346406218881
-10.490114478033417
-10.340666834711383
-9.990128990276236
-8.156578448533972
-7.174243326302675
-7.632570642752521
-12.2697
-11.588101988632712
-12.2697
-10.328652096895778
-11.038517420733882
-12.406051045876413
-9.430238704647584
-8.116119108309162
-13.22408784439896
-11.315374918736264
-12.406051045876413
-10.75106102780009
-7.44419347163534
-11.915144676759947
-8.836209945764477
-8.321617647374886
-8.339178824253763
-10.662008755766605
-12.251687681288004
-10.255940593440684
-9.076275159235085
-7.09953240970703
-8.431222855709526
-9.032205579884426
-11.208846400351979
-11.448911613822588
-12.201514075125967
-8.043467842166917
-13.765117420733883
-11.406092454508348
-10.088424789222614
-11.588101988632712
-10.542889851524992
-11.031162373762735
-11.639312809464354
-9.573469408909714
-12.480877842048564
-8.908643558620371
-10.255940593440684
-9.014971449752409
-8.241523692458243
-10.347538172962446
-9.733991390509432
-11.889675215821008
-11.955528985484998
-13.39293478652939
-9.31499627753781
-7.3893810227323025
-12.812211613822589
-9.990128990276236
-8.963858864780866
-8.9982248155049
-7.769405806911294
-10.340666834711383
-9.31499627753781
-8.009619057304086
-9.508600513884538
-10.558386993792661
-9.27043745689118
-12.13333492214395
-10.558386993792661
-8.73427310483101
-12.13333492214395
-11.24653190529916
-10.056724242400541
-9.076275159235085
-9.543099999999999
-11.042751045876413
-10.633700100907244
-10.633700100907244
-10.406506272653074
-10.439575159235085
-11.379175379970073
-11.398397960196888
-9.83575983592982
-9.667862373762738
-8.366131944797782
-11.042751045876413
-10.096926500641825
-9.479419108309163
-9.965455684097126
-10.413256441157214
-11.859305806911294
-6.298158014174567
-12.2697
-10.0884306642996
-11.179019974542472
-11.451730664299598
-10.497487844398961
-8.1798
-11.58102903455647
-9.103818435489247
-9.172498337808792
-11.379175379970073
-7.128897452528265
-13.09048838617741
-12.161752207263273
-14.345840593440684
-9.024758014174568
-8.311917420733883
-11.751358014174567
-10.592228985484999
-12.161752207263273
-7.225711228325183
-8.605791767176088
-12.963126602795736
-8.043451382155434
-9.89598802528536
-8.780609469295221
-11.293572641622678
-10.24432981770767
-11.451730664299598
-12.2697
-11.997000100907245
-10.592228985484999
-10.400795200469304
-10.633700100907244
-9.397866486983947
-8.295135404655111
-10.413256441157214
-11.955528985484998
-12.2697
-12.572146400351977
-11.451730664299598
-8.269098261419645
-10.798452207263272
-11.07437010790565
-8.262852418305634
-9.82613240970703
-10.131770589579466
-9.754277842048563
-8.292981101488124
-9.713428979618095
-11.889675215821008
-12.029634786529389
-10.770034922143951
-10.849969352323791
-10.856649948824371
-9.095420086631968
-7.711094279200716
-9.049956441157216
-10.9064
-7.512414713027059
-9.05253628692603
-9.019844511558878
-9.38035712636394
-11.72435323151567
-12.678674918736265
-13.08765323151567
-12.13333492214395
-11.69363892102428
-11.619240593440683
-10.592228985484999
-10.296789455871153
-10.690504414526547
-9.73759860761525
-10.36247080884654
-11.451730664299598
-13.22408784439896
-11.042751045876413
-11.860787844398962
-8.67949245450835
-11.451730664299598
-9.065606876605035
-8.683637677978384
-11.58102903455647
-11.619240593440683
-10.255940593440684
-8.683637677978384
-12.678674918736265
-7.4353715804345155
-10.633700100907244
-11.117577842048563
-10.558386993792661
-11.117577842048563
-8.977366834711383
-7.8060406040988255
-10.224801988632713
-10.968781186881367
-10.75106102780009
-6.97047876640313
-10.497487844398961
-10.633700100907244
-9.361336599660456
-10.939902103048622
-12.114361027800088
-10.798452207263272
-10.592228985484999
-12.401817420733883
-8.718634090337016
-8.984457876337885
-11.802875159235086
-11.282294706973245
-11.479281022732302
-11.830418435489246
-11.860787844398962
-10.467118435489247
-10.298303714076035
-11.545134792396293
-9.86604132491999
-12.114361027800088
-10.924434094674828
-10.517099720629702
-11.09273194479778
-11.08467639649076
-6.186112809464352
-13.354723227645177
-9.27043745689118
-10.497487844398961
-11.39248096614638
-14.9963
-11.52797203513727
-11.511292800703956
-10.363888386177411
-11.218797452528264
-11.52797203513727
-12.332081186881368
-11.143512221477962
-9.06296957305878
-9.049956441157216
-9.30303478652939
-8.955021780322053
-12.358998261419643
-6.634446406218882
-10.547620831567212
-6.617283648959858
-9.305412605205493
-8.920936187035176
-12.186950634245921
-9.936244450030975
-8.203969627997155
-8.997776801796418
-10.825397301757018
-10.9064
-12.2697
-8.424919350283226
-7.555569610182548
-9.798155220888795
-8.626828990276236
-7.93973478652939
-7.614066834711383
-7.359011613822588
-11.400227008101247
-8.66588096614638
-10.526375215821009
-10.628123227645178
-12.406051045876413
-11.80616816112807
-7.634479158876101
-9.816659028929932
-11.28006467169216
-12.797591768133984
-9.010138168485962
-7.7268620947605156
-11.316794193088706
-11.681621780322052
-7.297222796842738
-10.181834792396293
-11.016720836663698
-11.328879007087284
-7.264790063526527
-7.137998678712262
-9.12105945196622
-10.563362519880805
-10.413256441157214
-11.320762024687335
-9.83575983592982
-11.293572641622678
-6.679664835841225
-10.324062286606292
-8.775069818195067
-11.399247595993742
-11.921686993792662
-11.859305806911294
-11.639312809464354
-11.434291768133985
-8.42581575267577
-7.568078674073404
-11.443628635922085
-9.415738216618324
-14.142482258639117
-10.686407002553057
-8.788984404480349
-9.14651790617054
-11.179019974542472
-10.497487844398961
-10.224801988632713
-10.240358808194943
-8.908643558620371
-13.765117420733883
-11.18943240970703
-11.434467928111566
-6.577621308492876
-9.590797163243844
-13.57656935232379
-7.715975488863951
-10.036299811185309
-8.781412605792134
-10.085611613822588
-9.0844044448443
-10.388058014174566
-11.170634841467766
-7.980583648959858
-10.75106102780009
-9.191864636578764
-11.161455220888794
-7.934001499643247
-9.930272641622677
-9.163075215821008
-7.769405806911294
-11.023897575045279
-11.477403648871796
-12.114361027800088
-10.592472880965765
-8.347989475706417
-12.066269583716918
-10.849969352323791
-6.799113988483226
-7.489097271421187
-7.70204261698575
-10.490869970951628
-9.20503804596895
-13.525052207263272
-10.115981022732303
-10.940865041273465
-10.950155485810459
-10.966155578732936
-9.968056317222429
-9.618786773057675
-9.875915809261691
-7.831786993792662
-9.30303478652939
-12.092015973410756
-7.299761882028822
-7.678221836602478
-9.365415973410757
-10.252045228031651
-12.029634786529389
-11.434291768133985
-9.297690841388613
-10.783187337021278
-13.08765323151567
-11.80616816112807
-11.316794193088706
-13.765117420733883
-8.145722369080385
-10.015875379970073
-7.411606236281799
-13.179946797362167
-10.496005806911294
-9.215159209816331
-12.5423653321498
-7.972185300102579
-7.664984088808007
-7.018862686650186
-13.08765323151567
-6.298158014174567
-10.318321780322053
-11.72436538260342
-11.451730664299598
-11.588101988632712
-10.388058014174566
-9.374253057869572
-11.315374918736264
-10.9064
-11.221583586646716
-9.44510325943956
-11.753830141637405
-9.952074918736264
-7.642760675221528
-11.068886829643597
-9.387761027800089
-9.134098817458387
-11.366162248068509
-9.592468054979804
-8.261573249278053
-11.859305806911294
-8.128776455357547
-9.807334841467766
-8.495215676569126
-8.700515029752404
-11.068886829643597
-10.296789455871153
-8.946314657706965
-11.042751045876413
-8.482246400351977
-11.161455220888794
-10.62070050737768
-10.478504818470734
-9.435152207263272
-10.070991768133984
-12.070483648959858
-11.249695262782446
-11.256870932783745
-12.53561634641909
-10.5049541938739
-11.315374918736264
-14.043394193088705
-11.406092454508348
-10.388058014174566
-10.224801988632713
-10.224801988632713
-9.374253057869572
-7.257263601998419
-9.081682262268842
-6.849054761071861
-8.602155684097127
-9.097837689985036
-10.526375215821009
-8.462832409707032
-8.701943434949879
-11.061147194372355
-13.360300100907246
-11.830418435489246
-12.27565053920516
-13.023389455871152
-8.806468827017602
-7.332950375056094
-7.831786993792662
-12.678674918736265
-12.301450023825817
-8.334547194372355
-8.720833276806905
-10.798452207263272
-10.426269573058779
-9.845546400351978
-9.679451045876416
-10.849969352323791
-8.90058801031335
-10.558386993792661
-9.178864782668171
-9.28362079588444
-9.789115752675771
-11.179019974542472
-12.406051045876413
-11.843385625203947
-12.209713258113775
-11.479281022732302
-9.411988443116808
-10.115981022732303
-9.425365642841115
-8.877058808194944
-11.792570537957316
-11.451769445137687
-10.75106102780009
-11.921686993792662
-10.254398646010623
-8.730095204293622
-12.114361027800088
-11.038517420733882
-12.114361027800088
-10.982086773057674
-9.166199622370616
-11.282294706973245
-12.114361027800088
-10.501956346116454
-13.659805093852064
-9.713153333231151
-8.590194193088706
-9.618786773057675
-11.016720836663698
-5.9040202967242195
-5.887763821085861
-11.681621780322052
-10.255940593440684
-12.480877842048564
-11.72435323151567
-10.770034922143951
-10.592228985484999
-9.897063545412497
-10.070991768133984
-11.483973837264443
-9.82613240970703
-9.543099999999999
-7.831786993792662
-8.358076396490759
-8.155440938737053
-7.588223550545981
-10.900537692918487
-11.262432449077181
-11.457261803972106
-9.057729948888616
-9.492076455357548
-11.239215809261692
-10.628123227645178
-12.406051045876413
-10.890049786785035
-9.049956441157216
-8.977366834711383
-14.345840593440684
-8.977366834711383
-10.439575159235085
-9.599720141570346
-11.102545545164471
-12.440028979618095
-6.8165
-10.925044794746691
-8.921646403285429
-10.849969352323791
-11.063991793323359
-8.465704235873481
-10.584856526308561
-11.511292800703956
-12.883164075125968
-13.49663492214395
-11.00865171694779
-10.070991768133984
-9.44510325943956
-8.804765016727627
-9.470738157999053
-8.134233394144642
-12.506812221477963
-11.860787844398962
-9.886395262782447
-9.091975382903525
-10.0884306642996
-11.042751045876413
-12.406051045876413
-8.7251157920004
-9.228928985484998
-13.252975215821008
-9.965455684097126
-11.406092454508348
-6.574464489645619
-11.959022055600178
-8.888706534666516
-9.58606719623642
-9.789115752675771
-8.10378175849121
-8.931378674073404
-10.601000607655374
-11.055789025068712
-9.679451045876416
-11.179019974542472
-11.042751045876413
-9.762797034597899
-7.121220377321941
-10.00286224806851
-10.849969352323791
-9.58225963541534
-12.480877842048564
-12.480877842048564
-13.044921780322051
-11.028333331297528
-10.798452207263272
-11.776556441157215
-9.984684786529389
-9.660597575045278
-11.305183417355693
-11.727188386177412
-12.812211613822589
-12.132864835841225
-10.318321780322053
-11.239215809261692
-8.700614209464572
-8.300128791686063
-8.262934338767533
-6.765476455357548
-10.66633478652939
-11.448911613822588
-8.11801118302015
-9.198385462865112
-7.88330413885318
-10.195932450486287
-10.363888386177411
-10.981414344061855
-9.641416546696147
-9.049956441157216
-12.440028979618095
-13.139856441157216
-11.038517420733882
-11.260363545412497
-12.81498492214395
-9.543099999999999
-11.76981164071465
-10.834038157999053
-11.776556441157215
-11.60811348984926
-10.558386993792661
-10.345670414020036
-10.340666834711383
-9.182073861891098
-9.331330380123882
-9.952074918736264
-9.037223183364942
-10.085611613822588
-11.703966834711384
-10.363888386177411
-12.213269352323792
-11.802875159235086
-11.420024242400542
-11.434291768133985
-13.695381186881367
-10.497487844398961
-10.085611613822588
-8.326907428152067
-7.5352911326458445
-7.802899622370616
-8.250795729083407
-8.102221616172987
-8.69342424240054
-10.798452207263272
-9.134098817458387
-12.678674918736265
-9.907927587233347
-11.703966834711384
-9.789115752675771
-11.860787844398962
-7.436045540287799
-6.133405907818539
-10.236526602795735
-8.768470589579465
-11.955528985484998
-11.751358014174567
-8.988863772014389
-9.48666935232379
-10.592228985484999
-9.134098817458387
-13.765117420733883
-10.296789455871153
-7.865628985484999
-9.743383043952951
-11.316794193088706
-13.067266834711383
-12.358998261419643
-12.2697
-11.562809945764474
-12.070483648959858
-12.645594706973245
-11.427115029752404
-7.848466228225974
-8.797998386880264
-7.75478596122269
-11.619240593440683
-10.924434094674828
-9.650361385322174
-9.679451045876416
-10.068110625382028
-8.822027862511472
-9.44510325943956
-12.372930049311837
-9.941769578925683
-9.567269627997156
-10.496005806911294
-14.175511613822588
-9.618786773057675
-9.865618616375647
-10.798452207263272
-9.460910779793531
-11.109179493191284
-11.134740599307587
-12.029634786529389
-10.439575159235085
-9.049956441157216
-8.933489455871152
-10.75106102780009
-10.462919261060609
-7.587352213130176
-11.038517420733882
-10.849969352323791
-10.66633478652939
-10.9064
-13.086863496140921
-12.332081186881368
-12.54231997454247
-10.647302902168875
-7.705487226242244
-10.633700100907244
-10.770034922143951
-10.89483761885868
-7.786829830777711
-7.374001621240773
-9.691482274181134
-9.060343964910347
-10.628123227645178
-9.365415973410757
-11.042751045876413
-11.451730664299598
-12.133365416914382
-8.555694706973243
-9.612096603940989
-6.192269610182548
-8.544627587233347
-11.406092454508348
-11.660089455871152
-11.859305806911294
-10.6027706348845
-13.08765323151567
-10.272552166178341
-9.697847194372354
-11.802875159235086
-10.236526602795735
-10.963995770160128
-13.002612809464352
-10.296789455871153
-10.968781186881367
-9.034709066350853
-9.990128990276236
-8.36370375137175
-11.52797203513727
-8.746481241819746
-10.045552709704342
-7.529340593440684
-9.0844044448443
-11.271227587233346
-10.628123227645178
-9.82613240970703
-8.329951515408712
-10.100601621240774
-9.886395262782447
-11.406092454508348
-10.340447953493584
-8.266350814878525
-9.470738157999053
-8.55013528897046
-12.769392454508349
-10.658492636554891
-10.0884306642996
-10.224801988632713
-8.1798
-8.682252709704342
-9.553191560904091
-13.023389455871152
-10.056724242400541
-12.132864835841225
-11.510380513900046
-10.236526602795735
-6.899975100599775
-7.337215029752404
-10.70961019396865
-11.681621780322052
-11.117577842048563
-9.27043745689118
-10.070991768133984
-12.812211613822589
-11.100898607615251
-10.633700100907244
-10.633700100907244
-9.679451045876416
-10.633700100907244
-9.987859474686893
-12.213269352323792
-8.946314657706965
-8.385924551056076
-8.183363142151142
-7.84509257996897
-11.859305806911294
-9.82613240970703
-7.740518435489247
-11.892799622370616
-8.568112341045197
-13.067266834711383
-11.859305806911294
-10.628123227645178
-8.145300513884537
-11.703966834711384
-10.97539660394099
-8.997776801796418
-9.543099999999999
-9.925136805663012
-9.901385270200631
-8.669931656978223
-10.455946902793048
-12.161752207263273
-8.839809188867868
-9.450142214681458
-8.434855220888794
-8.926597876104214
-13.318828985484998
-11.660089455871152
-10.255940593440684
-9.855497452528263
-8.635713434945224
-11.941759209816333
-10.628123227645178
-9.401584387220742
-11.72435323151567
-12.13333492214395
-8.641809217744623
-11.860787844398962
-10.9064
-12.815030664299597
-9.58606719623642
-9.519878448533971
-9.634547467941438
-8.55346467169216
-10.361053231515669
-11.451730664299598
-11.340963821085861
-8.707691768133984
-8.047682579266116
-7.151396913925168
-8.660522796842738
-9.299113711542141
-9.875915809261691
-10.147992800703957
-7.603683271330475
-8.17449517306922
-9.492076455357548
-7.897834283205778
-9.070916989931444
-12.070483648959858
-11.249695262782446
-12.114361027800088
-8.469844404846722
-8.22269977501376
-10.855228533802638
-11.038517420733882
-10.628123227645178
-12.905912303592222
-7.263528990276237
-8.269098261419645
-11.042751045876413
-13.633
-11.860787844398962
-12.406051045876413
-13.08765323151567
-12.815030664299597
-11.860787844398962
-12.592218616375648
-11.52797203513727
-10.467118435489247
-12.951401988632712
-12.2697
-13.769351045876414
-11.042751045876413
-10.633700100907244
-12.065167511525598
-10.224801988632713
-7.4819494139775005
-11.110901044769978
-10.224801988632713
-12.33782744834321
-11.860787844398962
-10.770034922143951
-8.367756290582536
-11.776556441157215
-12.951401988632712
-12.2697
-11.72435323151567
-11.65625925434928
-12.20260106969374
-10.526375215821009
-11.448911613822588
-5.881628287763533
-11.619240593440683
-10.66633478652939
-9.348127922813593
-12.38719757504528
-12.416807428152067
-12.634527587233347
-10.0884306642996
-8.683637677978384
-10.508090620909872
-11.99513530041393
-10.707183648959857
-11.751358014174567
-8.316128684206275
-10.783832361574667
-10.230824404622927
-8.892640593440683
-11.263601878009634
-10.849969352323791
-9.815719974542471
-9.952074918736264
-12.645594706973245
-10.601000607655374
-13.22408784439896
-11.727188386177412
-11.170634841467766
-8.47440425037748
-8.587830622416194
-10.930569627997155
-12.704263821085862
-12.161752207263273
-5.9040202967242195
-6.228421780322053
-9.264823227645177
-11.057623200175989
-7.155791189975538
-9.101005728692655
-12.13333492214395
-10.361053231515669
-12.951401988632712
-12.13333492214395
-9.555061491008422
-9.109484255445267
-7.831786993792662
-10.069549444236355
-9.639323178573704
-9.543099999999999
-10.526375215821009
-12.2697
-11.208846400351979
-11.208846400351979
-10.75106102780009
-9.47600106969374
-11.038517420733882
-11.860787844398962
-10.633700100907244
-9.543099999999999
-9.816659028929932
-8.867886946041606
-11.038517420733882
-11.038517420733882
-7.596123835300553
-8.444960680072652
-12.815030664299597
-10.66633478652939
-11.619240593440683
-10.968781186881367
-10.00286224806851
-9.430238704647584
-12.982540593440683
-13.765117420733883
-9.888336805401543
-11.239215809261692
-10.798452207263272
-10.9064
-11.448911613822588
-11.448911613822588
-11.997000100907245
-11.72435323151567
-10.361053231515669
-11.776556441157215
-11.009630049311836
-11.599826602795735
-12.812211613822589
-11.08467639649076
-12.401817420733883
-7.646838168485963
-11.179019974542472
-10.633700100907244
-10.497487844398961
-7.757681192748271
-9.543099999999999
-11.451730664299598
-8.63956224806851
-11.420024242400542
-8.304562373762737
-11.161455220888794
-11.038517420733882
-10.467118435489247
-8.9982248155049
-7.815564782668171
-9.789115752675771
-9.531375385836977
-11.681621780322052
-9.667862373762738
-10.526375215821009
-9.952074918736264
-10.361053231515669
-9.57973479718753
-10.318321780322053
-8.366131944797782
-9.57973479718753
-9.492076455357548
-8.778150483671242
-10.217729034556472
-13.765117420733883
-12.680094193088705
-7.568078674073404
-9.519878448533971
-12.506812221477963
-13.222605806911293
-13.222605806911293
-9.952074918736264
-10.9064
-11.179019974542472
-10.296789455871153
-8.156578448533972
-9.381007042834831
-8.389288615033436
-10.131770589579466
-11.275323131696252
-10.968781186881367
-12.2697
-10.9064
-10.770034922143951
-9.952074918736264
-12.951401988632712
-10.496005806911294
-9.953494193088705
-8.540258020041472
-9.48666935232379
-9.60745806239799
-10.070991768133984
-7.472371941486495
-9.406781951308531
-11.70624843162803
-9.440106827533562
-9.991390063526527
-7.385653369282582
-10.0884306642996
-10.181834792396293
-7.307852288038118
-10.276012809464353
-10.526375215821009
-8.854429034556471
-10.888899011559438
-10.147992800703957
-9.754277842048563
-9.178864782668171
-9.243026643574993
-6.760069352323791
-7.09953240970703
-9.72137639649076
-11.52797203513727
-12.2697
-12.926109945764475
-11.451730664299598
-10.9064
-7.540095002140735
-8.091924423286942
-9.786679221772536
-9.555061491008422
-9.531375385836977
-12.401817420733883
-11.921686993792662
-11.406092454508348
-9.503041095881754
-10.467118435489247
-11.599826602795735
-10.011665910577562
-7.951696277537811
-10.9064
-11.239215809261692
-9.720576837061781
-11.271227587233346
-10.75106102780009
-9.618786773057675
-9.639323178573704
-10.66633478652939
-10.628123227645178
-10.070991768133984
-11.316794193088706
-10.147992800703957
-10.388058014174566
-12.406051045876413
-11.997000100907245
-11.260363545412497
-9.39694064837906
-8.998699787532232
-9.455224423286943
-9.182073861891098
-10.015875379970073
-10.674282203402054
-8.7251157920004
-11.117577842048563
-9.00058838617741
-8.482246400351977
-9.653420836663699
-7.591721780322053
-7.3415106253820275
-8.79631874414478
-7.1768491929724805
-7.220683812088682
-13.651034094674827
-9.918994706973244
-9.815719974542471
-8.898591132645844
-8.741873641389718
-9.123890651512918
-10.361053231515669
-9.406781951308531
-9.264823227645177
-7.772373600930647
-8.501298678712262
-7.202535131825758
-9.771440599307587
-9.406781951308531
-8.3104390837182
-8.071852207263273
-8.240210889997597
-8.018118938590444
-8.564699803257016
-9.632398261419644
-6.840669627997156
-12.678674918736265
-13.114658014174566
-12.293869627997156
-11.218797452528264
-9.455224423286943
-7.637288386177411
-7.831786993792662
-8.96608890006195
-8.66588096614638
-11.862273600930648
-7.549412809464353
-10.199509945764476
-10.849969352323791
-10.9064
-10.147992800703957
-9.618786773057675
-11.877339901586122
-10.66633478652939
-12.029634786529389
-11.599826602795735
-9.049956441157216
-9.264823227645177
-10.97539660394099
-12.300069408909714
-7.344391768133985
-8.386763776805626
-8.942008648420488
-9.742553227885542
-11.802875159235086
-11.316794193088706
-12.812211613822589
-12.213269352323792
-12.300069408909714
-11.340963821085861
-11.434291768133985
-10.272030371414196
-9.359785240341305
-5.833051332004011
-9.05253628692603
-10.100601621240774
-10.9064
-9.798155220888795
-9.175673003147715
-12.815030664299597
-11.860787844398962
-12.2697
-10.97460925434928
-13.08765323151567
-8.227882335327587
-8.013183093150655
-9.807334841467766
-12.572146400351977
-7.746184255445266
-9.754277842048563
-10.388058014174566
-9.48666935232379
-8.752681022732302
-9.065606876605035
-9.243026643574993
-9.953494193088705
-6.984465408945584
-7.326750594143537
-7.968030380123881
-7.912730003870491
-10.72478191463659
-10.638718121810548
-8.235638869848653
-11.031162373762735
-9.537208671122123
-8.488196939557138
-9.48131118302015
-9.531375385836977
-7.959807002553058
-8.336858480328354
-7.935800727755222
-10.147992800703957
-9.785538257397581
-8.86187660026633
-11.179019974542472
-11.928893972653103
-12.13333492214395
-9.15700395100927
-9.264823227645177
-11.002623178573705
-11.340963821085861
-11.305069578925682
-11.52797203513727
-8.018569698922214
-8.080191824479929
-11.660089455871152
-11.282294706973245
-7.93973478652939
-8.45241997454247
-9.098206320795832
-10.236526602795735
-7.157684480984699
-9.415738216618324
-14.84096102780009
-8.838186821281097
-10.496005806911294
-7.49670590781854
