-7.653562680047611
-9.713428979618095
-12.760743830222397
-9.09126516665327
-12.440028979618095
-11.8486587335629
-10.774282579266117
-10.728715973410758
-11.595545003709091
-10.085611613822588
-8.242181186881368
-6.406105806911294
-8.434855220888794
-6.912723178573704
-7.27626224806851
-8.390977842048564
-7.931892636554891
-10.510995814329478
-9.30303478652939
-10.849969352323791
-9.546067794019352
-8.412831112595732
-11.147947250958277
-9.749014930353876
-10.730472869854745
-8.958287173577215
-9.530882196581322
-10.82365063424592
-8.988863772014389
-10.936712136089241
-9.216863020106306
-9.48131118302015
-10.66633478652939
-10.783031178856724
-7.862156402702376
-6.827738065617702
-7.184726371177712
-7.31619245450835
-12.2697
-12.029634786529389
-5.961831934654641
-7.172920296720342
-8.614363821085862
-8.06201651960049
-7.505360459337665
-8.58430286421083
-8.854415558811814
-8.120033620722813
-11.52797203513727
-11.52797203513727
-10.75106102780009
-8.550316764004315
-9.501210917630214
-8.1798
-8.434855220888794
-9.147695814329479
-8.262434350036525
-11.739273200175989
-11.399247595993742
-11.660089455871152
-10.115981022732303
-8.9112535500569
-9.087094085525036
-9.255069460512141
-7.869538303099372
-8.531725233377925
-7.232844732293866
-8.232680109559173
-9.7162315284009
-9.310982203402054
-10.64692079588444
-7.017581324520432
-10.849969352323791
-8.365274907518657
-9.327005470870963
-8.578158873852576
-10.12229880337214
-8.390977842048564
-9.089886647597055
-10.949793849246147
-8.454772095257708
-8.8452494139775
-8.150912628577952
-8.165180154311395
-7.807617365795506
-7.9760807243649765
-8.08577289387828
-9.615517294893202
-9.442239256445205
-11.569129301422684
-10.546984947693831
-10.00350615641602
-11.887239418471895
-9.897063545412497
-5.925975379970073
-9.713428979618095
-9.902470648446252
-8.586662896740503
-6.106924799814479
-11.52797203513727
-8.569335892610615
-8.173908671122124
-8.933489455871152
-10.686407002553057
-10.379946908612322
-10.04971737166241
-9.562392202636335
-10.4976870013721
-8.242084359081431
-8.260052766533542
-10.526375215821009
-10.236526602795736
-10.510995814329478
-11.52797203513727
-8.002115973410758
-9.249818397074048
-8.809891227686604
-9.365415973410759
-12.04970700255306
-10.139826137886487
-11.002623178573705
-9.845546400351978
-11.208846400351979
-7.93973478652939
-7.920320795884441
-8.836209945764477
-11.161455220888794
-10.040797858406084
-9.789779112228814
-10.053629946987142
-8.873226602795736
-12.10708514836017
-12.38605508324973
-10.441723699340088
-9.337784512398844
-11.898836017568634
-10.686407002553057
-7.883304138853182
-7.712975159235086
-7.93387880272433
-8.118227505158814
-8.869670032444077
-11.420024242400542
-7.833562779054475
-10.227053222018636
-7.330124242400542
-9.368272312365361
-11.639312809464354
-7.580857738501202
-9.089886647597055
-11.011988921024281
-10.692236926877007
-9.701704365455074
-9.440106827533562
-8.482246400351977
-10.526375215821009
-6.85603021065734
-13.361796181721418
-13.225424857388303
-13.089069111824971
-10.163817710414515
-9.465521616172985
-9.033512902724212
-11.49876973816703
-8.459974445989554
-10.009333062937358
-9.101988656861073
-11.448911613822588
-11.379175379970073
-11.117577842048563
-9.605481186881368
-10.654724010796375
-7.699669573058779
-7.4296736862799895
-9.494798637933005
-11.002623178573705
-11.743933564420473
-10.510995814329478
-7.366051526229776
-8.037934840619716
-9.526461883221288
-7.998777671025779
-7.9018534465643455
-8.66588096614638
-9.78598426394762
-6.500824660612977
-8.044535326705331
-9.070916989931444
-9.315119600527968
-8.004312909761422
-8.492197452528265
-8.10249515452455
-7.344391768133985
-12.149667393264695
-12.064502903455647
-11.824437689985036
-9.504505633255478
-9.913668093517586
-9.7151179089049
-9.02352581046826
-8.68433137889802
-11.992581886007194
-11.776556441157215
-12.186950634245921
-12.075817790274883
-7.6349248155049
-7.833433931341883
-7.775954702576859
-5.976058931915718
-10.628123227645178
-11.076728979618094
-10.707183648959857
-11.038517420733882
-10.937590593440685
-8.088002552235134
-8.180103297032192
-6.576434786529389
-10.100601621240774
-9.639323178573704
-9.543099999999999
-7.359011613822588
-8.390977842048564
-9.82613240970703
-11.859305806911294
-10.66633478652939
-8.944157738501202
-7.959807002553058
-7.740518435489247
-7.491129034556471
-9.089886647597055
-8.002115973410758
-10.82365063424592
-8.977366834711383
-8.1798
-9.990128990276236
-8.933489455871152
-9.798155220888795
-8.646033062937358
-8.512615809261693
-9.398400348244792
-9.709819686474924
-8.866104575430779
-8.322761714099844
-9.469731366788757
-10.164672035137269
-8.96608890006195
-9.798155220888795
-9.639323178573704
-9.043814458255575
-8.478889858909415
-10.192392364460375
-11.117577842048563
-8.818534792396292
-8.789296451938664
-8.818534792396292
-11.208846400351979
-9.281713954728417
-8.711313025093494
-10.573575862411117
-8.1798
-8.614363821085862
-9.365415973410759
-8.66588096614638
-9.928580530102991
-10.945085597149776
-8.159319919090958
-11.117577842048563
-9.228928985484998
-8.143907396802605
-8.071852207263273
-8.350128979618095
-11.225767396198147
-11.34798478652939
-8.040619986569713
-7.4819494139775005
-11.499207986705379
-10.465057347510855
-9.076275159235085
-6.8076848446016225
-8.533763545412496
-7.522473050545807
-8.953379663659922
-10.81114793447706
-12.070483648959858
-7.584302927567357
-11.076728979618094
-7.891215368489631
-7.860524611544333
-10.012242980611344
-9.044140772411144
-8.593169462691286
-8.700515029752404
-11.260363545412497
-7.818472260169893
-11.076728979618094
-7.438585409141287
-11.69363892102428
-11.802875159235086
-10.558386993792661
-11.076728979618094
-10.623533417355691
-11.479281022732302
-11.51957368627999
-10.496005806911294
-10.9064
-10.95277529789554
-10.954511589286852
-8.964972832498338
-10.707183648959857
-8.944157738501202
-8.47733289773629
-7.7997752158210085
-10.618943607066205
-8.48537953189788
-10.936769408909713
-8.827306414566667
-9.176495613843302
-7.93973478652939
-8.768470589579465
-10.505786820694858
-8.34743875304888
-7.1189464003519785
-10.510995814329478
-10.75106102780009
-11.161455220888794
-8.150912628577952
-8.192164176346507
-11.13276254650342
-8.024461027800088
-7.8400678793686955
-8.350128979618095
-8.328888970514187
-7.027677842048563
-9.571757987316316
-10.49232828342572
-7.910616582969505
-11.283244727935575
-11.344713628013032
-9.410982579266117
-11.270315300429434
-11.401958682897753
-9.643896183615968
-11.288578869250601
-11.076728979618094
-10.318321780322053
-9.455224423286943
-8.198117398593766
-9.200041614062952
-9.178864782668171
-8.564918155130725
-7.9153586395035855
-7.09634700498422
-7.574486063851979
-7.6227438086133334
-8.544593750585172
-8.140101475964343
-10.774282579266117
-9.435152207263272
-8.957468379649182
-11.52797203513727
-10.00286224806851
-10.467118435489247
-7.144144827334626
-8.278078998179978
-10.24623359811821
-9.394632366051152
-10.352163772014388
-7.446591227686604
-8.773156711299166
-9.807334841467766
-9.709494920843927
-9.375116200707406
-9.875915809261691
-9.227192694093688
-8.517832351087758
-9.2981212839137
-7.59922486421538
-9.59903647245357
-9.20042977379453
-7.633913410459662
-7.509926602795735
-8.366131944797782
-8.55013528897046
-9.685293925536378
-8.85869993102615
-7.827690145028907
-7.767888811133556
-8.45575549500824
-8.302552318502064
-8.337760106585801
-10.317106021596548
-9.555061491008422
-7.071555220888794
-11.208846400351979
-9.247142877552527
-9.136579519794036
-8.412510166499462
-7.7211044448443
-8.863753222018637
-10.526375215821009
-9.996461389325127
-8.1798
-11.453145238965119
-12.81644523896512
-11.862124857388306
-11.619240593440683
-7.3571726762562974
-8.80137203513727
-11.379175379970073
-10.40451009358831
-11.869728711373643
-10.774282579266117
-11.889675215821008
-7.547798795227537
-7.751560365822698
-9.20253455950252
-10.298907789677104
-10.091562153027748
-9.693633129129418
-9.17408354268392
-9.525311666896105
-10.462447383826028
-10.97690935683135
-8.338404365455073
-8.428963892010918
-10.936769408909713
-9.897063545412497
-11.208846400351979
-10.1238231727068
-11.182656421929796
-11.538049812067968
-11.690588594454647
-8.728160229517156
-8.713320507849291
-7.370169681109689
-7.567379757932132
-9.653420836663699
-7.290858058679668
-7.196702139068306
-9.573814029004918
-8.697428368333187
-10.82365063424592
-9.500280840685761
-9.247584394164702
-9.403610278646699
-9.057236286172637
-11.90546478266817
-10.82365063424592
-9.953494193088705
-10.139826137886487
-9.372031390470381
-8.872272414567973
-9.04610762803393
-10.66633478652939
-9.144063449150211
-10.318321780322053
-10.147992800703957
-8.512051426578449
-8.784692800703956
-9.983863601998419
-6.878881186881368
-8.004312909761422
-9.996461389325127
-10.575066228225975
-10.78538224482281
-9.06296957305878
-9.00058838617741
-7.320337677978385
-11.316794193088706
-11.97320413885318
-13.336504138853181
-7.234629230753701
-11.013048087927256
-8.761163516133147
-9.133446361938647
-8.89126230173572
-10.02720784235171
-8.69342424240054
-10.173191227686605
-7.841993464151264
-7.227664389592305
-8.659190797029694
-10.147992800703957
-9.253824638916084
-7.553407439792381
-11.448911613822588
-6.576434786529389
-7.198006821666659
-8.976229324914463
-8.363300018886159
-8.350128979618095
-10.496005806911294
-8.466115890512452
-10.592228985484999
-8.533763545412496
-11.72576911182497
-11.453145238965119
-11.998496181721418
-10.220284095666084
-8.223722924720263
-8.58724120109606
-9.034709066350853
-11.802875159235086
-7.376701780091306
-8.752681022732302
-9.103818435489247
-7.803526487084737
-10.229524891154275
-9.175673003147715
-10.936769408909713
-10.877512628577954
-8.566888443372395
-7.259880673347274
-10.728715973410758
-11.619240593440683
-10.246154029018527
-7.275169208463721
-9.312985838705675
-11.955528985484998
-11.660089455871152
-8.80137203513727
-11.002623178573705
-8.850740090117073
-9.092672760925884
-11.52797203513727
-8.807753768338804
-9.387761027800089
-8.350128979618095
-7.799480810283958
-10.246154029018527
-10.481209906008704
-9.343883648959858
-8.66588096614638
-9.049956441157216
-10.307457738501203
-12.2697
-10.426269573058779
-11.859305806911294
-7.872935014594835
-7.546358252385741
-7.869122055600178
-7.591721780322053
-8.79297368627999
-10.935250271626174
-9.686424196959196
-7.584450487708992
-13.888055220888795
-11.260363545412497
-9.093200501400167
-5.94726456966982
-11.208846400351979
-10.542164782668172
-10.085611613822588
-7.788509040447578
-11.002623178573705
-9.424253915228181
-7.789426984301495
-7.330124242400542
-8.513368474677996
-10.62076818067403
-11.52797203513727
-9.737598607615253
-8.955021780322053
-11.51957368627999
-10.877512628577954
-9.021191664966413
-9.971528287763533
-8.195808207950106
-10.592228985484999
-10.255940593440684
-9.891705376108854
-7.93973478652939
-7.769405806911294
-7.93973478652939
-8.390977842048564
-10.217729034556472
-10.542164782668172
-9.543099999999999
-6.538086421091562
-10.009333062937358
-7.637288386177411
-9.83575983592982
-7.9662306006431
-8.433764174812588
-6.615932790131268
-8.170110504791467
-7.634549140152901
-9.450142214681458
-8.91681022143784
-10.877512628577954
-8.150912628577952
-9.639323178573704
-8.978506534133903
-8.453359028929933
-10.590490148208234
-10.849969352323791
-7.227486562990223
-7.97847286716211
-7.8872922164397075
-11.248376611009318
-8.482246400351977
-8.772484663715222
-11.708267687600095
-10.139826137886487
-8.923010002350397
-9.30303478652939
-9.875915809261691
-8.729759179532445
-10.467118435489247
-10.426269573058779
-8.325012790800338
-7.465067795789978
-10.217440077155697
-9.354551931589908
-7.2897441469714295
-9.216863020106306
-9.84063289773629
-11.366162248068509
-11.117577842048563
-12.186950634245921
-11.117577842048563
-8.923010002350397
-8.937289724150506
-9.675217420733883
-9.089886647597055
-8.836209945764477
-7.769405806911294
-11.076728979618094
-9.754277842048563
-10.02918096614638
-11.208846400351979
-8.210169408909714
-7.93973478652939
-9.624873249278053
-8.752681022732302
-7.462362309298996
-10.217729034556472
-9.678929493502633
-11.62919164561697
-11.78956957305878
-10.82365063424592
-10.60990413885318
-10.984849156681905
-10.340666834711383
-9.930272641622677
-8.482246400351977
-8.011940114910912
-8.766636744655623
-8.312843984349719
-7.93973478652939
-6.198823038833403
-12.246916697072319
-8.608228287763533
-10.439575159235085
-9.540147008007354
-11.639312809464354
-10.686407002553057
-9.30303478652939
-12.365923178573704
-11.353428990276235
-9.69829690861232
-10.047472338379972
-9.681292580792743
-7.192394706973244
-9.543099999999999
-6.421095814329479
-11.859305806911294
-11.595545003709091
-9.944743698868425
-7.583775798131915
-10.504954193873902
-10.997545235313257
-11.207369904355655
-7.366459179532446
-10.439575159235087
-10.9064
-10.04971737166241
-7.209861943825185
-11.383126864253128
-6.047901952437359
-8.198826846810364
-7.405170589579465
-9.178864782668171
-10.95625812434444
-9.974214809254697
-10.1238231727068
-10.496005806911294
-10.798452207263272
-12.81644523896512
-13.089069111824971
-7.518584211165032
-7.806986997403312
-13.09048838617741
-11.590353222018637
-9.775810166499463
-9.62216042131468
-8.590194193088706
-10.849969352323791
-7.769405806911294
-10.75106102780009
-10.352163772014388
-9.52559901155944
-11.5718494139775
-10.542460925001972
-10.093059179532446
-8.390977842048564
-7.431389992638347
-11.5718494139775
-11.117577842048563
-10.806791824479928
-8.210169408909714
-7.622056319618047
-12.407394293995951
-11.316794193088706
-8.314705857364917
-8.279445774585527
-8.96298571622739
-8.590194193088706
-8.434855220888794
-9.132705806911295
-8.593169462691286
-10.496005806911294
-12.04970700255306
-11.859305806911294
-11.991423227645177
-10.9064
-10.400523183364943
-9.800882879312507
-9.11090922284111
-10.686407002553057
-9.713428979618095
-10.296789455871153
-9.473363766147484
-8.944157738501202
-9.822744062746036
-9.522731821127289
-11.793247096544352
-11.379175379970073
-10.855525994087916
-8.412263693596081
-9.660994082508722
-8.255263988268984
-9.058711104545626
-10.496005806911294
-11.727188386177412
-12.092015973410756
-9.713428979618095
-10.558386993792661
-9.543099999999999
-7.93973478652939
-7.815564782668171
-9.178864782668171
-8.590194193088706
-11.379175379970073
-10.75106102780009
-10.467118435489247
-10.413256441157214
-11.874295814329479
-8.533763545412496
-10.542164782668172
-11.038517420733882
-9.875915809261691
-9.30303478652939
-11.830418435489246
-11.208846400351979
-7.980583648959858
-9.177266742110513
-8.427638560660226
-11.267996593812171
-11.427115029752404
-8.337598630110335
-8.934018565634148
-11.704405083249732
-10.95625812434444
-11.316794193088706
-7.948830516195495
-10.793538704647583
-10.982086773057674
-8.014717559867425
-10.389727276321373
-9.27865706972285
-10.839565447312413
-10.015875379970073
-7.9338434576515136
-8.846892263401493
-8.882854029018526
-8.884216014881403
-7.687529440865511
-7.78007549877789
-9.200030186173295
-9.163075215821008
-11.076728979618094
-9.30303478652939
-7.992636683499084
-7.311884269912471
-7.790346353534639
-9.671528476294485
-11.449281891336264
-11.372699907059381
-10.82365063424592
-8.945235215899894
-9.605481186881368
-9.195086993792662
-9.06296957305878
-10.375849877185832
-12.271182037487668
-12.134747424604376
-12.680094193088705
-10.226114167631177
-11.379175379970073
-11.161455220888794
-7.022399002214606
-7.594984968588426
-8.822816651467546
-8.809033771103461
-7.953915673675182
-10.345120838973276
-8.391887285226858
-9.92787380332594
-10.2421241046456
-10.547620831567212
-8.62056360199842
-9.573469408909714
-7.93973478652939
-8.533763545412496
-9.713428979618095
-8.561306821666658
-7.366459179532446
-8.818534792396292
-8.214599148378555
-9.968249981417884
-7.599040407751842
-9.28362079588444
-8.930483979969523
-8.983331553385304
-9.132705806911295
-7.672036595468611
-9.798155220888795
-10.439575159235085
-10.707183648959857
-10.877512628577954
-11.359761389325124
-9.248401025413505
-11.824437689985036
-9.024758014174568
-10.575066228225975
-8.78871389413367
-11.448911613822588
-8.652575379970074
-9.460350634245922
-10.48138596122269
-8.41514747004572
-14.453788386177411
-9.845546400351978
-10.558386993792661
-8.126607684920927
-8.927123373287522
-9.07870224667149
-7.3375718081104
-8.954035812288739
-7.28934116958814
-7.700327798437501
-7.949443037941992
-10.9064
-11.727188386177412
-7.103033855587932
-6.7233611964440385
-11.434291768133985
-9.602210028365011
-10.139437528766432
-8.733242286657212
-9.420532361574669
-10.400523183364943
-12.952714167631175
-13.225424857388303
-12.81644523896512
-7.600333019736305
-8.891201902239885
-8.024461027800088
-10.774282579266117
-9.675217420733883
-8.434855220888794
-7.920320795884441
-8.290120836663698
-9.409743715039498
-10.849969352323791
-10.193263443710274
-10.755633047949035
-11.41301737166241
-10.64692079588444
-8.813840080205143
-10.400523183364943
-7.38790268571662
-11.117577842048563
-8.80137203513727
-10.877512628577954
-5.868810433345271
-9.897063545412497
-9.860536407770164
-12.81644523896512
-11.72576911182497
-11.862124857388306
-11.619240593440683
-8.114025621494445
-10.27692944205013
-10.340666834711383
-8.969449781369441
-8.150912628577952
-11.260363545412497
-8.644726737995343
-7.485921403116622
-8.2400871147412
-7.815564782668171
-7.649249877185833
-8.434855220888794
-8.530842105582515
-10.368254403222654
-6.38430922284111
-10.535623457648684
-8.047682579266116
-11.619240593440683
-10.968781186881367
-10.279126780485385
-8.629907441553513
-11.01624851729895
-11.038517420733882
-12.623663545412496
-9.455224423286943
-7.5260694349243265
-11.178423547584174
-11.316794193088706
-12.271182037487668
-8.602155684097127
-9.639323178573704
-10.877512628577954
-9.731892873339705
-8.384960688491828
-9.962694412650333
-8.722311613822589
-8.026403008976356
-8.28964851729895
-11.208846400351979
-12.680094193088705
-7.711631064067202
-9.453731947361497
-10.526375215821009
-11.52797203513727
-11.316794193088706
-10.936769408909713
-8.967207075403136
-9.455224423286943
-9.358873656378043
-10.36246911182497
-11.117577842048563
-11.260363545412497
-11.938366228225975
-9.61209660394099
-11.397912987056806
-7.928786152698154
-10.726527158839628
-10.056724242400541
-8.289407924275121
-8.210169408909714
-11.161455220888794
-9.230672944528443
-9.995825093006841
-10.396755999920847
-10.741673805108
-9.380287430605208
-10.309614657706964
-6.948617420733883
-8.12762777849471
-8.255486773057676
-9.077379009297045
-12.04970700255306
-10.48138596122269
-12.271182037487668
-12.271182037487668
-12.407394293995951
-11.316794193088706
-10.36246911182497
-11.862124857388306
-7.209393204648144
-11.161455220888794
-7.916833092544907
-8.86041568008826
-9.690207428152068
-10.10824138746106
-8.74494138746106
-7.591721780322053
-10.745508005267261
-8.48869552793791
-8.1798
-12.010220795884441
-10.190606414566668
-10.400523183364943
-9.397012931820658
-10.707183648959857
-9.57973479718753
-8.659190797029694
-7.353376636738216
-10.731572312365362
-9.733501195641763
-10.66633478652939
-9.543099999999999
-8.266350814878525
-8.296575973899067
-9.768383393132773
-7.970104195439103
-10.74311093278909
-14.043394193088705
-11.088690470626517
-14.182959179532446
-12.742475379970074
-7.665674863936194
-10.050743496896331
-9.68266498644374
-9.541880158700367
-11.161455220888794
-7.544330600858868
-10.798452207263272
-10.388058014174566
-9.845546400351978
-10.227053222018636
-7.984189338893505
-12.83484138746106
-10.340666834711383
-8.158714448137673
-7.749127974890827
-10.32938890006195
-11.02751883200479
-8.98944452112145
-8.607489620899724
-9.695064218919821
-11.72576911182497
-11.536491227686605
-7.616805807986949
-7.362723686591339
-8.928226544176464
-8.675581192787385
-7.9923294089886
-9.845546400351978
-10.307457738501203
-10.75106102780009
-8.89401872287365
-11.334828287763534
-9.625553402905037
-9.649864827973206
-7.616044082508723
-10.525857970038173
-7.935800727755222
-11.72576911182497
-10.635196181721419
-11.862124857388306
-10.635196181721419
-10.426269573058779
-9.126814478033419
-11.448911613822588
-8.024461027800088
-8.390977842048564
-8.658525919175235
-10.040918576544852
-7.8367416140629516
-8.401215682153527
-11.399247595993742
-9.845546400351978
-9.897063545412497
-8.931020588346708
-9.423067393264695
-7.831786993792662
-10.526375215821009
-8.806250092988385
-9.828045411911416
-9.220972281255102
-11.434644192977498
-6.601909770363058
-7.480114707903007
-10.992552927567356
-12.30801133237523
-13.089069111824971
-13.089069111824971
-7.712975159235086
-10.246154029018527
-9.92428477993396
-9.784965399117421
-8.71796109342453
-7.97427374553844
-8.422684263947621
-8.315629493502634
-10.253380483789712
-10.147992800703957
-10.318321780322053
-9.245957858898521
-11.97320413885318
-12.2697
-9.791362714261323
-11.042007089829209
-11.078047631391222
-12.81644523896512
-10.336319666528492
-10.359422481843499
-7.282733062937358
-11.463901621240772
-11.727188386177412
-12.524755220888794
-10.236526602795736
-10.181834792396293
-10.496005806911294
-11.002623178573705
-9.675217420733883
-7.491129034556471
-9.82613240970703
-10.100601621240774
-7.802229096979559
-10.538973003147715
-8.97912373502286
-11.038517420733882
-8.875777648235289
-10.3580260790959
-8.367634309948135
-9.411219456111516
-9.173290409722478
-10.255940593440684
-7.872635856223131
-7.673923183364942
-9.378721559587065
-10.912350539205159
-11.802875159235086
-9.965455684097126
-12.213269352323792
-9.675217420733883
-9.660597575045278
-9.1416541938739
-9.164780199769195
-8.134233394144642
-9.845546400351978
-7.980583648959858
-11.590353222018637
-7.747996227254174
-8.440871717474938
-7.540452846553901
-9.108247317441023
-10.340666834711383
-8.123369352323792
-8.1798
-7.529340593440684
-10.309914489809048
-8.533763545412496
-8.311917420733883
-8.779779298088268
-7.48935599443712
-10.576762719021152
-7.282733062937358
-8.419761618706879
-7.532443575160881
-10.849969352323791
-8.389483312070109
-8.74494138746106
-10.492635443882406
-10.774282579266117
-10.375849877185832
-7.959807002553058
-7.4640064145666685
-10.04279245450835
-9.953494193088705
-9.99096776466178
-8.316650007817742
-8.434855220888794
-10.877512628577954
-11.002623178573705
-8.630620296724219
-8.025144584159076
-7.81813222357194
-10.352163772014388
-10.75106102780009
-10.063815029752403
-9.33966958371692
-10.388058014174566
-9.218571747604514
-10.286310002350397
-9.163501524696864
-7.446591227686604
-7.525406534666516
-8.952446247465655
-8.653153398464246
-11.727188386177412
-12.206616559235638
-12.064502903455647
-9.47600106969374
-8.390977842048564
-10.66633478652939
-8.097050634245921
-10.9064
-9.30303478652939
-10.17663352614569
-11.088690470626517
-8.05850693155293
-10.52606368007734
-9.749000634500998
-10.936769408909713
-11.260363545412497
-9.155335580549766
-10.968781186881367
-7.8097812239962785
-9.033825401378824
-7.578708648420489
-7.737986398841158
-7.775356346116455
-8.045319008593605
-9.02784978969729
-13.089069111824971
-8.58137903769033
-7.815564782668171
-7.27626224806851
-11.859305806911294
-13.315361445127012
-11.448911613822588
-11.727188386177412
-7.959807002553058
-7.712975159235086
-7.831786993792662
-11.39248096614638
-10.341732908028126
-12.029634786529389
-11.422383114112987
-8.047682579266116
-10.363888386177411
-9.530882196581322
-7.731314525206792
-8.854429034556471
-7.413226137886488
-11.038517420733882
-8.123369352323792
-11.379175379970073
-11.703966834711384
-7.540093569528998
-9.252011241886937
-9.435152207263272
-7.359011613822588
-8.126066731327171
-8.322413572522217
-8.123369352323792
-10.029854159700632
-10.139826137886487
-8.748025111448577
-8.505758257577117
-10.294362704840337
-8.01741577223903
-8.276023178573704
-6.091934792396293
-7.435760812934917
-8.047682579266116
-9.089886647597055
-10.575066228225975
-9.701704365455074
-10.936769408909713
-7.8552717476045135
-7.8569854207753105
-10.214565910563644
-9.798155220888795
-9.543099999999999
-8.635713434945224
-8.891654625407371
-8.226279102105405
-8.490193817224643
-11.98683341735569
-7.4640064145666685
-9.543099999999999
-9.953494193088705
-11.862124857388306
-10.375849877185832
-10.246154029018527
-10.60990413885318
-10.94936719623642
-10.237993472360593
-10.877512628577954
-10.728715973410758
-9.816659028929932
-9.514212628577953
-9.886395262782447
-10.75106102780009
-10.04279245450835
-9.789115752675771
-7.8228321479571985
-9.769701762030822
-11.859305806911294
-9.767103043884376
-11.260363545412497
-10.60990413885318
-11.117577842048563
-8.682944788879787
-10.558386993792661
-10.877512628577954
-11.316794193088706
-10.056724242400541
-10.82365063424592
-10.009333062937358
-6.733750634245921
-9.678143635266693
-9.845546400351978
-9.522731821127289
-8.078051988175831
-8.071852207263273
-7.3972231727068
-12.029634786529389
-9.543099999999999
-7.772373600930647
-7.305278345149761
-7.570189455871152
-8.475333866690477
-7.959807002553058
-7.9015232276451774
-8.458076772354822
-9.71267024659495
-10.9064
-11.038517420733882
-10.877512628577954
-6.617283648959858
-7.1189464003519785
-9.919311041999165
-9.662164670237583
-10.542381104806836
-9.19087752440015
-7.570189455871152
-8.350128979618095
-9.447751420754596
-10.112111205096681
-8.127650527204398
-8.923010002350397
-11.479281022732302
-8.988863772014389
-8.1798
-9.394632366051152
-7.416316214857053
-9.808541523974517
-11.560124799814478
-9.349217790274881
-10.60990413885318
-8.754785756303395
-7.724271142496187
-7.061209755275254
-8.529836032112623
-8.760523172706801
-6.702053763331193
-10.286310002350397
-9.399257965103095
-10.66633478652939
-7.747996227254175
-9.29673423090953
-9.638300597820882
-10.979953714076034
-9.855497452528265
-11.038517420733882
-6.898953402905038
-12.029634786529389
-8.821152661070249
-8.482246400351977
-9.262975882411142
-8.982800680312057
-10.426269573058779
-9.024758014174568
-9.541711886399792
-10.321139279041624
-10.382710106585801
-10.849969352323791
-9.990128990276236
-7.988384607006184
-8.350128979618095
-7.282733062937358
-11.002623178573705
-13.604112628577953
-9.332476265082038
-10.798452207263272
-11.042229493502635
-11.545134792396293
-11.424079604908165
-9.640041092604783
-8.499777512072905
-10.510995814329478
-9.953790378039464
-9.183151332211064
-10.265891645616971
-8.337598630110335
-7.980583648959858
-10.66633478652939
-9.754277842048563
-11.316794193088706
-9.831102714640956
-10.00286224806851
-9.816659028929932
-9.72137639649076
-10.015875379970073
-11.727188386177412
-7.3605732958028325
-10.849969352323791
-11.117577842048563
-8.595965343209876
-7.681603076849564
-9.376483093150656
-7.742054931630264
-11.260363545412497
-10.66633478652939
-11.859305806911294
-9.918994706973244
-12.2697
-7.784232756767545
-8.004230006837902
-7.113795290158585
-11.260363545412497
-9.754277842048563
-10.296789455871153
-10.66633478652939
-12.029634786529389
-10.1238231727068
-7.295890797029696
-8.188073994308695
-7.1610424492748415
-7.534494263525315
-7.509926602795735
-11.39248096614638
-10.82365063424592
-9.00058838617741
-10.89048049122446
-7.519363702337958
-9.500831863217089
-10.774282579266117
-8.091924423286942
-10.161298386880263
-10.707183648959857
-7.307106047854658
-9.361046406218883
-10.490869970951628
-7.7717052995904385
-7.335322400337619
-11.727188386177412
-9.28362079588444
-9.798155220888795
-9.365415973410759
-7.071555220888794
-8.110063766147485
-9.103818435489247
-7.455234792396293
-9.909556404732175
-11.584510579972298
-8.533763545412496
-8.866579354674188
-8.054830436709803
-7.791267650589734
-8.489842630539606
-10.683255782375557
-9.02383434155755
-8.798170462417275
-9.106651345467256
-10.707183648959857
-10.64692079588444
-10.255940593440684
-8.150912628577952
-10.255940593440684
-8.653892563310169
-8.697411558284813
-8.863753222018637
-10.236526602795736
-7.9015232276451774
-7.829330242484818
-9.095837186802214
-9.006538925382571
-11.21634140406107
-7.7203083561378865
-7.769405806911294
-8.176912962521069
-8.054534591423524
-9.762797034597899
-6.948617420733883
-8.572693204648145
-8.729759179532445
-10.174049927862038
-8.860473027106815
-7.309347595993743
-9.28362079588444
-8.63956224806851
-9.11808596122269
-7.251063821085861
-11.972606687926705
-12.186950634245921
-9.798155220888795
-11.97320413885318
-11.874295814329479
-12.114361027800088
-8.67949245450835
-8.971701014755364
-9.339684474531218
-11.161455220888794
-11.076728979618094
-7.649249877185833
-9.323107002553058
-7.543218353947061
-9.163075215821008
-8.933489455871152
-9.36960826176733
-8.743405527540997
-9.328363072888562
-8.445084682760523
-7.638640306959051
-8.382344683078962
-7.624837841943975
-9.062049285170541
-10.698785300102578
-10.573377001210847
-9.884284480984698
-10.014561120457776
-11.670757738501202
-7.686544539120884
-9.00488230755312
-8.323124196959197
-9.11664363732506
-11.41301737166241
-11.463901621240772
-9.394632366051152
-8.915783207013495
-8.323124196959197
-12.36107561534034
-9.012549877185833
-9.543099999999999
-12.029634786529389
-11.727188386177412
-11.260363545412497
-10.936769408909713
-9.500280840685761
-10.323829482059164
-10.628123227645178
-11.619240593440683
-9.912605860396086
-10.164672035137269
-12.2697
-10.273639965798617
-11.208846400351979
-10.255940593440684
-10.64692079588444
-7.6709787396497235
-7.75478596122269
-11.599826602795735
-11.117577842048563
-10.936769408909713
-8.108749506635187
-7.795892751632484
-6.986828979618095
-6.912723178573704
-7.580161042345859
-6.57348049318217
-8.458076772354822
-7.637288386177411
-8.242181186881368
-9.985996830411231
-9.369818028389258
-6.846869408909714
-10.815977865953935
-6.58238532573455
-11.47154138746106
-11.874295814329479
-9.812437794302795
-8.737301621240773
-7.351656566851442
-9.625553402905037
-9.064975086467188
-8.539195566322922
-10.474527389483002
-10.413256441157214
-11.002623178573705
-10.877512628577954
-10.164672035137269
-10.115981022732303
-10.601000607655374
-7.980583648959858
-11.208846400351979
-7.5195540290185265
-11.328755684097127
-8.895608387460037
-10.423643964910347
-8.964972832498338
-7.617617715682536
-10.774282579266117
-10.968781186881367
-10.04971737166241
-10.552954972882237
-5.92729256331017
-6.427199720629702
-10.439575159235085
-8.636225166755109
-7.585071034817799
-10.23366863907826
-9.558393712819651
-9.543099999999999
-10.160457969894331
-9.781840475242753
-9.377601268491842
-6.472443958952525
-10.9064
-9.953494193088705
-8.590194193088706
-11.670757738501202
-10.614782923135412
-10.849969352323791
-11.076728979618094
-8.590194193088706
-10.532674109484361
-8.150912628577952
-11.316794193088706
-9.462676557605285
-11.092731944797784
-9.460350634245922
-9.241245969549539
-8.979648431628029
-9.608779655953818
-14.175511613822588
-12.480877842048564
-8.497236407770163
-9.953494193088705
-8.672647595993743
-6.3806421614619095
-8.303540801225623
-9.114758685831205
-6.329957396408428
-8.134233394144642
-7.733852467600718
-7.771177847779429
-9.33778299582059
-12.029634786529389
-12.2697
-11.727188386177412
-11.859305806911294
-11.282294706973245
-10.608112689174268
-9.31640765762732
-7.252793225891595
-5.954961438560809
-6.654077803180923
-6.663442624716735
-8.038284387220743
-7.6220911892317655
-8.988863772014389
-12.300069408909714
-11.991423227645177
-7.8220004293705045
-8.679423612735448
-10.94303479718753
-9.087139201055935
-8.722311613822589
-8.370201195641764
-10.826230480014736
-11.316794193088706
-8.213293815459322
-8.539170648446254
-14.298449413977501
-12.944329034556471
-7.226894193088706
-8.63956224806851
-10.085611613822588
-10.65075300128365
-7.630225793481007
-7.599669197194718
-9.605481186881368
-8.276023178573704
-6.093678751439738
-6.7415241419773215
-9.00337234026572
-12.215726103631635
-9.505814279720674
-7.625563772014388
-8.750348490494817
-10.82365063424592
-11.17397828342572
-9.367612909761423
-9.357790264187045
-9.090575505926278
-10.877512628577954
-11.991423227645177
-9.354551931589908
-13.336504138853181
-7.673923183364942
-9.211766228225974
-8.304562373762737
-8.482246400351977
-8.309433299517131
-11.639312809464354
-9.959444732293866
-10.771923707553672
-10.968781186881367
-9.387761027800089
-8.662526432146361
-11.161455220888794
-8.052438216618325
-7.642044023529619
-8.664939779239827
-9.15718388694313
-9.15595104179768
-8.830851776460833
-7.852710502079709
-7.813966742110513
-8.482246400351977
-6.713506827533562
-6.06637368627999
-9.800900558958581
-10.019404922031125
-9.782425583559085
-10.66633478652939
-6.190210221437841
-6.0989416631344255
-8.269098261419645
-8.555694706973243
-9.721776581478743
-9.503041095881754
-11.448911613822588
-8.624942402379906
-8.1798
-8.1798
-9.259298394394712
-8.283030049311837
-7.3567954902102795
-8.173908671122124
-8.304197008945724
-8.988863772014389
-9.620471194299553
-9.850501020622268
-9.061524047906396
-9.45701355293252
-7.838402410852285
-12.365923178573704
-12.572146400351977
-11.69268890006195
-10.59747634923081
-7.2978899221721125
-10.297167294893203
-7.7997752158210085
-12.114361027800088
-11.39248096614638
-10.428906876605037
-10.592228985484999
-8.533763545412496
-11.619240593440683
-5.95981737166241
-6.058092800703958
-6.24442474550174
-9.753010470175742
-9.11928394100917
-7.0900590289299315
-9.587405101811616
-10.097407470420393
-12.440028979618095
-7.920320795884441
-9.264823227645177
-10.496005806911294
-9.138988785043685
-10.684368881204218
-11.727188386177412
-10.9064
-10.581170296720341
-11.99608532137626
-10.363888386177411
-8.097308113557297
-8.578469578925683
-9.672632748297238
-8.416912221477963
-8.567542217104005
-10.970480507600934
-10.799481901635627
-8.222130899918135
-9.360550652553
-6.08846220961367
-7.910847415107343
-8.035957965103094
-7.309347595993743
-10.538511287171215
-9.469315763007621
-9.39266233873239
-7.637288386177411
-6.817904286552504
-8.242181186881368
-9.394493454199708
-11.727188386177412
-7.92415300128365
-9.059903795807992
-8.123369352323792
-8.029033047949033
-7.366459179532446
-9.130194825888918
-9.147695814329479
-10.75106102780009
-9.679451045876416
-10.497487844398961
-7.977578173058227
-7.486337873849923
-9.26187023565253
-10.340666834711383
-11.562809945764474
-8.209546501259224
-8.90058801031335
-8.380914024674874
-7.576567330834438
-9.159967210431173
-8.15701669707232
-9.024758014174568
-7.290592563310169
-9.039748021592752
-11.997026615757836
-9.03596479039988
-8.002115973410758
-10.363888386177411
-8.261629336315295
-7.297222796842738
-10.588288528814516
-7.735856341758165
-7.919054339366104
-8.002563487106368
-7.216331647340297
-11.562809945764474
-11.79619844494506
-6.998629384061198
-8.836209945764477
-9.53545264314033
-9.775810166499463
-5.966824242400541
-5.549423178573704
-9.508600513884538
-9.886395262782447
-11.016720836663698
-10.36933087885163
-9.319037751709077
-9.592468054979804
-9.264823227645177
-7.869122055600178
-10.9064
-9.336737483157636
-8.698271775351131
-11.881286560516445
-11.860787844398962
-9.159967210431173
-10.815546296758457
-8.593757335239848
-7.1268938172246425
-10.085611613822588
-8.696455457733911
-10.137226638478506
-11.495070589579464
-8.462347626824016
-7.17543625835547
-9.560524023866416
-10.849969352323791
-10.04279245450835
-9.780212221477964
-9.348127922813593
-10.633700100907244
-9.467716523974516
-10.91836149100842
-11.681621780322052
-10.04279245450835
-7.417622140210716
-9.20503804596895
-6.008897788091539
-10.131770589579466
-11.631202084449106
-10.724616879614024
-8.342286829643596
-7.472909945764476
-7.991251931589908
-7.133936407770163
-8.126814541389946
-7.735856341758165
-9.877652100653004
-6.575676053506245
-7.634479158876101
-9.793228283178026
-8.14322113774337
-9.964248601788757
-8.024461027800088
-9.343883648959858
-7.825244676759947
-8.988863772014389
-11.316794193088706
-11.85033224637125
-10.429222959116185
-10.429243365987983
-10.798452207263272
-9.134098817458387
-9.081682262268842
-11.305069578925682
-9.567886692844233
-10.930569627997155
-11.802875159235086
-7.746184255445268
-9.543099999999999
-9.679451045876416
-10.0884306642996
-8.588786731975965
-11.859305806911294
-10.055316218747233
-11.208846400351979
-8.668578345149761
-7.226894193088706
-5.736232409707031
-11.134740599307587
-8.703375294576828
-9.156875434908452
-8.699090062356563
-11.859305806911294
-11.208846400351979
-12.54236298230634
-12.13333492214395
-9.261134283205779
-11.619240593440683
-7.955737751709076
-9.562968087882643
-9.279813235063363
-8.272550595791081
-8.672647595993743
-7.0234637768056265
-10.199509945764476
-8.557933173409653
-8.603365232356769
-6.8165
-11.860787844398962
-9.27042440781135
-6.708552207263272
-5.863594193088706
-10.22330590781854
-7.997746406218882
-6.5066283851409805
-7.993408850795671
-10.361053231515669
-9.53021559375764
-11.038517420733882
-10.9064
-8.222130899918135
-10.164672035137269
-9.088130694662564
-7.815564782668171
-9.690207428152068
-11.016720836663698
-7.545343558620371
-11.19440699758602
-5.981267928111565
-8.646033062937358
-7.434698386880264
-10.9064
-11.619240593440683
-8.64733575579991
-10.276012809464353
-10.199509945764476
-9.762797034597899
-11.4517306642996
-11.6334829454426
-9.188642279364863
-10.217729034556472
-7.65167144975241
-8.549029642211847
-8.908643558620371
-6.918724829895769
-6.197231186881368
-9.065924329374372
-7.225490275993837
-8.588786731975965
-9.952114904814586
-8.861445817325126
-9.179551201197611
-9.1518115863534
-10.633761383271455
-9.543099999999999
-11.58102903455647
-9.008752125188739
-8.548677446624076
-10.255940593440684
-9.452073203109439
-8.836209945764477
-9.787324302996856
-10.273974688115512
-9.44510325943956
-8.203969627997157
-7.7997752158210085
-10.467118435489247
-7.549412809464354
-6.878881186881368
-10.544117396198146
-10.439575159235085
-9.335485300102578
-10.497487844398961
-9.705586829643597
-9.375074242400544
-11.92884407682981
-10.497487844398961
-8.848904201306008
-10.318321780322053
-8.212542452836685
-9.246604138853183
-9.30303478652939
-10.497417015292138
-9.952074918736264
-10.633700100907244
-11.8607153321498
-8.74494138746106
-10.388058014174566
-10.951049130709823
-10.36588218285649
-6.8165
-7.082587968699439
-8.578469578925683
-7.862156402702376
-9.185300429370505
-7.8285067988808406
-9.0844044448443
-10.147992800703957
-9.52559901155944
-10.276012809464353
-10.340666834711383
-8.970574328083913
-10.04279245450835
-9.103818435489247
-9.497533394144641
-10.203650967463407
-11.4517306642996
-11.45168660302907
-11.042751045876416
-10.439575159235085
-9.776805326425887
-10.224801988632713
-10.770034922143951
-10.633700100907244
-11.042751045876416
-7.84509257996897
-8.18157889067372
-10.340666834711383
-7.2388556840971265
-10.968781186881367
-7.907141192619206
-11.042751045876416
-9.134098817458387
-9.815719974542471
-8.279516248688884
-6.008897788091539
-8.630620296724219
-7.607079656372131
-5.8771285792028936
-7.732398120761134
-9.406781951308531
-10.301033729724887
-7.161913596588398
-10.552954972882237
-8.361285475713688
-8.608228287763533
-8.877058808194944
-11.261441022811189
-7.498149561913176
-8.069390358946388
-8.422416619702643
-11.042751045876416
-10.361053231515669
-9.573469408909714
-7.96472731065231
-8.07037387024759
-8.586652365973254
-8.451482407177625
-9.150739901586123
-9.816659028929932
-10.496005806911294
-9.600049165970944
-10.497487844398961
-9.952074918736264
-11.997000100907245
-11.519916326466156
-9.27043745689118
-8.73276463607318
-7.579352556767999
-11.434291768133985
-12.06501119075186
-9.387761027800089
-9.952074918736264
-12.542319974542472
-9.679451045876416
-8.316128684206275
-8.057232361574668
-7.614066834711383
-10.0884306642996
-9.952074918736264
-8.422840483073191
-9.134097212067438
-9.737598607615253
-11.751358014174567
-8.831637701224647
-10.375849877185832
-8.671288069180136
-11.293572641622678
-8.751124980661428
-10.019570903042322
-8.66588096614638
-9.931754679110345
-9.440106827533562
-8.61000105625001
-5.9040202967242195
-5.489834797187531
-9.057729948888616
-9.952074918736264
-7.226065869645867
-7.334652552559642
-11.316794193088706
-10.131770589579466
-10.164672035137269
-9.543099999999999
-10.565572908662563
-12.678674918736265
-9.625553402905037
-9.72137639649076
-11.588101988632712
-11.72435323151567
-7.612474932208217
-10.974564740878993
-9.134098817458387
-12.542319974542472
-11.451738453684488
-9.065950590534948
-10.217729034556472
-10.558386993792661
-9.83575983592982
-8.51054199394647
-7.932829952953849
-8.636993594724334
-10.526375215821009
-10.849969352323791
-11.409869142717355
-9.543099999999999
-9.195086993792662
-9.460350634245922
-7.4296736862799895
-6.980546971961822
-9.352402841509193
-9.250203381956574
-7.7843958143294785
-9.060343964910347
-9.729431944797781
-9.374839385717387
-10.361053231515669
-11.117577842048563
-9.886395262782447
-9.465521616172987
-6.861955306467744
-11.061147194372355
-12.070483648959858
-8.988863772014389
-10.224801988632713
-9.198385462865112
-8.11801118302015
-8.052438216618325
-11.245312018926171
-10.769564835841226
-8.67949245450835
-9.789115752675771
-12.982540593440683
-8.240866927369071
-7.149315809261692
-9.660597575045278
-11.656187509821756
-13.08765323151567
-11.253997957618362
-11.042751045876416
-11.249695262782446
-10.056724242400541
-8.83539553855596
-10.388058014174566
-8.583173227645176
-8.49899330808164
-10.606326643574993
-8.1798
-9.27043745689118
-6.250766834711383
-9.383224042632497
-7.8285067988808406
-6.888564695597531
-8.713496458424212
-8.062065642841116
-9.83575983592982
-10.02918096614638
-10.467118435489247
-8.774906236281799
-11.316794193088706
-8.366697739915578
-8.086842214681457
-8.3994970345979
-6.830133133869371
-8.768470589579465
-7.8285067988808406
-10.628123227645178
-11.727188386177412
-10.011954304982826
-11.4517306642996
-11.72435323151567
-8.456185161585484
-9.264823227645177
-10.164672035137269
-9.990128990276236
-10.526375215821009
-11.100898607615251
-10.783832361574667
-10.558386993792661
-9.632398261419644
-10.413256441157214
-9.61209660394099
-10.255940593440684
-9.00058838617741
-10.224801988632713
-9.679451045876416
-8.7251157920004
-8.316128684206275
-9.667862373762738
-10.496005806911294
-8.861445817325126
-9.952074918736264
-10.0884306642996
-10.361053231515669
-8.024461027800088
-8.410758467981543
-10.496005806911294
-9.863580495026808
-8.323124196959197
-9.310982203402054
-7.984827922813592
-9.965455684097126
-9.387761027800089
-8.043467842166917
-7.907141192619206
-6.468486993792662
-7.181327587233347
-7.024640694890232
-10.0884306642996
-10.296789455871153
-10.707183648959857
-9.430238704647584
-8.555694706973243
-8.293698331941886
-10.770034922143951
-12.883175573391831
-7.248601972768976
-8.789647420974246
-8.123369352323792
-8.162299011559439
-10.181834792396293
-8.08180325943956
-8.33301133445229
-9.049956441157216
-11.383560981587593
-11.042751045876416
-8.631889479776522
-10.255940593440684
-10.558386993792661
-9.646330049311835
-10.439575159235085
-11.038517420733882
-8.443926449387375
-8.66588096614638
-10.00286224806851
-7.1390186163756475
-9.745879493191284
-10.9064
-11.117577842048563
-12.257975385836977
-12.092015973410756
-10.224801988632713
-7.3893810227323025
-9.387761027800089
-10.9064
-9.701818203885082
-10.770034922143951
-10.526375215821009
-11.208846400351979
-10.526375215821009
-10.115981022732303
-7.766452814918647
-10.758884990094279
-8.010953057869571
-10.147992800703957
-8.229168054979803
-7.872635856223131
-8.86187660026633
-10.12350748426041
-9.941421402692669
-9.660597575045278
-8.228524846152636
-8.3994970345979
-9.48666935232379
-6.217557738501203
-8.050055623193089
-9.272069266621013
-9.762797034597899
-11.01743460850081
-7.584529190113396
-7.454538644559269
-8.210169408909714
-8.467581944105781
-9.103818435489247
-8.47245983592982
-8.102221616172987
-10.737553057869572
-10.968781186881367
-11.208846400351979
-9.228928985484998
-9.27043745689118
-10.388058014174566
-9.953494193088705
-6.4154450313559535
-10.52719640035198
-10.497487844398961
-8.631889479776522
-7.712975159235086
-10.467118435489247
-10.199509945764476
-9.713428979618095
-10.236526602795736
-8.80306609542655
-8.685025893543262
-8.952832965750924
-10.276012809464353
-10.318321780322053
-9.72137639649076
-9.415738216618324
-11.221815676569127
-9.690207428152068
-5.785808100553307
-7.344391768133985
-8.786339738253178
-6.672487744499389
-11.068886829643597
-7.4448775545158075
-8.942008648420488
-8.376770735078088
-10.770034922143951
-8.029836793960227
-11.092731944797784
-10.728715973410758
-7.573989724150506
-8.30749343750712
-9.460350634245922
-8.370201195641764
-7.769405806911294
-10.9064
-9.895337259954106
-10.770034922143951
-10.255940593440684
-10.75106102780009
-12.542319974542472
-8.997776801796418
-9.952074918736264
-9.406781951308531
-10.968781186881367
-9.00058838617741
-9.653420836663699
-10.60990413885318
-8.997776801796418
-11.179019974542472
-9.952074918736264
-9.501210917630214
-9.163075215821008
-9.561134094674827
-9.044830230198237
-7.130605889993394
-8.67949245450835
-8.920936187035176
-6.822151587587005
-11.161455220888794
-11.199059835929821
-9.211766228225974
-9.941769578925683
-10.467118435489247
-10.255940593440684
-9.865618616375647
-9.865618616375647
-6.919025618928706
-9.150739901586123
-7.968030380123881
-9.182073861891098
-11.117577842048563
-11.038517420733882
-8.668578345149761
-10.373438168485963
-11.562809945764474
-7.770810686943716
-8.952332939152795
-10.849969352323791
-9.257468180674032
-8.269098261419645
-11.511292800703956
-7.890524638916084
-10.592228985484999
-8.294637600758117
-8.258184152061055
-8.626828990276236
-9.00058838617741
-9.387761027800089
-12.070483648959858
-6.271180101710602
-10.9064
-10.363888386177411
-8.228524846152636
-10.318321780322053
-11.161455220888794
-10.592228985484999
-9.990128990276236
-11.208846400351979
-10.631835300413927
-11.599826602795735
-11.921686993792662
-11.545134792396293
-7.017581324520432
-11.117577842048563
-10.131770589579466
-10.296789455871153
-10.388058014174566
-10.04279245450835
-9.310982203402054
-9.61209660394099
-9.35670885079567
-9.68266498644374
-11.619240593440683
-7.380872959491836
-10.66633478652939
-10.00286224806851
-7.637288386177411
-8.959423835300552
-11.357220296724218
-11.331177256663704
-10.628123227645178
-10.070991768133984
-11.448911613822588
-9.72137639649076
-10.467118435489247
-9.47600106969374
-10.496005806911294
-9.435152207263272
-8.059644070274539
-7.699932775404602
-7.809198337808791
-7.767632244924559
-7.7836620082285055
-10.439575159235085
-11.179019974542472
-10.106705527540996
-12.156838704647582
-8.168075385836978
-12.432186829643596
-12.105321559587063
-9.147997423105194
-9.156875434908452
-8.839809188867868
-9.883950994316356
-11.997000100907245
-9.235935856223131
-8.323124196959197
-9.543099999999999
-8.562435656455085
-8.86000590781854
-7.446762868118936
-7.712975159235086
-7.93973478652939
-8.419569250621569
-10.131770589579466
-12.095693496896331
-11.002623178573705
-10.100601621240774
-9.675217420733883
-6.530466291772791
-7.367509354816074
-8.581962649040863
-12.13333492214395
-7.886903381956573
-9.455224423286943
-8.675376050901457
-11.076728979618094
-10.131770589579466
-9.232422055600178
-11.997000100907245
-11.860787844398962
-10.279288467430591
-10.016771885613485
-9.169340604098826
-8.861445817325126
-8.316128684206275
-10.772863304913674
-7.553510221437841
-10.067316418823989
-10.192376441795794
-7.001212043193093
-9.01913542657259
-11.316794193088706
-11.042751045876416
-11.179019974542472
-9.291310172366368
-8.588786731975965
-11.042751045876416
-8.1497859419065
-11.282294706973245
-10.849969352323791
-9.44510325943956
-8.531614455331784
-6.1307342279760775
-11.928302410852284
-10.276012809464353
-9.365415973410759
-9.029712634444856
-6.865868054979804
-12.542319974542472
-10.633700100907244
-12.542319974542472
-8.462832409707032
-8.304562373762737
-8.024461027800088
-9.178232884850756
-8.957218716672717
-9.076275159235085
-9.228928985484998
-11.860787844398962
-10.749696278059034
-10.217729034556472
-7.858704068330939
-9.642412286606293
-8.464745411911418
-10.236526602795736
-10.75106102780009
-10.849969352323791
-9.138656346116454
-9.798155220888795
-8.560180134995207
