-7.82870342660329
-8.590194193088706
-8.30790932468269
-5.863594193088706
-6.968425343452241
-7.7997752158210085
-5.863594193088706
-7.529340593440684
-7.278327784360799
-7.8292666380976605
-7.025038422131585
-8.098228110346936
-9.798155220888795
-7.93973478652939
-8.1798
-9.30303478652939
-6.083291227686605
-7.8292666380976605
-8.910311570608357
-6.986828979618095
-12.129596443623523
-11.215078984947166
-7.705784965322875
-8.444358628072209
-8.11820442326464
-8.283145134180952
-8.046277965615461
-7.638092617107396
-7.898216896512172
-9.141552512793282
-7.694575182163458
-9.162927234396488
-9.268331619029503
-6.94460932468269
-8.26951282700987
-5.863594193088706
-7.898216896512172
-7.728950586401924
-7.152470881050682
-10.879067373220753
-9.543099999999999
-8.80137203513727
-7.93973478652939
-10.647877296986636
-5.866569462691286
-7.937772658454959
-5.945719891127339
-7.930883801764772
-7.668536745329176
-7.675353277649698
-9.713428979618095
-9.543099999999999
-9.953494193088705
-7.785121614039875
-8.334134889699598
-11.606268211379437
-5.863594193088706
-7.025038422131585
-6.940601228631498
-7.229869462691285
-8.145609200160221
-7.404646987695861
-7.178229453580942
-6.272584232814024
-7.770810126825468
-7.996228943878744
-6.560839457995689
-8.187319294907399
-9.30303478652939
-9.132705806911295
-8.590194193088706
-5.863594193088706
-6.560839457995689
-6.948617420733883
-5.863594193088706
-8.724417245558785
-6.136703728423189
-8.091411764062101
-6.560839457995689
-6.286083546844132
-6.926662203602601
-8.1798
-5.863594193088706
-9.953494193088705
-8.80137203513727
-6.760069352323791
-6.037348127054321
-11.267996593812171
-7.799628013052484
-9.200904624612274
-7.268827386622499
-6.8165
-8.186544447045396
-11.061264470527789
-7.44580669794377
-7.408118690032988
-7.608618712330353
-8.868039152010102
-7.813113558175067
-6.120635316845689
-7.074243103968864
-7.763993701875943
-8.724417245558785
-7.265661187098054
-6.734928368796314
-5.863594193088706
-6.610187514205214
-5.863594193088706
-8.395155932155621
-8.474871500943811
-6.487939168354728
-8.053094755409523
-9.177635186478765
-8.003046111625059
-6.436327701589839
-8.79382967687442
