-9.343883648959858
-8.729759179532445
-9.713428979618095
-10.276012809464353
-8.502318616375648
-11.051519131681623
-10.40052318336494
-8.907630600858868
-9.798155220888795
-8.933489455871152
-10.286310002350397
-9.639323178573704
-9.246604138853181
-9.365415973410757
-10.318321780322053
-8.242181186881368
-9.037223183364942
-9.543099999999999
-9.28362079588444
-11.260363545412497
-10.991564489809047
-10.426269573058779
-9.798155220888795
-9.675217420733883
-8.722311613822589
-9.514212628577953
-9.48666935232379
-10.04279245450835
-9.410982579266117
-9.025992787650631
-10.340666834711383
-9.061802348940086
-8.210169408909714
-9.28362079588444
-9.543099999999999
-9.514212628577953
-9.48666935232379
-8.276023178573704
-9.04738778781304
-9.43762433472611
-9.543099999999999
-9.147695814329479
-9.28362079588444
-9.037223183364942
-9.543099999999999
-9.11808596122269
-9.387761027800089
-9.996461389325127
-9.073590013285088
-8.489693966061836
-8.141958602845367
-7.944888456614019
-9.543099999999999
-9.264823227645177
-10.728715973410758
-9.713428979618095
-8.652575379970074
-9.971528287763533
-9.897063545412497
-9.639323178573704
-8.8452494139775
-9.359386501573857
-8.210169408909714
-7.712975159235086
-8.719358621829942
-8.343456550802156
-9.211766228225974
-9.392333047949034
-7.889798613482156
-9.06296957305878
-10.00286224806851
-9.333404195439103
-11.793247096544352
-11.243714517278235
-9.713428979618095
-9.387761027800089
-9.675217420733883
-9.845546400351978
-10.164672035137269
-8.742639089029852
-9.009646942620034
-9.953494193088705
-9.00058838617741
-8.67674500796723
-8.987703979935052
-8.217064998063611
-10.352163772014388
-10.388058014174566
-10.467118435489247
-8.1798
-7.920320795884441
-9.178864782668171
-8.123369352323792
-9.573469408909714
-9.143158829161885
-7.787592517559948
-8.776526137886488
-7.614066834711383
-9.675217420733883
-9.460350634245922
-8.836209945764477
-8.809891227686604
-9.983863601998419
-9.573469408909714
-9.103818435489247
-8.944157738501202
-10.015875379970073
-8.1798
-10.246154029018527
-8.210169408909714
-9.012549877185833
-8.430318235721202
-8.420521662342825
-9.228928985484998
-9.264823227645177
-9.845546400351978
-9.365415973410757
-9.845546400351978
-9.798155220888795
-9.18694925059543
-7.637288386177411
-7.815564782668171
-9.605481186881368
-9.798155220888795
-7.9015232276451774
-8.350128979618095
-9.410982579266117
-8.626828990276236
-9.514212628577953
-9.48666935232379
-9.514212628577953
-9.195086993792662
-9.639323178573704
-9.163075215821008
-8.047682579266116
-8.061823039409253
-8.5136554472236
-8.773290754605126
-8.783050431642016
-8.596144732293865
-9.953494193088705
-8.242181186881368
-9.00058838617741
-9.460350634245922
-7.980583648959858
-10.48138596122269
-8.242181186881368
-9.793618235721201
-9.605481186881368
-8.590194193088706
-9.331678028253386
-9.435152207263272
-7.726586647597055
-8.533763545412496
-9.996461389325127
-9.323107002553058
-9.176495613843302
-9.639323178573704
-11.161455220888794
-8.024461027800088
-7.4477937569467185
-9.323107002553058
-8.827306414566667
-9.195086993792662
-8.892640593440683
-8.69342424240054
-9.264823227645177
-9.635850595791082
-9.573469408909714
-9.531375385836977
-9.178864782668171
-8.453359028929931
-9.196733931341884
-8.981061806925103
-8.645382789761417
-8.837107707372692
-8.622436266713542
-9.845546400351978
-9.30303478652939
-9.410982579266117
-9.211766228225974
-8.79297368627999
-9.897063545412497
-9.28362079588444
-9.953494193088705
-8.533763545412496
-10.1238231727068
-8.590194193088706
-10.236526602795735
-10.363888386177411
-11.161455220888794
-7.9015232276451774
-9.632398261419644
-9.135673600930646
-9.497533394144641
-9.076275159235085
-8.892640593440683
-10.774282579266117
-9.06296957305878
-7.591721780322053
-8.737301621240773
-8.390977842048564
-8.96608890006195
-8.8452494139775
-9.639323178573704
-9.435152207263272
-8.444034841467765
-9.875915809261691
-9.163075215821008
-9.352402841509193
-8.944157738501202
-9.675217420733883
-9.754277842048563
-8.210169408909714
-10.64692079588444
-10.877512628577954
-8.809891227686604
-9.089886647597055
-8.276023178573704
-8.047682579266116
-9.28362079588444
-9.754277842048563
-9.173932508363812
-10.542164782668172
-8.892640593440683
-10.413256441157214
-9.28362079588444
-9.037223183364942
-9.246604138853181
-9.573469408909714
-8.434855220888794
-11.319769462691285
-10.47117379799687
-11.117577842048563
-10.156332417920613
-10.542164782668172
-10.82365063424592
-10.66633478652939
-9.713428979618095
-11.52797203513727
-10.009333062937358
-10.774282579266117
-8.118277942955809
-10.247829487878438
-9.30303478652939
-10.363888386177411
-8.590194193088706
-10.60990413885318
-10.093059179532446
-11.727188386177412
-11.859305806911294
-9.109484255445267
-10.035947595993743
-9.897063545412497
-10.115981022732303
-9.264823227645177
-8.434855220888794
-8.923010002350397
-9.365415973410757
-10.063102117363828
-7.344969682935533
-9.06296957305878
-8.434855220888794
-9.435152207263272
-7.625563772014388
-8.123369352323792
-9.435152207263272
-8.590194193088706
-9.195086993792662
-9.845546400351978
-10.496005806911294
-8.002115973410758
-10.190606414566668
-9.037223183364942
-7.968030380123881
-9.30303478652939
-10.131770589579466
-10.375849877185832
-9.48666935232379
-8.892640593440683
-9.30303478652939
-8.933489455871152
-9.605481186881368
-8.434855220888794
-9.543099999999999
-10.388058014174566
-9.163075215821008
-9.798155220888795
-8.872764886819237
-8.150912628577952
-9.228928985484998
-8.944157738501202
-9.365415973410757
-9.639323178573704
-9.573469408909714
-8.210169408909714
-8.590194193088706
-8.66520853715056
-8.760523172706801
-10.496005806911294
-9.343883648959858
-8.646033062937358
-9.754277842048563
-9.573469408909714
-8.791308217763579
-9.00058838617741
-10.375849877185832
-9.48399026767197
-6.23948890006195
-7.9015232276451774
-8.873226602795736
-9.387761027800089
-8.707691768133984
-9.435152207263272
-8.533763545412496
-8.707691768133984
-8.814197236973081
-9.470738157999053
-10.936769408909713
-8.302737800154912
-8.072098956034162
-9.420532361574669
-8.60518420050689
-8.979648431628029
-8.822904359588168
-9.953494193088705
-9.012549877185833
-9.410982579266117
-8.8452494139775
-10.426269573058779
-8.43942724103774
-9.713428979618095
-8.071852207263273
-8.63956224806851
-8.533763545412496
-7.289275379970073
-8.652575379970074
-8.66588096614638
-9.28362079588444
-12.2697
-8.561306821666658
-9.675217420733883
-8.977366834711383
-9.897063545412497
-7.699669573058779
-5.883462280971349
-7.625563772014388
-7.75478596122269
-8.707691768133984
-9.514212628577953
-9.514212628577953
-9.211766228225974
-10.085611613822588
-8.902591645616969
-9.754277842048563
-9.713428979618095
-8.68641737166241
-9.713428979618095
-10.467118435489247
-8.652575379970074
-8.776526137886488
-8.812953812764018
-9.343883648959858
-10.413256441157214
-7.980583648959858
-6.39148596122269
-5.970359021061911
-6.421095814329479
-9.365415973410757
-9.582892530897496
-8.29549521850221
-10.009333062937358
-8.648641321195905
-9.211766228225974
-10.686407002553057
-12.029634786529389
-8.63956224806851
-9.211766228225974
-9.228928985484998
-9.754277842048563
-9.514212628577953
-8.350128979618095
-8.63956224806851
-8.123369352323792
-8.918452995743543
-9.410982579266117
-9.264823227645177
-10.173191227686605
-9.343883648959858
-10.2085494139775
-8.700515029752404
-8.482246400351977
-9.675217420733883
-9.821376772354823
-9.573469408909714
-9.48666935232379
-8.482246400351977
-9.037223183364942
-9.163075215821008
-9.024758014174568
-9.435152207263272
-9.48666935232379
-9.798155220888795
-9.037223183364942
-9.077622312642621
-8.730509114613302
-8.584302864210828
-8.205513497625988
-9.410982579266117
-9.068255980206443
-9.543099999999999
-8.827306414566667
-9.024758014174568
-9.103818435489247
-9.953494193088705
-9.228928985484998
-8.434855220888794
-8.925091107013873
-8.071852207263273
-9.076275159235085
-8.482246400351977
-8.722311613822589
-11.161455220888794
-9.246604138853181
-9.798155220888795
-9.410982579266117
-8.933489455871152
-8.96608890006195
