-9.573469408909714
-8.752681022732302
-6.460644843818164
-9.460350634245922
-9.646330049311835
-7.307988069180136
-8.197834094674828
-6.858195286687817
-8.43942724103774
-9.754277842048563
-9.195086993792662
-6.603790878117991
-9.845552111076747
-8.022188189434427
-9.246604138853183
-9.460350634245922
-7.2633950066425434
-6.785923401562826
-6.273988386177411
-9.80089419416436
-7.869755001175199
-10.300058558583304
-8.551243004292969
-9.733501195641763
-8.86187660026633
-7.782576846179357
-7.6575239554004
-8.722328960747248
-10.15627368627999
-9.420532361574669
-10.035947595993743
-9.065606876605035
-7.72479935779833
-10.558386993792661
-8.666554159700633
-9.540147008007354
-9.605481186881368
-8.7043644927425
-6.3106231833649415
-8.036984090337015
-7.12834518447161
-8.399018591647469
-9.096811564751116
-9.701704365455074
-8.193688037952809
-10.363888386177411
-8.79297368627999
-6.769017739286398
-8.784692800703956
-8.614363821085862
-9.953494193088705
-9.667497008945725
-9.941769578925683
-7.346123619173066
-8.0860647044943
-10.006736244444772
-7.940363120634981
-8.004312909761422
-6.549430003870491
-9.435152207263272
-10.363888386177411
-8.33399846977857
-8.561306821666658
-7.6722877934643945
-10.053898761755853
-9.897063545412497
-9.737598607615253
-6.661161027800089
-7.071555220888794
-8.002115973410758
-9.845546400351978
-8.481753211096324
-8.024461027800088
-9.060343964910347
-7.049648902100998
-7.102884230765744
-7.290328892111344
-8.311917420733883
-7.8569854207753105
-7.2176305917453405
-8.888706534666516
-8.614363821085862
-8.091924423286942
-6.833619224031022
-9.178864782668171
-10.070991768133984
-10.246154029018527
-9.918994706973244
-9.595694622459211
-10.413256441157214
-7.388602490513383
-8.283382579043703
-8.598541794949352
-10.728715973410758
-8.95174158541023
-7.93169790750621
-7.149315809261692
-8.768470589579465
-8.883825438042306
-9.33757374553844
-7.1299018186167435
-8.905609869657832
-8.393520753618983
-8.604577256663704
-10.015875379970073
-9.754277842048563
-6.846869408909714
-6.6449880556183825
-7.582150946879574
-6.374265443496601
-9.011342794877462
-10.131770589579466
-10.022490797029695
-9.918994706973244
-7.27062584865299
-9.378721559587065
-8.923010002350397
-9.713428979618095
-8.126337146343143
-8.638919039241342
-9.021069069735168
-8.80137203513727
-9.30303478652939
-7.161383302180195
-7.984827922813592
-8.162299011559439
-8.216434797187532
-7.970104195439103
-8.507444827334627
-10.190606414566668
-10.318321780322053
-8.170693254510931
-10.227053222018636
-10.467118435489247
-9.394632366051152
-9.780212221477964
-9.076275159235085
-7.97847286716211
-7.801335358139233
-8.614363821085862
-11.029407876337885
-8.815928447759672
-7.914807788851499
-8.647988178639677
-9.965455684097126
-10.400523183364943
-9.415738216618324
-7.29535883502879
-8.847073987585325
-9.225456402702376
-9.468124141977322
-10.02918096614638
-9.170917365795507
-10.32938890006195
-9.632398261419644
-10.2085494139775
-10.15627368627999
-10.774282579266117
-7.741223704979644
-9.323107002553058
-7.309347595993743
-8.188748386962605
-8.533763545412496
-9.573469408909714
-10.276012809464353
-8.959423835300552
-9.886395262782447
-9.072251993128795
-9.473363766147484
-9.48666935232379
-9.164635358139233
-7.968030380123881
-9.032205579884426
-9.0695849901184
-9.902470648446252
-8.028115815128595
-10.15627368627999
-10.164672035137269
-9.44259977297313
-8.128504924205265
-9.483984206373794
-8.071852207263273
-6.828461491008421
-7.231649830440914
-9.675217420733883
-6.940531869453931
-8.97282984954379
-9.34600198276581
-10.388058014174566
-8.191761491008421
-8.110063766147485
-8.64733575579991
-9.164635358139233
-8.464745411911418
-8.287629389843186
-9.886395262782447
-8.942008648420488
-6.971247194372355
-7.726586647597055
-7.633040729055245
-8.06376665598332
-7.330124242400542
-9.30501166204601
-9.48131118302015
-9.717389353362252
-7.8530513620011435
-7.443254146373204
-8.126607684920927
-7.661458014174567
-6.770933394144642
-7.661458014174567
-9.246604138853183
-8.43942724103774
-9.061655313546481
-10.48138596122269
-10.453186647597056
-9.713428979618095
-7.379339089029853
-9.037223183364942
-10.009333062937358
-9.30303478652939
-10.15627368627999
-8.004312909761422
-6.8979334652416515
-6.704618148489105
-7.732120086631968
-9.845546400351978
-8.827306414566667
-7.754962121200271
-7.421392800703957
-8.752681022732302
-6.773680840685762
-9.56603742429085
-9.039368608784395
-9.860536407770164
-8.065245102397078
-8.434855220888794
-6.6388159734107575
-10.01719256331017
-11.448911613822588
-9.089886647597055
-8.059767393264694
-10.31069607109834
-8.807920930802835
-9.99392029672422
-10.628123227645178
-10.453186647597056
-9.183684947693832
-11.076728979618094
-10.181834792396293
-9.859525180082537
-9.452677865953934
-7.429006936584327
-8.279166012850704
-9.811978580309448
-8.53862771061162
-8.915783207013495
-9.750063776805627
-10.009333062937358
-10.575066228225975
-8.37913478946284
-9.948189366157925
-10.551844676759947
-9.152114863629574
-8.024461027800088
-7.052887689985036
-9.776248902100997
-9.28726080077322
-9.565422282763121
-10.75106102780009
-7.666904311896916
-8.380589518845163
-8.259102182727535
-8.065748138768905
-7.815564782668171
-8.002115973410758
-6.801880154311395
-9.969091767176089
-10.439575159235085
-9.971528287763533
-8.6382123156656
-7.796107816541027
-7.69574849807153
-9.652707924275122
-9.431708478676283
-8.517832351087758
-9.605481186881368
-8.555694706973243
-8.602279007087283
-10.269919373171243
-7.565450735151102
-7.988673957993751
-7.298557800040089
-10.255940593440684
-9.865618616375647
-8.824661256032158
-6.452264782668172
-8.205299461401381
-10.265891645616971
-7.618065417849712
-8.914757970969998
-6.760069352323791
-6.912723178573704
-9.953494193088705
-9.178864782668171
-9.605481186881368
-7.91386243711437
-9.500280840685761
-9.573469408909714
-9.514212628577953
-9.343883648959858
-9.543099999999999
-10.9064
-9.066665096131027
-8.293970299653793
-8.241268900077454
-7.529340593440684
-8.158003415929816
-10.581871747604513
-9.064682483494265
-9.847028437839645
-10.06524343494988
-9.717389353362252
