-9.907927587233347
-8.3104390837182
-8.873226602795736
-7.170463545412497
-7.637288386177411
-8.216434797187532
-7.438072035137269
-7.637288386177411
-7.27626224806851
-7.374001621240773
-7.637288386177411
-6.377218435489247
-5.981091768133984
-6.770385431433452
-8.350128979618095
-9.48666935232379
-12.005393171127617
-10.9064
-6.92397432316557
-8.492197452528265
-7.515684252711951
-11.592962121342476
-7.671409066350853
-8.630620296724219
-7.980583648959858
-6.708552207263272
-7.3893810227323025
-7.2388556840971265
-6.941262373762737
-9.047518190128008
-9.845546400351978
-7.0009694397612305
-7.712975159235086
-6.250766834711383
-6.865868054979804
-8.123369352323792
-7.467551776460834
-7.278361236320103
-9.165448078990806
-9.845546400351978
-10.034737607910504
-7.266433484603736
-6.576434786529389
-5.95289245450835
-11.117577842048563
-12.213269352323792
-6.1466266027957355
-8.892640593440683
-9.343883648959858
-11.170634841467766
-6.349675159235085
-7.019279493191284
-8.878265572940716
-10.276012809464353
-7.815564782668171
-9.41145661753168
-5.664377842048563
-11.955528985484998
-11.39248096614638
-6.127829034556472
-7.622709400265865
-8.09605944417894
-6.986828979618095
-7.27626224806851
-6.948617420733883
-6.948617420733883
-7.920320795884441
-7.002831944797782
-5.681540599307588
-9.33966958371692
-8.185750539205161
-8.408140599307588
-7.0909995750644645
-8.64316563172631
-7.637288386177411
-8.40143090341607
-7.192394706973244
-7.181327587233347
-9.126814478033419
-7.454538644559269
-9.369818028389258
-7.529340593440684
-6.905798261419644
-6.941262373762737
-7.175870648446253
-8.290120836663698
-7.549412809464353
-6.522460890161026
-7.529340593440684
-10.558386993792661
-7.9015232276451774
-8.453359028929931
-7.980583648959858
-7.855614085669661
-6.1466266027957355
-8.737301621240773
-7.405170589579465
-7.578708648420488
-5.93928096614638
-8.269098261419645
-8.350128979618095
-9.076275159235085
-6.661161027800089
-7.549412809464353
-7.4213928007039565
-6.186112809464352
-8.074820001282625
-8.746481241819746
-7.549412809464353
-6.538223227645177
-10.628123227645178
-8.311917420733883
-7.529340593440684
-7.9015232276451774
-7.980583648959858
-8.975093996345722
-9.218571747604514
-10.164672035137269
-7.1503554472236
-7.301236870978496
-7.760590651512917
-8.35329515650651
-8.1798
-5.775718616375648
-8.350128979618095
-6.323356441157215
-7.865628985484999
-7.019279493191284
-8.097050634245921
-9.713428979618095
-7.933543989934266
-7.230338217712601
-7.563879552449734
-6.760069352323791
-7.607160504463268
-5.549423178573704
-6.617283648959858
-10.628123227645178
-8.350918937930317
-7.627890194132037
-7.071555220888794
-7.1189464003519785
-6.898953402905038
-7.637288386177411
-7.637288386177411
-7.740518435489247
-6.948617420733883
-7.215169578925683
-7.362723686591339
-6.661161027800089
-11.038517420733882
-7.7997752158210085
-7.09953240970703
-9.049956441157216
-6.760069352323791
-7.776590589985199
-7.692877119269662
-7.721447900625264
-7.740518435489247
-7.27626224806851
-8.390977842048564
-10.66633478652939
-7.579782218374066
-11.479281022732302
-11.479281022732302
-7.4213928007039565
-8.482246400351977
-9.253824638916084
-6.898953402905038
-7.071555220888794
-9.30303478652939
-7.761174262863452
-7.961407616671931
-7.759344018818004
-10.75106102780009
-7.344391768133985
-7.549412809464353
-7.351656566851442
-7.14610448414955
-6.330452190907387
-11.889675215821008
-7.740518435489247
-9.729431944797781
-9.361046406218883
-8.707691768133984
-8.741873641389718
-7.0553822487070885
-7.65167144975241
-7.591721780322053
-7.419750431642017
-9.618786773057675
-7.263528990276237
-8.269098261419645
-6.948617420733883
-10.467118435489247
-7.645748310139499
-10.955768054979803
-10.66633478652939
-8.8380068323248
-7.567868009183376
-5.863594193088706
-7.980583648959858
-11.038517420733882
-5.966824242400541
-7.549412809464353
-6.700077421904266
-5.863594193088706
-9.907927587233347
-7.688461152186674
-9.460350634245922
-7.5406982356796
-6.576434786529389
-9.816659028929932
-5.655979493191285
-6.576434786529389
-11.599826602795735
-6.905798261419644
-7.181327587233347
-7.637288386177411
-7.887264512597338
-9.953494193088705
-7.393232760510342
-8.216434797187532
-8.046736018445515
-8.585476449663815
-8.390977842048564
-7.344391768133985
-11.660089455871152
-5.863594193088706
-9.48131118302015
-8.512615809261693
-8.016678097544482
-7.2698613893251265
-7.405170589579465
-7.7449047104630235
-8.675358682897752
-10.496005806911294
-10.461137689985037
-7.238979007087283
-7.029192100253445
-8.242181186881368
-9.1518115863534
-9.528656314288977
-9.066647096544353
-9.454257986705379
-7.7426367692952
-8.434855220888794
-7.2925738490425225
-7.031922115902297
-8.074952097719551
-8.047682579266116
-7.4640064145666685
-7.743344568144799
-7.226894193088706
-8.505770722023492
-7.1189464003519785
-8.892640593440683
-6.82245053920516
-7.491129034556471
-8.024461027800088
-7.251063821085861
-8.79380818066363
-9.097837689985036
-7.6575239554004
-8.311917420733883
-7.718382262268841
-6.538223227645177
-6.521423226612739
-8.097050634245921
-7.740518435489247
-7.383181241819745
-11.316794193088706
-8.290723062339307
-7.821020831567212
-7.226894193088706
-8.311917420733883
-7.106206843937175
-8.350128979618095
-7.614066834711383
-8.335701709526303
-9.271844193088704
-10.496005806911294
-10.22475
-7.529340593440684
-7.970925379970074
-8.37055341083333
-9.44510325943956
-9.748297096544352
