-10.56577644205851
-9.452942298027336
-11.105024573212585
-10.464305728692654
-10.2085494139775
-10.225936521963485
-10.203791004597353
-11.161455220888794
-10.155394107044458
-8.80137203513727
-11.716489897248309
-10.328578517339055
-8.659856422358013
-9.361046406218883
-9.380968521172619
-9.671528476294485
-10.707183648959857
-10.375849877185832
-11.52797203513727
-10.436777798048213
-10.707183648959857
-9.558090007418183
-9.798155220888795
-10.199509945764476
-9.748563649661484
-9.845546400351978
-8.590194193088706
-10.968781186881367
-10.307457738501203
-9.132705806911295
-10.32938890006195
-11.161455220888794
-9.112698316343081
-12.272436870537335
-10.124244502553534
-9.483984206373794
-8.839429117103837
-11.830418435489246
-8.390977842048564
-6.4851662282259745
-6.862658975756877
-8.439089431335415
-9.576047346908528
-9.721085607285826
-11.038517420733882
-11.316794193088706
-10.085611613822588
-8.434855220888794
-10.46981582848911
-12.45418401501068
-12.636156404732176
-10.27112529789554
-10.61483820029617
-11.364905782375558
-11.042007089829209
-10.529259383150645
-10.027960193968653
-10.06113655439195
-9.883904186373561
-8.628624852923702
-11.038517420733882
-8.70158601044933
-11.076728979618094
-11.830418435489246
-7.890750354281309
-11.010617645158296
-9.84370192813228
-8.872749508681855
-10.286310002350397
-10.176756849135845
-10.318321780322053
-8.923010002350397
-9.821376772354823
-9.953494193088705
-9.560543413003208
-9.414351678229895
-11.975660890161027
-10.625093007471634
-11.210086356534486
-9.024758014174568
-13.290336238257213
-10.717597595993743
-12.029634786529389
-8.836209945764477
-8.533763545412496
-10.115981022732303
-8.614363821085862
-13.193718435489247
-13.39293478652939
-12.406479514464966
-11.043179514464967
-9.094306393636835
-11.52797203513727
-9.831572987708222
-12.2697
-11.84468596122269
-9.563027259087477
-10.73239349689633
-7.92415300128365
-7.366886395433143
-11.660089455871152
-9.423911511122432
-7.4819494139775005
-9.959474938592916
-11.149003478640608
-10.3691594945054
-11.425666202538416
-8.286564827973205
-11.944470296720342
-10.962274620930586
-9.267728421064785
-9.425365642841115
-9.049956441157216
-8.83417811326137
-8.854429034556471
-9.076275159235085
-9.713428979618095
-9.713428979618095
-9.816659028929932
-9.889622371476003
-12.692055684097127
-10.774282579266117
-11.860715332149798
-6.959824196959197
-7.892343607066206
-6.831490007418184
-8.29729757504528
-11.260363545412497
-11.545390990450873
-9.609223475508234
-9.206259520987327
-9.062041255155792
-8.142348588797473
-9.416118711262763
-11.645178636624266
-9.691866448868144
-9.605481186881368
-12.882873686279991
-10.388058014174566
-7.401196881143132
-10.968781186881367
-10.936769408909713
-9.97766382108586
-7.591721780322053
-9.969033980670766
-11.399599811185308
-8.891654625407371
-9.155337577769076
-11.521695400719281
-10.877512628577954
-10.936769408909713
-9.310388131293637
-8.5645955236263
-10.357678005177387
-12.761337607910503
-8.110209993284856
-10.074520804414249
-11.748599671011604
-9.410763309039105
-10.657754873990683
-9.220845566322922
-10.477753951958261
-8.96608890006195
-10.26589164561697
-12.623663545412496
-12.401817420733883
-9.897063545412497
-6.4851662282259745
-10.10824138746106
-8.807550122092728
-9.918994706973244
-8.946979827241563
-11.266794005156674
-9.48302203513727
-10.460152541543152
-11.511292800703956
-9.605481186881368
-9.713428979618095
-10.20791947367542
-11.372633062937359
-12.240812628577952
-9.771440599307587
-7.726586647597055
-10.10824138746106
-11.117577842048563
-10.877512628577954
-11.859305806911294
-10.070991768133984
-11.559834676161895
-8.717153503202107
-10.628123227645178
-11.199059835929821
-10.828730513900044
-8.689210177157605
-9.807334841467766
-10.173191227686605
-8.614363821085862
-13.012910002350397
-10.728715973410758
-10.063815029752403
-11.52797203513727
-9.277918597711633
-12.137582579266116
-10.093059179532446
-11.01624851729895
-9.812125451299668
-8.434855220888794
-11.161455220888794
-8.723793651310256
-10.439575159235085
-10.088586883425169
-12.2697
-5.863594193088706
-9.665995762406006
-10.296789455871153
-8.123369352323792
-11.076728979618094
-14.9963
-9.666692708812835
-11.704259000403615
-10.191193926955584
-10.433012969932902
-9.733501195641763
-11.117577842048563
-9.06296957305878
-8.98266912869879
-8.416912221477963
-11.456359179532447
-11.379175379970073
-10.148857625934713
-9.974748961879522
-12.130561613822588
-12.742475379970074
-11.316794193088706
-9.62216042131468
-9.762797034597899
-9.299522212470189
-11.041305857364916
-10.199652697658891
-11.379175379970073
-8.499264059297035
-9.675217420733883
-10.190606414566668
-9.391140479740274
-9.39552660749523
-11.862124857388304
-11.440096458424211
-9.865618616375647
-8.434855220888794
-8.892640593440683
-9.612096603940989
-10.628123227645178
-10.318321780322053
-10.82365063424592
-9.435152207263272
-10.022490797029695
-9.573469408909714
-9.563692770722295
-6.217557738501203
-10.70930198276581
-11.15241575267577
-11.996103871274196
-11.266517202636335
-9.04355558241383
-9.821850810620386
-13.55025063424592
-12.029634786529389
-10.246154029018527
-11.148768435489247
-9.725390470626516
-10.798452207263272
-8.744172959491836
-8.517832351087758
-8.92197218671714
-9.18439132491999
-10.20334042034288
-8.80137203513727
-10.921147281340273
-9.989861083621218
-10.983773597186177
-9.48666935232379
-9.113022394439895
-11.758378979618094
-9.042210348197154
-8.944193625016268
-8.760523172706801
-10.6712099781534
-7.598291521976476
-7.8401266110093175
-8.854429034556471
-8.42622379799687
-7.4795071398603366
-7.494472476514426
-9.11043690347636
-10.908256036384376
-11.807809220678076
-9.62216042131468
-9.543099999999999
-10.558386993792661
-10.99513841853089
-11.260363545412497
-6.273988386177411
-7.967654221453715
-9.555061491008422
-9.741724573212586
-11.260363545412497
-9.28362079588444
-9.971528287763533
-11.448911613822588
-12.04970700255306
-12.963126602795736
-13.37352079588444
-8.294057273248534
-9.725390470626516
-13.055988900061951
-12.917206414566667
-11.406092454508348
-10.82365063424592
-10.60990413885318
-11.511292800703956
-11.448911613822588
-9.697847194372354
-10.952558975756876
-11.52797203513727
-8.089377865953933
-11.619240593440683
-9.741724573212586
-10.538973003147715
-9.7003039456802
-10.228923800930323
-10.364599728530703
-11.34798478652939
-8.868470965443528
-10.388058014174566
-7.848466228225974
-11.503626528934785
-10.433461104846277
-10.957301594179741
-10.10824138746106
-11.52797203513727
-8.430508052705903
-8.659856422358013
-6.3363695730587795
-11.097153410833329
-9.495989224851968
-11.925364517278236
-7.612320299653794
-10.473222503983616
-12.83484138746106
-8.983754145781514
-13.525052207263272
-10.605131204973697
-10.660801592137238
-8.611677791206915
-10.056168017997408
-8.968457327394779
-9.747004077016395
-9.97766382108586
-9.924606821666659
-9.070916989931444
-11.294010890161026
-10.40052318336494
-10.439575159235085
-9.354551931589908
-11.619240593440683
-9.012549877185833
-9.754277842048563
-12.300069408909714
-8.722311613822589
-9.11808596122269
-9.754277842048563
-12.137582579266116
-11.448911613822588
-11.208846400351979
-9.27603000387049
-13.633
-10.091686773881447
-10.9064
-7.809198337808791
-8.854429034556471
-8.933489455871152
-11.34716360199842
-8.799253005318839
-10.054633873359252
-11.072807904630846
-10.944243386528838
-10.592228985484999
-10.352163772014388
-9.178864782668171
-10.728715973410758
-11.522860322048793
-9.05347486661854
-10.217729034556472
-9.978306960234296
-10.535536017568635
-10.764499197197356
-9.845546400351978
-10.849969352323791
-11.874295814329479
-13.525052207263272
-12.72946224806851
-10.199509945764476
-10.662400727755221
-10.75106102780009
-10.82365063424592
-8.912712809464352
-10.927883598118209
-10.886787631618299
-8.716420284944713
-9.53828437697971
-10.40052318336494
-12.037515955271465
-11.805911239723939
-10.539769336377619
-10.198492286345033
-11.032791191261566
-10.575066228225975
-9.798155220888795
-10.439575159235085
-12.332081186881368
-9.361831714036459
-8.492197452528265
-9.298568882195475
-11.260363545412497
-11.726478749001192
-11.323207109459911
-9.601461538990101
-9.983996004804977
-13.222605806911293
-8.453610532092776
-12.180857986705378
-9.314366761104907
-9.48666935232379
-8.502318616375648
-9.496033412751682
-9.543099999999999
-10.063815029752403
-9.196116688165016
-10.798452207263272
-10.707183648959857
-9.170917365795507
-10.227053222018636
-8.482246400351977
-5.955652709704342
-10.968781186881367
-10.22799376815317
-11.117577842048563
-10.268539806932008
-6.262263772014388
-10.439575159235085
-10.255940593440684
-10.628123227645178
-10.101289279247375
-7.943695160273546
-9.05848638896572
-9.293977875582474
-10.429060315550984
-8.038284387220743
-9.43762433472611
-9.900607760013473
-10.307849451206174
-8.962595120952772
-9.401878202103582
-10.286310002350397
-11.609454029018526
-7.346561863418063
-11.005505340192002
-7.4819494139775005
-10.426269573058779
-8.707691768133984
-6.6388159734107575
-11.076728979618094
-12.735933062937358
-11.751358014174567
-7.321031378898022
-9.816917586663585
-10.159662935945523
-10.870477896860685
-6.3363695730587795
-6.944928476294485
-10.190606414566668
-9.10605390421637
-10.269399130709822
-9.240203965296569
-9.790648831366598
-10.496005806911294
-12.092015973410756
-9.543099999999999
-10.307457738501203
-10.100601621240774
-9.897063545412497
-8.69342424240054
-9.754277842048563
-9.639323178573704
-11.260363545412497
-8.00873139047038
-10.340666834711383
-12.365923178573704
-9.00058838617741
-8.908692170648468
-12.401817420733883
-9.228928985484998
-11.67559230848515
-8.602155684097127
-10.340666834711383
-11.619240593440685
-11.618148201642715
-9.732418214497121
-8.210169408909714
-7.614066834711383
-8.606941100818366
-11.218797452528264
-11.503126137886486
-9.701742306734662
-9.881132351087759
-10.968781186881367
-9.628965940693218
-10.9064
-10.467118435489247
-10.64692079588444
-11.260363545412497
-13.166175159235085
-8.739662665065765
-9.358873656378043
-9.30303478652939
-10.276012809464353
-9.972315913497095
-8.68641737166241
-9.511939011722959
-10.774282579266117
-7.892343607066206
-11.824437689985036
-11.316794193088706
-12.626120296720341
-8.848093777582108
-10.978732239057653
-11.161455220888794
-8.270821912323102
-9.432690358946388
-12.2697
-11.52797203513727
-12.029634786529389
-11.52797203513727
-8.44588796869944
-9.274147415107343
-8.002115973410758
-7.344391768133985
-7.769405806911294
-8.362090470626516
-11.208846400351979
-11.727188386177412
-10.555106798880841
-13.633
-9.807334841467766
-11.536491227686605
-12.332081186881368
-9.247783864824115
-10.296789455871153
-11.727188386177412
-10.686407002553057
-12.623663545412496
-11.020298331941886
-13.765117420733883
-6.986828979618095
-9.022005577631454
-9.907927587233347
-10.413256441157214
-9.09126516665327
-12.149667393264693
-11.283244727935575
-9.120043692275843
-11.51957368627999
-9.36226279539247
-7.75478596122269
-11.180429115232656
-12.704263821085862
-9.420430676915755
-8.902090100760905
-10.181834792396293
-12.100027400545578
-10.501956346116454
-9.891705376108854
-8.971701014755364
-10.707183648959857
-9.66231962278422
-11.890040256950021
-12.06266414171286
-10.063272150404359
-9.78436533723515
-10.467118435489247
-13.336504138853181
-11.117577842048563
-9.543099999999999
-9.408619008593606
-11.650029262604344
-8.898621338944896
-11.420696289984484
-12.029634786529389
-10.9064
-11.619240593440683
-10.363888386177411
-12.680094193088705
-7.693127256026064
-8.497236407770162
-7.590626361568919
-8.925091107013873
-9.635850595791082
-10.27008839023793
-8.128925994087915
-9.767103043884376
-9.33757374553844
-13.413007002553059
-7.673923183364942
-9.845546400351978
-9.319607708457045
-9.855738797189023
-8.96608890006195
-7.965963803271253
-12.250441752385301
-8.395222115902298
-9.754277842048563
-10.526375215821009
-11.060411636807022
-11.385012107404513
-9.21109998937214
-10.361529514464966
-11.448911613822588
-8.434855220888794
-10.587151042224551
-10.206159263609674
-8.998113742063316
-11.70809131283795
-10.48138596122269
-8.760523172706801
-10.60990413885318
-9.649864827973206
-7.251063821085861
-11.406092454508348
-10.097700740238091
-9.228928985484998
-9.830125371945432
-13.23759581432948
-13.935446400351978
-10.793862396973786
-9.517038761233506
-9.343883648959858
-10.877512628577954
-11.260363545412497
-9.97766382108586
-9.399257965103095
-11.5718494139775
-9.211766228225974
-9.907927587233347
-9.762797034597899
-10.592228985484999
-9.28362079588444
-9.30303478652939
-10.085611613822588
-8.977366834711383
-8.578469578925683
-9.953494193088705
-12.04970700255306
-10.406855582413831
-10.217729034556472
-10.59747634923081
-9.032205579884426
-11.208846400351979
-10.798452207263272
-9.387761027800089
-11.315221611947074
-8.8452494139775
-9.845546400351978
-9.365415973410757
-9.027843489410138
-10.029180966146379
-12.524755220888794
-12.899791227686604
-13.803328979618096
-10.115981022732303
-11.39248096614638
-8.002115973410758
-8.276023178573704
-10.26589164561697
-10.526375215821009
-10.276365024655917
-10.675691131134421
-10.592228985484999
-9.48666935232379
-10.255940593440684
-11.260363545412497
-13.433783648959858
-11.715463772014388
-10.180095955119528
-7.955737751709076
-9.248401025413505
-7.694429948888616
-10.085611613822588
-9.635850595791082
-10.558386993792661
-9.754277842048563
-9.886395262782447
-12.891272035137268
-10.60990413885318
-11.038517420733882
-6.944928476294485
-7.581935215899895
-10.484739035769461
-11.170942168060725
-11.149003478640608
-8.77733775373281
-12.365923178573704
-9.845546400351978
-12.401817420733883
-8.966335190467912
-11.149003478640608
-9.573469408909714
-8.77733775373281
-11.014777357655316
-8.346194920843928
-9.845546400351978
-9.690207428152068
-11.681621780322052
-13.37352079588444
-13.114658014174566
-10.2085494139775
-6.787612628577953
-11.260363545412497
-12.524755220888794
-11.075388668974451
-9.644669331705913
-9.297143457651513
-8.53566121904723
-14.190501621240772
-9.435152207263272
-8.64020615641602
-10.043481312837573
-10.89269733303281
-7.729346902793048
-8.29729757504528
-9.944743698868425
-10.526375215821009
-12.440028979618095
-12.623663545412496
-7.830144624730722
-7.790499720629701
-11.399247595993742
-13.179786647597053
-12.194373901013865
-11.715463772014388
-11.589414167631176
-8.080049708053986
-9.33966958371692
-9.567269627997156
-8.47733289773629
-9.514212628577953
-7.769405806911294
-11.649610002350398
-7.321031378898022
-12.194373901013865
-8.178321662984317
-9.918994706973244
-7.353120284944713
-9.180467148104057
-7.767927469895611
-11.076728979618094
-7.760590651512917
-10.52719640035198
-9.323459217744624
-8.902880935219564
-7.458727862511473
-7.541302084449105
-9.543099999999999
-9.543099999999999
-9.543099999999999
-10.9064
-8.1798
-9.543099999999999
-13.633
-7.712975159235086
-10.520145178254646
-10.085611613822588
-11.260847415272238
-10.685553768567077
-11.545134792396293
-8.374298607615252
-8.141783068350403
-10.29968891045257
-8.970574328083913
-11.727188386177412
-11.859305806911294
-12.132864835841225
-11.609454029018526
-8.086842214681457
-10.628123227645178
-8.98000611073898
-9.132705806911293
-12.375288921024282
-8.741417393264694
-10.287131186881368
-7.257263601998419
-7.334368516254276
-8.1798
-9.543099999999999
-9.626689822087869
-9.076275159235085
-8.933489455871152
-8.1798
-9.543099999999999
-10.9064
-9.543099999999999
-9.543099999999999
-13.633
-9.543099999999999
-13.633
-8.029033047949033
-8.097050634245921
-10.635144193088706
-9.543099999999999
-7.838402410852285
-8.125826103631637
-13.633
-12.51274048307319
-10.338920299653793
-9.543099999999999
-9.543099999999999
-9.543099999999999
-9.543099999999999
-9.543099999999999
-13.633
-10.9064
-8.1798
-9.543099999999999
-8.1798
-8.1798
-10.9064
-9.543099999999999
-9.543099999999999
-9.543099999999999
-9.632398261419644
-8.151584676161896
-12.300890593440684
-10.436890013285089
-10.298303714076035
-11.859305806911294
-14.9963
-7.793575434908451
-13.633
-10.9064
-10.9064
-9.543099999999999
-9.543099999999999
-10.9064
-13.633
-10.9064
-9.543099999999999
-10.9064
-10.9064
-9.543099999999999
-9.543099999999999
-8.1798
-9.543099999999999
-10.9064
-10.9064
-13.633
-13.633
-13.633
-10.9064
-8.1798
-10.798452207263272
-12.680094193088705
-11.316794193088706
-12.812211613822589
-13.044921780322051
-10.296789455871153
-11.015819282340418
-10.255940593440684
-13.354723227645177
-14.043394193088705
-8.015421559587065
-8.1798
-9.543099999999999
-9.543099999999999
-10.9064
-12.572146400351977
-11.889675215821008
-10.66633478652939
-10.9064
-8.768470589579465
-9.024758014174568
-9.132705806911295
-7.295890797029696
-7.858704068330939
-8.977366834711383
-11.411913136838296
-7.993408850795671
-12.332081186881368
-10.439575159235085
-9.780212221477962
-12.572146400351977
-7.226894193088706
-9.897063545412497
-13.222605806911293
-11.15241575267577
-9.425365642841115
-7.9015232276451774
-11.143512221477962
-7.988939829173973
-9.039242191859142
-12.68980227584452
-10.396397631391224
-7.666412634444857
-10.9064
-9.543099999999999
-10.9064
-9.543099999999999
-10.9064
-10.686759217744623
-9.476378908715791
-8.471490018076326
-7.4956032280377745
-14.9963
-11.599826602795735
-13.633
-9.543099999999999
-9.543099999999999
-10.9064
-9.543099999999999
-8.1798
-9.132705806911293
-9.543099999999999
-9.543099999999999
-10.9064
-9.543099999999999
-9.543099999999999
-10.29747839496436
-10.9064
-9.543099999999999
-13.633
-10.9064
-9.503041095881754
-9.543099999999999
-9.543099999999999
-9.543099999999999
-9.543099999999999
-7.712975159235086
-8.038284387220743
-8.197834094674828
-9.348127922813593
-11.448911613822588
-10.255940593440684
-8.943254170358772
-9.141654193873899
-9.579466890532514
-10.9064
-9.543099999999999
-10.9064
-10.9064
-10.9064
-9.543099999999999
-8.1798
-10.9064
-9.543099999999999
-9.103818435489247
-10.96093903690687
-8.1798
-9.543099999999999
-8.11163418435702
-11.239215809261692
-8.586652365973254
-11.151788128528219
-11.166027241037739
-9.361046406218883
-10.707183648959857
-7.416352089313955
-11.17995902892993
-11.451730664299598
-6.271180101710602
-9.605481186881368
-11.681621780322052
-11.545134792396293
-11.448911613822588
-10.592228985484999
-11.17995902892993
-10.924434094674828
-10.879206688867233
-8.326907428152067
-9.00058838617741
-7.7997752158210085
-9.024758014174568
-8.408140599307588
-8.892640593440683
-10.66633478652939
-9.489126103631635
-10.164672035137269
-10.526375215821009
-9.543099999999999
-10.9064
-10.9064
-13.633
-9.543099999999999
-9.401584387220742
-10.75106102780009
-10.16636609542655
-11.703966834711384
-9.076275159235085
-10.558386993792661
-12.004160413939914
-12.332081186881368
-12.029634786529389
-8.1798
-8.1798
-9.543099999999999
-9.066647096544353
-9.14789051136615
-9.543099999999999
-9.543099999999999
-9.543099999999999
-10.9064
-10.9064
-9.543099999999999
-10.30659716615903
-7.607274328083912
-9.543099999999999
-10.9064
-13.633
-10.9064
-10.647302902168875
-7.600558864780866
-7.5061190419746575
-11.560839648880705
-8.854429034556471
-9.543099999999999
-8.1798
-9.007257025734006
-10.879206688867233
-7.866242273391331
-9.543099999999999
-10.9064
-9.543099999999999
-10.9064
-9.20503804596895
-10.9064
-12.908434792396292
-9.264823227645177
-10.496005806911294
-9.243026643574993
-9.543099999999999
-8.1798
-10.9064
-8.1798
-10.620037676365225
-11.316794193088706
-12.36286597239889
-11.316794193088706
-12.842581022732302
-12.668483417355692
-7.30258096614638
-8.262253402905037
-10.9064
-9.543099999999999
-10.9064
-10.9064
-9.163075215821008
-8.626828990276236
-10.9064
-9.543099999999999
-10.9064
-10.9064
-13.633
-9.543099999999999
-9.543099999999999
-9.543099999999999
-9.543099999999999
-9.543099999999999
-10.9064
