-10.907882037487667
-12.81644523896512
-9.816659028929932
-11.208107231844137
-11.938366228225975
-8.590194193088706
-10.10824138746106
-9.767103043884376
-8.1193461862175
-9.119531807282296
-8.097050634245921
-11.294413221462378
-10.173191227686605
-9.352402841509193
-11.002623178573705
-12.029634786529389
-11.161455220888794
-10.9064
-9.410982579266117
-7.226894193088706
-10.774282579266117
-11.117577842048563
-10.64692079588444
-10.728715973410758
-11.727188386177412
-8.300555708002497
-12.9351494139775
-7.491129034556471
-7.4819494139775005
-10.798452207263272
-11.874295814329479
-11.859305806911294
-9.422944070274538
-10.632257155609775
-9.821850810620386
-11.509244094717213
-10.477623657342061
-10.509326684641291
-12.670465069281356
-11.670757738501202
-12.524755220888794
-11.406855986646349
-10.728715973410758
-10.628123227645178
-6.975878824253762
-10.276012809464353
-9.132705806911295
-10.798452207263272
-10.176299450664603
-8.785515696829721
-8.608228287763533
-7.335078862670831
-9.387761027800089
-11.859305806911294
-6.998790470626516
-8.002115973410758
-5.863594193088706
-9.410982579266117
-9.11808596122269
-6.787612628577953
-8.854429034556471
-7.396434266970923
-12.480877842048564
-13.633
-10.75106102780009
-9.576593815459322
-9.173507473353844
-11.260363545412497
-10.558386993792661
-11.559834676161895
-8.93666980550836
-12.982540593440683
-11.1967615863534
-12.680094193088705
-10.496005806911294
-11.064360106585802
-11.251410596117395
-9.715939461004726
-9.080325850066929
-8.4891945365365
-10.276012809464353
-11.379175379970073
-9.317283873386032
-8.988863772014389
-9.012377311262211
-8.350128979618095
-10.793916644370096
-12.2697
-11.545134792396293
-9.845546400351978
-11.208846400351979
-7.810466161991691
-8.066938704647583
-7.3669090265849935
-9.573469408909714
-9.02352581046826
-9.135509985089106
-10.912538569465177
-10.728715973410758
-10.635196181721419
-11.998496181721418
-11.316794193088706
-9.919553530674172
-8.818534792396292
-6.986828979618095
-10.400523183364943
-12.680094193088705
-9.680831649979885
-8.862851701224468
-8.999180925064671
-9.965455684097126
-11.238888914036837
-10.289114475989402
-10.375849877185832
-11.038517420733882
-9.935993204648144
-10.798452207263272
-11.208846400351979
-11.305069578925682
-11.750191948947492
-11.836522503983613
-11.076728979618094
-10.439575159235085
-9.348127922813593
-12.161752207263273
-9.435152207263272
-6.8165
-6.545244129461989
-7.1189464003519785
-7.499554516339887
-12.812211613822589
-10.414097057435033
-9.505814279720674
-12.08883474412917
-11.023128105288563
-10.733118028389258
-10.82365063424592
-11.161455220888794
-10.526375215821009
-12.149667393264695
-12.255256314288976
-11.898836017568634
-9.015648469778569
-9.886395262782447
-9.632398261419644
-11.619240593440683
-7.7863726898461
-6.655720802690456
-7.1189464003519785
-8.539170648446254
-11.36560095750122
-7.614066834711383
-5.863594193088706
-11.208846400351979
-10.318321780322053
-11.52797203513727
-9.05253628692603
-11.59180414938593
-9.410982579266117
-9.47002032418953
-8.362090470626516
-10.880540538724327
-13.09048838617741
-11.619240593440683
-8.809891227686604
-11.703966834711384
-9.758522115902297
-10.363888386177411
-11.379175379970073
-8.184257288307256
-10.227053222018636
-11.050674518174057
-8.783050431642016
-8.35727683706178
-11.539218855617145
-10.352277610444396
-11.208846400351979
-8.590194193088706
-6.954234264987029
-7.3632243680467155
-11.494887549680286
-10.022490797029695
-12.365923178573704
-11.260363545412497
-11.41301737166241
-11.117577842048563
-11.5544077242356
-12.686044732293865
-10.147992800703957
-8.071852207263273
-8.81333352614569
-9.406264835841228
-9.694014988973146
-8.482246400351977
-9.845546400351978
-13.09048838617741
-13.222605806911293
-12.680094193088705
-12.029634786529389
-10.426269573058779
-10.968781186881367
-10.947987457920911
-11.524369108309163
-10.164672035137269
-11.590353222018637
-12.04970700255306
-9.713428979618095
-10.115981022732303
-11.038517420733882
-12.401817420733883
-10.733460825330946
-8.775960048645054
-11.802875159235086
-9.615432239057654
-6.452264782668172
-7.90337635487685
-11.161455220888794
-11.04409429399595
-8.912712809464354
-9.48666935232379
-8.534028826350347
-8.817512211643471
-7.883304138853182
-9.413355623193087
-9.543099999999999
-11.105734789462842
-10.139826137886487
-10.085611613822588
-10.363888386177411
-10.391157904630846
-8.318616000047617
-8.410321351928333
-8.809891227686604
-12.2697
-11.52935272736833
-9.889336207283986
-9.514212628577953
-10.10824138746106
-8.327345676690417
-9.745879493191284
-9.564193913718407
-5.863594193088706
-7.93973478652939
-10.70087374553844
-10.224787006917179
-12.213269352323792
-10.686407002553057
-11.30197114086611
-11.078047631391222
-11.147947250958277
-10.226114167631177
-6.301088618804933
-6.491561203036686
-8.229168054979803
-11.038517420733882
-10.04971737166241
-11.038517420733882
-8.815928447759672
-9.215159209816331
-8.94093702158101
-10.82365063424592
-8.590194193088706
-9.713428979618095
-8.652575379970074
-8.862876456084537
-7.405170589579465
-12.572146400351977
-7.673923183364942
-12.692179007087283
-8.80137203513727
-9.076275159235085
-10.217729034556472
-10.093059179532446
-10.139826137886487
-9.31239113113442
-8.052438216618325
-9.132705806911295
-9.798155220888795
-9.953494193088705
-10.265891645616971
-10.728715973410758
-9.228928985484998
-8.836209945764477
-6.596507002553058
-10.375849877185832
-9.081682262268842
-8.210169408909714
-9.223922989467509
-7.163507335551197
-7.3632243680467155
-9.17408354268392
-8.514175951579917
-8.034798173023757
-9.132705806911295
-10.093059179532446
-9.830926554663375
-9.185300429370505
-12.480877842048564
-8.80052681919476
-9.200041614062952
-9.333404195439103
-10.131770589579466
-7.831786993792662
-10.728715973410758
-11.746641293870944
-11.328755684097127
-10.699726407459323
-10.923931111720925
-8.427612639236095
-10.53706616199169
-10.558386993792661
-11.04409429399595
-11.619240593440683
-11.355071673080769
-12.442406798294199
-8.150912628577952
-13.09048838617741
-9.930272641622677
-11.793247096544352
-12.680094193088705
-11.521991289633057
-9.845546400351978
-8.266086459098691
-9.953494193088705
-8.075564280032022
-10.056724242400541
-9.324872284072399
-9.745879493191284
-9.573469408909714
-8.1798
-8.827306414566667
-8.210169408909714
-9.48666935232379
-10.64692079588444
-10.82365063424592
-10.728715973410758
-9.821376772354823
-8.614363821085862
-8.938799569197561
-9.220845566322922
-10.963349165970943
-6.681574294799308
-11.727188386177412
-9.406264835841228
-11.316794193088706
-10.452578867402135
-10.597682347766849
-11.599826602795735
-6.136254234827742
-8.453862035255622
-9.06296957305878
-7.289275379970073
-11.816486647597054
-11.991423227645177
-8.978145172665899
-8.481260432318665
-12.092015973410756
-12.029634786529389
-11.038517420733882
-10.327708529322651
-10.70087374553844
-10.968781186881367
-10.706241155856894
-11.763823183364941
-9.546374447832783
-9.460350634245922
-9.468124141977322
-11.619240593440683
-12.029634786529389
-10.496005806911294
-7.635884469082543
-9.135509985089106
-7.499554516339887
-11.673214489809048
-10.164672035137269
-9.845546400351978
-7.719741789082449
-9.09126516665327
-8.851660173701113
-10.276012809464353
-12.25843100244648
-7.524427090824995
-9.713428979618095
-9.076275159235085
-11.51957368627999
-10.453186647597056
-7.769405806911294
-10.567016130004705
-11.217186017568634
-9.605481186881368
-10.474252198355968
-10.912380745504212
-10.82365063424592
-11.328755684097127
-11.183179389495322
-9.84227524183562
-10.747941736803662
-10.715802143496907
-11.178423547584172
-10.755633047949035
-11.448911613822588
-10.9064
-8.96608890006195
-7.935800727755222
-12.81644523896512
-9.413355623193087
-9.701704365455074
-12.401817420733883
-11.991423227645177
-11.208846400351979
-12.572146400351977
-11.038517420733882
-11.420024242400542
-10.849969352323791
-9.965455684097126
-10.307457738501203
-9.064286756398875
-6.707812577351748
-8.81247107345542
-9.91768027077778
-11.18897069373053
-12.547769340478474
-11.391136870978494
-13.2833696133558
-12.107568521172619
-8.944157738501202
-11.208846400351979
-11.379175379970073
-12.524755220888794
-12.407394293995951
-8.590194193088706
-7.831786993792662
-10.75106102780009
-12.719570869284116
-13.288294702322473
-10.77689345154221
-13.078763772014389
-10.93391306995511
-12.029634786529389
-7.769405806911294
-10.66633478652939
-10.635440378039466
-12.812211613822589
-12.524755220888794
-11.534076103631635
-11.673214489809048
-12.01213379808883
-12.2697
-10.64692079588444
-11.874295814329479
-12.680094193088705
-9.252011241886937
-9.00058838617741
-8.710586999659567
-8.856282161788144
-7.908543755001881
-11.632856880917506
-12.010220795884441
-6.817904286552504
-7.226894193088706
-8.955021780322053
-11.208846400351979
-8.453862035255622
-8.999180925064671
-10.363888386177411
-8.766075143288914
-10.400523183364943
-10.400523183364943
-10.375849877185832
-11.55450053484687
-12.836810783695919
-12.186950634245921
-11.352170597311176
-7.980583648959858
-7.27626224806851
-9.855642466566193
-6.058092800703958
-9.667862373762738
-10.015875379970073
-8.482246400351977
-9.552048386962605
-9.845546400351978
-9.09960437024631
-11.316794193088706
-8.722311613822589
-9.244812689174267
-10.307457738501203
-7.94568532573455
-8.434855220888794
-9.675217420733883
-8.4942078913604
-12.891272035137268
-9.639323178573704
-11.117577842048563
-10.824210779793532
-10.820640427424578
-11.796222366146932
-10.75547298477477
-10.36686365577999
-11.17201854500855
-12.543729115232656
-7.815564782668171
-11.727188386177412
-12.271182037487668
-6.8456242482674465
-11.292940105374486
-11.316794193088706
-10.907882037487667
-11.619240593440683
-12.010220795884441
-7.090564386755876
-9.918994706973244
-11.038517420733882
-9.953494193088705
-9.817176144397237
-11.382852903455646
-7.717839324434208
-7.3632243680467155
-6.3632866475970555
-10.82365063424592
-9.639323178573704
-9.780212221477964
-12.029634786529389
-9.410982579266117
-9.745879493191284
-10.24852364847518
-10.877512628577954
-10.131770589579466
-10.226114167631177
-11.859305806911294
-7.090564386755876
-7.635884469082543
-8.590194193088706
-9.817169124756106
-8.999180925064671
-10.907807175395046
-9.135509985089106
-10.686407002553057
-11.161455220888794
-11.52797203513727
-12.029634786529389
-10.15627368627999
-11.117577842048563
-9.332040596374135
-7.637288386177411
-6.349675159235085
-10.277956356578388
-11.161455220888794
-11.528924482170133
-10.01485380743296
-11.316794193088706
-11.619240593440683
-10.728715973410758
-11.117577842048563
-11.117577842048563
-7.004049786160678
-6.197553704583102
-7.8400678793686955
-11.161455220888794
-8.827306414566667
-9.246604138853183
-8.242181186881368
-7.351656566851442
-10.60990413885318
-12.742475379970074
-9.112883930062445
-9.473363766147484
-7.970104195439103
-7.965963803271253
-12.026575625014608
-10.6179808190516
-11.134384407339544
-10.797222559116806
-11.398037607910505
-10.369869131681622
-12.2697
-11.316794193088706
-11.21366041525431
-10.352163772014388
-12.946597131717922
-10.936769408909713
-9.435152207263272
-10.774282579266117
-13.09048838617741
-8.646033062937358
-11.406092454508348
-12.887395242300423
-13.034261364421567
-12.450855573636572
-12.524755220888794
-12.04970700255306
-13.01187218671714
-6.545244129461989
-12.742475379970074
-12.982540593440683
-10.085611613822588
-12.114361027800088
-11.97320413885318
-12.543729115232656
-9.103818435489247
-10.467118435489247
-8.43942724103774
-10.352163772014388
-10.255940593440684
-10.64692079588444
-11.260363545412497
-9.817176144397237
-9.544493010547093
-10.08984523896512
-9.680831649979885
-11.002623178573705
-11.117577842048563
-9.767103043884376
-10.75106102780009
-12.066571641431917
-11.261835148278456
-8.326148845515077
-12.010220795884441
-10.265891645616971
-8.1798
-11.859305806911294
-9.289378445800656
-8.854429034556471
-10.506388795640563
-12.300069408909714
-9.27184001041383
-11.483202097719552
-9.13299628138514
-9.037223183364942
-8.533763545412496
-8.350128979618095
-10.66633478652939
-11.379175379970073
-7.090564386755876
-7.090564386755876
-10.439575159235085
-8.96915367628315
-9.61209660394099
-9.002961430104383
-7.752623790832524
-9.248401025413505
-8.77087576689046
-10.2085494139775
-8.453862035255622
-6.545244129461989
-8.317535385707911
-7.3632243680467155
-7.090564386755876
-9.817176144397237
-9.135509985089106
-7.499554516339887
-10.916181013783564
-10.363888386177411
-10.113531048746914
-12.029634786529389
-11.448911613822588
-7.908543755001881
-8.590194193088706
-7.635884469082543
-11.248619766480536
-11.161455220888794
-10.9064
-11.495070589579464
-9.713428979618095
-9.775810166499463
-8.79297368627999
-9.28362079588444
-8.881884211165032
-9.737598607615253
-10.82365063424592
-10.375849877185832
-10.496005806911294
-11.379175379970073
-11.208846400351979
-11.660089455871152
-11.385790797029696
-12.891272035137268
-11.420024242400542
-11.44155656685144
-10.60990413885318
-8.323124196959197
-7.226894193088706
-7.226894193088706
-8.749573017342467
-13.39293478652939
-10.75106102780009
-10.968781186881367
-9.972750318470172
-14.043394193088705
-13.604112628577953
-7.986961523923143
-12.982540593440683
-10.780263324770328
-10.798452207263272
-11.384971803162896
-12.680094193088705
-11.076728979618094
-9.460350634245922
-9.990128990276236
-11.570939231373687
-11.422383114112987
-9.447617376453646
-11.002623178573705
-10.078256566851442
-7.556498677238255
-10.877512628577954
-9.103254824149992
-10.891780154311396
-12.765960133781924
-8.722311613822589
-7.559710002350398
-11.142787689985036
-9.897063545412497
-9.817176144397237
-9.817176144397237
-11.47154138746106
-11.353428990276235
-11.260363545412497
-11.859305806911294
-11.02800919574445
-10.778585768445966
-11.240759618934641
-11.038517420733882
-10.64692079588444
-10.265891645616971
-7.446591227686604
-9.976893893906519
-9.478650173295147
-10.686407002553057
-9.705586829643597
-11.38493170291046
-11.117577842048563
-9.713428979618095
-11.816486647597054
-10.9064
-10.496005806911294
-12.480877842048564
-10.32938890006195
-11.134384407339546
-11.763823183364941
-10.575066228225975
-11.142300274971854
-10.932122936848446
-10.012595185058252
-9.801351924119263
-9.897063545412497
-12.891272035137268
-9.11808596122269
-8.120684206373793
-11.161455220888794
-10.510995814329478
-8.311917420733883
-11.859305806911294
-9.897063545412497
-10.877512628577954
-7.3632243680467155
-10.66633478652939
-6.817904286552504
-9.27184001041383
-9.408170994885122
-7.908543755001881
-11.180429115232656
-11.002623178573705
-9.233055001175199
-10.265891645616971
-8.760523172706801
-10.413256441157214
-10.496005806911294
-8.96608890006195
-8.79297368627999
-10.2085494139775
-7.295890797029696
-10.877512628577954
-9.468124141977322
-10.36246911182497
-9.033455999920847
-12.04970700255306
-11.802875159235086
-11.463901621240772
-10.388058014174566
-11.427115029752404
-10.363888386177411
-11.316794193088706
-10.64692079588444
-13.633
-11.727188386177412
-12.029634786529389
-9.282241057568934
-12.354864489809046
-11.002623178573705
-9.27184001041383
-10.907882037487667
-12.57214640035198
-11.31798071505219
-8.523095262782446
-8.646033062937358
-10.919453211805113
-10.413256441157214
-11.260363545412497
-7.335078862670831
-8.73502878287511
-11.038517420733882
-10.131770589579466
-9.754277842048563
-9.546067794019352
-10.686407002553057
-11.208846400351979
-7.32311737166241
-8.024461027800088
-9.602200991969546
-10.877512628577954
-7.472909945764476
-11.739149877185833
-8.863753222018637
-13.759852361131804
-13.043826361568918
-10.070270166987772
-12.998543558620373
-13.078763772014389
-12.719253828504046
-12.107673208642526
-13.55025063424592
-11.401292757499387
-13.521533490345305
-11.920774706988748
-11.590353222018637
-10.60990413885318
-8.859072773398154
-10.617578506959834
-8.276023178573704
-9.682712424442975
-10.498824857388305
-10.628123227645178
-11.154872503983615
-9.582892530897498
-6.368569967498272
-8.529473137745732
-9.72137639649076
-10.968781186881367
-11.875815901601367
-10.020561143671141
-11.475512396973787
-8.652575379970074
-12.680094193088705
-6.421095814329479
-10.335673062339307
-10.307309516271884
-7.926078445800656
-8.002115973410758
-11.353428990276235
-10.988405250891923
-11.328879007087282
-11.302484425652338
-11.239635069515641
-11.589414167631178
-12.271182037487668
-13.222605806911293
-12.543729115232656
-11.589414167631178
-11.670757738501202
-11.52797203513727
-10.352163772014388
-11.562809945764474
-9.032205579884426
-9.935993204648144
-8.739583218157419
-8.482246400351977
-10.510995814329478
-9.897063545412497
-9.675217420733883
-8.659190797029694
-8.047682579266116
-8.362090470626516
-10.877512628577954
-11.562809945764474
-11.208846400351979
-8.434855220888794
-7.686656441157215
-8.66588096614638
-10.536985073629598
-9.953494193088705
-9.690207428152068
-13.222605806911293
-13.633
-11.727188386177412
-13.39293478652939
-11.727188386177412
-11.727188386177412
-6.6712664869839475
-11.727188386177412
-11.859305806911294
-12.680094193088705
-9.935993204648144
-10.686407002553057
-7.769405806911294
-9.28362079588444
-10.255940593440684
-8.131498637933005
-11.540939224851968
-11.739273200175989
-11.998496181721418
-11.589414167631178
-10.029525217299884
-10.567196884076585
-9.695274511896972
-10.686407002553057
-8.809891227686604
-10.210306314288976
-11.448911613822588
-12.812211613822589
-11.218797452528264
-7.75478596122269
-9.460350634245922
-10.217729034556472
-11.180429115232656
-9.203684306195093
-8.210169408909714
-6.433987507677202
-7.680637688698264
-7.499554516339887
-12.49810462803793
-12.2697
-10.199509945764476
-9.713428979618095
-8.8380068323248
-10.022490797029695
-10.771447424604375
-12.32034964077815
-12.550247655104117
-12.734761251991808
-10.774598604776493
-10.907882037487667
-9.06296957305878
-10.115981022732303
-9.076275159235085
-9.246604138853183
-7.971976860154228
-8.44867858030945
-7.215169578925683
-9.343883648959858
-9.953494193088705
-11.01185619907543
-8.821152661070249
-9.914705001175198
-10.610470603763206
-11.448911613822588
-11.10573478946284
-10.190606414566668
-10.66633478652939
-11.379175379970073
-12.2697
-10.672987579617542
-12.891272035137268
-11.859305806911294
-10.882295612880629
-8.555694706973243
-9.055127423084281
-8.956119229509625
-8.45665749800238
-9.851569104163055
-11.117577842048563
-10.340666834711383
-10.296789455871153
-9.573469408909714
-12.2697
-9.483984206373794
-8.044847424604376
-11.955528985484998
-11.703966834711384
-9.135673600930646
-10.2085494139775
-11.448911613822588
-10.66633478652939
-10.774282579266117
-12.2697
-12.332081186881368
-11.294010890161026
-11.248376611009318
-10.053220807031476
-12.029634786529389
-9.089886647597055
-10.296789455871153
-8.944157738501202
-12.029634786529389
-6.063462183630213
-7.993408850795671
-7.73073187106709
-9.660597575045278
-10.227053222018636
-9.30898532573455
-10.592228985484999
-8.925091107013873
-9.552048386962605
-11.379175379970073
-10.60990413885318
-7.867547623292707
-7.714457196722753
-11.971412689174267
-12.88705796989433
-12.582097452528263
-8.944157738501202
-11.816486647597054
-12.240812628577952
-8.276023178573704
-10.542164782668172
-9.798155220888795
-8.434855220888794
-8.863753222018637
-7.896915627215151
-6.033923172706801
-6.033923172706801
-9.457781980901746
-11.859305806911294
-9.348127922813593
-7.034911314945682
-10.575066228225975
-10.865507370938062
-9.953494193088705
-12.447976396490759
-10.771447424604375
-13.067266834711383
-10.592228985484999
-11.816486647597054
-12.742475379970074
-7.251063821085861
-10.968781186881367
-11.5718494139775
-10.181834792396293
-10.628123227645178
-9.059035514284611
-10.296789455871153
-10.139826137886487
-9.076275159235085
-11.797699475421934
-11.473495102397077
-11.575019380616752
-8.944157738501202
-7.499554516339887
-9.817176144397237
-8.62056360199842
-9.798155220888795
-10.558386993792661
-9.91343528897046
-11.145265000120181
-11.316794193088706
-11.038517420733882
-8.944157738501202
-11.527972035137267
-11.448911613822588
-11.260363545412497
-10.575066228225975
-7.500453222018637
-11.038517420733882
-10.9064
-12.2697
-11.260363545412497
-11.52797203513727
-8.823766516539013
-10.464112959587617
-7.740518435489247
-8.002115973410758
-7.661458014174567
-8.590194193088706
-10.214565910563644
-9.365415973410759
-11.379175379970073
-12.365923178573704
-12.891272035137268
-13.222605806911293
-12.680094193088705
-7.6449656224768
-9.953494193088705
-5.999924218971373
-9.135509985089106
-9.152267834478424
-9.228928985484998
-8.05916094200034
-9.730614785624724
-10.426269573058779
-10.035947595993743
-8.999180925064671
-11.453145238965119
-10.453186647597056
-9.664218832004789
-11.258412719021154
-12.335758710366942
-10.64692079588444
-10.635131061186032
-10.968781186881367
-8.044873351964807
-8.862851701224468
-10.08984523896512
-12.085473656378042
-8.482246400351977
-7.7843958143294785
-8.283030049311837
-8.823782156142103
-10.08984523896512
-9.737598607615253
-10.246154029018527
-7.727965166653271
-12.572146400351977
-9.895599221733093
-7.7843958143294785
-7.865628985484999
-10.628123227645178
-13.39293478652939
-11.859305806911294
-11.859305806911294
-9.897063545412497
-10.318321780322053
-9.845546400351978
-10.388058014174566
-9.514174273143169
-12.549280320978424
-10.411110787191555
-10.9064
-8.846160997940762
-7.238432925302173
-8.04179125038824
-9.365415973410759
-9.147695814329479
-10.10824138746106
-9.54905053920516
-11.50312613788649
-10.035947595993743
-8.768470589579465
-12.300069408909714
-11.239215809261692
-11.656926098387865
-12.365923178573704
-10.276382646420474
-10.965726984647048
-9.183684947693832
-12.029634786529389
-11.18897069373053
-12.524755220888794
-12.2697
-10.877512628577954
-10.498824857388305
-7.908543755001881
-9.037223183364942
-9.435152207263272
-8.892640593440683
-9.460350634245922
-9.365415973410759
-10.318321780322053
-9.083041789082449
-9.717389353362252
-9.00058838617741
-6.954234264987029
-7.908543755001881
-7.3632243680467155
-7.3632243680467155
-6.954234264987029
-7.090564386755876
-9.709494920843927
-8.593161987108058
-8.683637677978384
-10.968781186881367
-9.132705806911295
-9.780212221477964
-7.326610441777589
-8.682944788879787
-8.738061177043699
-7.286649771821642
-7.3632243680467155
-6.716499624135937
-6.543613356333176
-7.499554516339887
-9.675217420733883
-10.3413244510505
-10.628123227645178
-10.798452207263272
-11.406092454508348
-9.211766228225974
-7.769405806911294
-9.460350634245922
-12.440028979618095
-11.368409217744624
-11.364905782375558
-10.375849877185832
-11.002623178573705
-7.549412809464354
-7.959807002553058
-11.808431800999209
-9.983863601998419
-11.619240593440683
-9.865970831567212
-10.60990413885318
-8.453862035255622
-7.226894193088706
-5.863594193088706
-6.136254234827742
-8.524609520987328
-7.625563772014388
-14.477958014174567
-11.670757738501202
-10.318321780322053
-11.375904221453716
-7.3112561933961
-12.2697
-8.955021780322053
-8.317535385707911
-11.479281022732302
-9.435152207263272
-10.9064
-8.242181186881368
-7.769701917778772
-11.52797203513727
-12.332081186881368
-11.117577842048563
-9.576593815459322
-8.252132239057655
-8.071852207263273
-9.00058838617741
-8.047682579266116
-8.768470589579465
-11.316794193088706
-11.316794193088706
-10.439575159235085
-11.180429115232656
-9.489366731327172
-9.784647250958278
-9.680831649979885
-10.628123227645178
-10.742814136027775
-10.584856526308561
-10.959590865780813
-11.763823183364941
-11.52797203513727
-11.62919164561697
-8.809891227686604
-12.2697
-11.379175379970073
-8.210169408909714
-6.649883093150655
-8.330714988973147
-9.543099999999999
-5.863594193088706
-11.161455220888794
-12.365923178573704
-9.13716309521855
-7.815564782668171
-10.318321780322053
-8.74494138746106
-9.169498091443064
-10.319419229509625
-8.14140344699862
-10.76024064837906
-9.953494193088705
-9.990128990276236
-8.81074992786204
-10.728715973410758
-8.964605788598503
-9.30303478652939
-9.701704365455074
-11.727188386177412
-11.260363545412497
-10.090292257451608
-12.524755220888794
-7.348739941903257
-7.782879619730919
-11.328755684097127
-8.120684206373793
-8.590193543466189
-9.953494193088705
-11.427115029752404
-11.117577842048563
-9.573469408909714
-9.514212628577953
-10.878184676161895
-8.246785273982777
-10.22618752401738
-11.859305806911294
-6.4554738618910985
-8.72652287729498
-7.499554516339887
-8.512615809261693
-10.798452207263272
-9.062911102421893
-8.311917420733883
-8.590194193088706
-11.619240593440683
-11.619240593440683
-12.616413301397866
-8.62056360199842
-7.165105376108855
-7.1189464003519785
-8.97475088101541
-10.75106102780009
-8.714956566851443
-7.959807002553058
-5.863594193088706
-8.984238172962446
-6.0935914313795285
-11.72576911182497
-13.114658014174566
-9.61209660394099
-9.452928809365286
-10.707183648959857
-10.015875379970073
-12.026363628013032
-11.34716360199842
-12.524755220888794
-12.029634786529389
-9.264823227645177
-12.81644523896512
-12.134747424604376
-12.134747424604376
-11.180429115232656
-7.997093743649932
-8.350128979618095
-8.590194193088706
-11.859305806911294
-7.3632243680467155
-10.9064
-8.988863772014389
-11.161185912833735
-12.07199790716474
-10.946192530897495
-10.558386993792661
-10.453186647597056
-8.831741444046983
-11.165689431335416
-8.590194193088706
-10.078256566851442
-6.847805000888192
-10.131770589579466
-10.04971737166241
-9.505814279720674
-9.897063545412497
-12.982540593440683
-12.2697
-10.255940593440684
-11.472992919352837
-11.468017393264695
-12.982540593440683
-11.379175379970073
-6.3943811927482725
-6.878881186881368
-9.365415973410759
-10.558386993792661
-7.605027366498359
-8.338404365455073
-10.32938890006195
-11.955528985484998
-7.170463545412497
-6.954231649979885
-11.161455220888794
-11.39248096614638
-11.724829514464965
-11.076728979618094
-9.798155220888795
-10.139826137886487
-8.328808147817123
-7.591721780322053
-11.619240593440683
-8.912712809464354
-8.696250375056094
-11.117577842048563
-8.590194193088706
-5.863594193088706
-11.406092454508348
-12.181824423286942
-11.72231451685421
-12.84278610541012
-10.375849877185832
-7.366459179532446
-7.27626224806851
-9.897063545412497
-9.754277842048563
-9.170917365795507
-13.222605806911293
-10.388058014174566
-11.076728979618094
-9.967270934370902
-8.1798
-9.410982579266117
-13.045593581287378
-10.352163772014388
-8.482246400351977
-8.123369352323792
-9.363227158839628
-10.558386993792661
-9.855497452528265
-7.740518435489247
-7.686656441157215
-9.754277842048563
-8.80137203513727
-11.619240593440683
-12.891272035137268
-12.680094193088705
-12.680094193088705
-11.52797203513727
-11.117577842048563
-8.242181186881368
-9.628965940693218
-11.038517420733882
-7.815564782668171
-11.208846400351979
-6.217557738501203
-8.158003415929816
-12.680094193088706
-7.625563772014388
-9.522731821127289
-9.690207428152068
-10.246154029018527
-10.115981022732303
-9.399257965103095
-8.55013528897046
-9.54905053920516
-12.982540593440683
-10.9064
-11.379175379970073
-9.754277842048563
-11.859305806911294
-7.9338434576515136
-7.170463545412497
-7.333021201501203
-9.20839257996897
-8.383413987574926
-8.948479463289338
-11.002623178573705
-7.865628985484999
-9.28362079588444
-9.897063545412497
-9.323107002553058
-10.276012809464353
-8.66588096614638
-8.659190797029694
-5.863594193088706
-7.4640064145666685
-6.617283648959858
-9.830926554663375
-10.181834792396293
-8.610674876646463
-9.34177286716211
-9.500280840685761
-10.48138596122269
-10.115981022732303
-10.246154029018527
-8.862851701224468
-9.350261523923143
-9.821376772354823
-10.877512628577954
-11.038517420733882
-8.390977842048564
-7.831786993792662
-6.733750634245921
-8.8452494139775
-8.831741444046983
-8.776526137886488
-8.847073987585325
-11.727188386177412
-8.863753222018637
-13.301666228225974
-10.236526602795736
-7.959807002553058
-11.889675215821008
-8.96274698902278
-9.11090922284111
-10.907882037487667
-9.897063545412497
-9.013759425445475
-7.381641387461061
-11.316794193088706
-9.408170994885122
-9.680831649979885
-10.771447424604375
-9.544493010547093
-7.986961523923143
-10.877512628577954
-9.653420836663699
-7.864585070432585
-7.45977981481754
-11.180429115232656
-11.874295814329479
-11.991423227645177
-8.144184446320928
-10.340666834711383
-11.401958682897753
-8.548477592132524
-7.815564782668171
-6.112307324767856
-10.771447424604375
-9.072251993128795
-7.920320795884441
-8.434855220888794
-8.1798
-9.680831649979885
-8.511577993628435
-8.764691102331508
-11.328879007087282
-11.038517420733882
-12.623663545412496
-8.726768902129844
-7.226894193088706
-11.495070589579464
-11.260363545412497
-8.590194193088706
-8.863753222018637
-9.132705806911295
-8.4916959076722
-9.35670885079567
-9.073590013285088
-7.558153960279523
-9.489366731327172
-7.874400607655374
-11.448911613822588
-8.181204880032421
-11.955528985484998
-9.632398261419644
-11.260363545412497
-10.08986102395075
-8.784692800703956
-12.480877842048564
-9.688312790800339
-10.363888386177411
-11.328879007087284
-10.849969352323791
-12.2697
-12.680094193088705
-7.772214446739642
-11.859305806911294
-9.97766382108586
-12.029634786529389
-8.759734266970923
-6.817904286552504
-8.590194193088706
-9.780212221477964
-10.91836149100842
-13.222605806911293
-11.379175379970073
-7.570189455871152
-11.208846400351979
-9.460350634245922
-10.246154029018527
-11.260363545412497
-8.707691768133984
-7.32311737166241
-8.690967491092698
-11.703966834711384
-10.988853402905038
-10.030528119553916
-11.076728979618094
-11.043179514464965
-10.879686212669398
-9.163075215821008
-11.038517420733882
-13.695381186881367
-11.886567210431172
-11.199059835929821
-11.009630049311836
-10.48138596122269
-11.448911613822588
-10.575066228225975
-11.727188386177412
-12.2697
-10.352163772014388
-10.82365063424592
-10.363888386177411
-10.265891645616971
-11.117577842048563
-10.085611613822588
-11.93716037387604
-11.117577842048563
-13.247043837867713
-12.12354064837906
-12.519768828640773
-13.166175159235085
-10.08984523896512
-10.686407002553057
-10.648343498945916
-10.554754594433934
-8.044847424604376
-7.883304138853182
-12.2697
-11.90546478266817
-10.467118435489247
-9.618156683780597
-11.234044827334627
-11.97320413885318
-12.982540593440683
-8.002115973410758
-10.318321780322053
-10.48138596122269
-11.52797203513727
-9.953494193088705
-6.912723178573704
-9.807334841467766
-9.897063545412497
-10.08984523896512
-8.024461027800088
-10.728715973410758
-9.178864782668171
-9.789115752675771
-7.549412809464354
-9.195086993792662
-11.359761389325124
-11.161455220888794
-11.619240593440683
-8.150912628577952
-13.222605806911293
-10.66633478652939
-12.029634786529389
-11.448911613822588
-10.9064
-8.590194193088706
-10.48138596122269
-8.276023178573704
-11.589414167631178
-8.317535385707911
-10.558386993792661
-9.213462719021152
-9.534284844601622
-10.36246911182497
-9.52559901155944
-9.012549877185833
-8.572693204648145
-9.758522115902297
-9.012549877185833
-9.068255980206443
-8.390977842048564
-11.208846400351979
-6.3106231833649415
-8.536460924415877
-9.953494193088705
-9.602200991969546
-6.408449129010636
-9.30303478652939
-5.863594193088706
-11.117577842048563
-10.164672035137269
-10.426269573058779
-9.410982579266117
-11.038517420733882
-9.178864782668171
-10.400523183364943
-11.208846400351979
-9.48666935232379
-9.049956441157216
-9.11808596122269
-8.96608890006195
-8.578469578925683
-8.242181186881368
-10.352163772014388
-10.015875379970073
-7.391410010528777
-8.561306821666658
-9.821376772354823
-7.5320109377340225
-6.581787573369614
-10.510995814329478
-11.619240593440683
-11.688591738607002
-13.114658014174566
-11.04409429399595
-10.496005806911294
-10.227053222018636
-9.543099999999999
-9.543099999999999
-11.038517420733882
-10.496005806911294
-7.93973478652939
-10.02918096614638
-8.173908671122124
-9.037223183364942
-6.878881186881368
-8.482246400351977
-8.173908671122124
-9.817176144397237
-10.907882037487667
-11.180429115232656
-12.092015973410756
-10.575066228225975
-8.394370823638921
-9.460350634245922
-8.999180925064671
-9.408170994885122
-10.286310002350397
-12.623663545412496
-10.907882037487667
-12.524755220888794
-11.234044827334627
-10.226114167631177
-11.453145238965119
-9.79991212120027
-9.2394706348845
-9.076275159235085
-8.002115973410758
-7.2210028642108295
-7.561791107013873
-9.113108967575059
-12.029634786529389
-7.499554516339887
-11.62919164561697
-11.957272944528443
-10.75106102780009
-11.96253585622313
-7.699669573058779
-8.789647420974246
-7.991251931589908
-5.863594193088706
-7.500453222018637
-5.863594193088706
-11.362132583326634
-8.221813008008658
-9.018622480852239
-10.510995814329478
-11.316794193088706
-9.694014988973146
-8.887727090824995
-7.157684480984699
-9.830926554663375
-8.59554697992893
-9.369818028389258
-7.094776772354822
-9.745879493191284
-11.002623178573705
-12.029634786529389
-10.453186647597056
-10.426269573058779
-11.619240593440683
-12.365923178573704
-8.342286829643596
-10.063815029752403
-9.051244958895758
-9.108062709342981
-12.192121616172987
-7.772214446739642
-12.04970700255306
-10.404314489812926
-10.75106102780009
-11.34716360199842
-8.335391545015542
-9.990128990276236
-10.858098637933006
-10.575066228225975
-9.646330049311835
-9.573469408909714
-10.9064
-11.316794193088706
-7.269225093006841
-11.859305806911294
-10.772393980620938
-11.427115029752404
-9.582892530897498
-9.285533798088828
-9.680831649979885
-10.04279245450835
-10.907882037487667
-12.134747424604376
-12.114361027800088
-10.526375215821009
-10.592228985484999
-9.951130622416194
-10.771447424604375
-9.32106888120422
-9.037223183364942
-9.675217420733883
-10.307457738501203
-8.822027862511472
-8.652575379970074
-5.863594193088706
-7.7843958143294785
-8.818534792396292
-9.729431944797781
-9.875915809261691
-10.286310002350397
-10.426269573058779
-11.652264238147243
-10.438231064067201
-7.772214446739642
-8.181204880032421
-8.453862035255622
-6.272584232814024
-6.817904286552504
-9.422944070274538
-9.037223183364942
-11.002623178573705
-9.264823227645177
-11.862124857388306
-11.422383114112987
-11.18943240970703
-9.408170994885122
-9.817176144397237
-10.70814051666228
-9.771440599307587
-11.830418435489246
-8.977366834711383
-12.77631737166241
-10.727620554657625
-12.623663545412496
-8.698314896582447
-7.8400678793686955
-12.332081186881368
-12.891272035137268
-10.191200534846871
-8.24879660394099
-11.751358014174567
-10.00286224806851
-9.845546400351978
-8.482246400351977
-9.30303478652939
-11.260363545412497
-10.798452207263272
-11.038517420733882
-9.713428979618095
-10.45111254650342
-11.045763459709718
-11.599826602795735
-11.619240593440683
-10.592228985484999
-11.316794193088706
-10.227053222018636
-9.990128990276236
-11.921686993792662
-10.190606414566668
-9.935993204648144
-9.675217420733883
-10.526375215821009
-12.680094193088705
-11.727188386177412
-13.222605806911293
-10.388058014174566
-12.774925893543264
-11.649610002350398
-8.371427444614122
-8.059644070274539
-9.605481186881368
-8.72652287729498
-9.821376772354823
-10.305308648420489
-9.975201972768977
-10.070991768133984
-11.208846400351979
-11.599826602795735
-9.037223183364942
-9.543099999999999
-9.06296957305878
-8.722311613822589
-10.217729034556472
-12.2697
-7.772214446739642
-7.635884469082543
-9.460350634245922
-9.845546400351978
-9.639323178573704
-8.722311613822589
-10.227053222018636
-10.496005806911294
-12.029634786529389
-10.66633478652939
-12.749090797029694
-8.854429034556471
-10.015875379970073
-11.448911613822588
-6.204884034633729
-6.716499624135937
-12.092015973410756
-7.161913596588398
-11.038517420733882
-10.15627368627999
-11.208846400351979
-7.739954824149992
-8.783050431642016
-10.04279245450835
-7.984189338893505
-9.348127922813593
-10.32938890006195
-8.963858864780866
-9.690207428152068
-9.365415973410759
-11.422383114112987
-11.31443532137626
-10.255940593440684
-9.953494193088705
-9.163075215821008
-8.994697057299534
-9.499995074710375
-8.304562373762737
-11.117275917663811
-8.317535385707911
-10.628123227645178
-10.340666834711383
-9.675217420733883
-10.9064
-9.460350634245922
-9.811978580309448
-9.48666935232379
-10.877512628577954
-12.029634786529389
-11.260363545412497
-7.98270198276581
-9.039748021592752
-9.343883648959858
-10.255940593440684
-9.211766228225974
-11.534076103631635
-11.34798478652939
-9.923480134995208
-7.134949365531665
-11.72576911182497
-9.639323178573704
-9.930272641622677
-10.968781186881367
-9.713428979618095
-10.75106102780009
-11.316794193088706
-11.434291768133985
-10.204917048798231
-11.17995902892993
-11.408161438560809
-11.800190013285087
-12.668369578925683
-12.9351494139775
-12.156838704647582
-12.451990470626516
-10.686759217744623
-9.408170994885122
-6.817904286552504
-10.015875379970073
-7.570189455871152
-10.526375215821009
-10.774282579266117
-11.727188386177412
-12.757128119553915
-12.137582579266116
-11.32156908424298
-11.619240593440683
-12.029634786529389
-8.707691768133984
-13.467333114112986
-12.201282417920613
-12.680094193088705
-10.131770589579466
-11.038517420733882
-10.707183648959857
-8.022188189434427
-9.264823227645177
-11.260363545412497
-11.534076103631635
-11.727188386177412
-10.75106102780009
-11.062598726264133
-12.2697
-11.453145238965119
-11.862124857388306
-8.350128979618095
-9.132705806911295
-9.05253628692603
-8.581962649040863
-10.877512628577954
-11.41301737166241
-10.66633478652939
-10.75106102780009
-11.405372850777301
-6.39148596122269
-7.93973478652939
-11.589414167631178
-12.161752207263273
-6.8129581728845485
-12.365923178573704
-11.660089455871152
-11.208846400351979
-9.605481186881368
-9.897063545412497
-11.316794193088706
-8.1798
-12.440028979618095
-9.44138479185846
-10.035947595993743
-12.969803407145946
-12.300890593440684
-10.488650759940148
-11.62919164561697
-11.921686993792662
-10.439575159235085
-8.923010002350397
-8.590194193088706
-8.79297368627999
-9.024758014174568
-9.540147008007354
-11.034828476294484
-11.599826602795735
-8.944157738501202
-11.448911613822588
-11.622464714672411
-10.426269573058779
-10.771447424604375
-11.589414167631178
-12.61194810255942
-12.20292970329815
-10.56698516874297
-12.680094193088705
-12.47559698460664
-11.545134792396293
-9.953494193088705
-9.320052445474447
-12.2697
-9.929703613546993
-9.786877286239362
-10.694630380123881
-12.917206414566667
-10.164672035137269
-10.658492636554891
-11.180429115232656
-11.991423227645177
-10.498824857388305
-12.134747424604376
-9.675217420733883
-11.488441824479928
-10.010443359059648
-11.379175379970073
-8.63956224806851
-12.680094193088705
-11.52797203513727
-10.08984523896512
-10.226114167631177
-10.907882037487667
-11.589414167631178
-11.998496181721418
-12.137582579266116
-12.982540593440683
-12.891272035137268
-11.727188386177412
-12.891272035137268
-13.633
-9.97766382108586
-11.859305806911294
-10.411304236404689
-12.812211613822589
-11.727188386177412
-9.109484255445267
-10.056724242400541
-11.105024573212585
-11.260363545412497
-11.260363545412497
-10.686407002553057
-11.379175379970073
-6.545244129461989
-9.228928985484998
-6.760069352323791
-11.379175379970073
-8.72652287729498
-11.04417071034327
-11.2885788692506
-11.727188386177412
-12.762547595993743
-10.897584844601623
-11.739149877185833
-10.08984523896512
-9.953494193088705
-10.771447424604375
-10.226114167631177
-10.36246911182497
-11.938366228225975
-12.300069408909714
-10.798452207263272
-10.975941639728074
-11.619240593440683
-11.255005376108855
-10.83966391585065
-10.189723381342318
-7.071555220888794
-11.998496181721418
-12.81644523896512
-12.680094193088705
-12.858370589579465
-12.480877842048564
-9.850501020622268
-8.453862035255622
-11.816486647597054
-10.628123227645178
-7.773863095218551
-9.750063776805627
-10.084133276806906
-8.453862035255622
-8.317535385707911
-12.029634786529389
-8.09294612098168
-11.69268890006195
-11.260363545412497
-11.366162248068509
-9.897063545412497
-10.534533391305883
-10.877512628577954
-11.52599700378147
-8.920936187035176
-10.426269573058779
-11.161455220888794
-10.496005806911294
-12.070483648959858
-8.416912221477963
-10.22772526960258
-12.952714167631175
-12.81644523896512
-12.407394293995951
-11.991423227645177
-11.316794193088706
-9.798155220888795
-11.379175379970073
-10.246154029018527
-9.953494193088705
-10.542164782668172
-12.029634786529389
-11.727188386177412
-9.713428979618095
-10.910123782854928
-9.729431944797781
-9.8494367768149
-9.845546400351978
-13.39293478652939
-11.727188386177412
-13.633
-9.953494193088705
-13.39293478652939
-13.633
-10.877512628577954
-7.226894193088706
-11.589414167631178
-9.460350634245922
-9.354551931589908
-11.180429115232656
-9.680831649979885
-13.367818597711633
-12.2697
-7.226894193088706
-13.765117420733883
-12.489869962597671
-13.222605806911293
-8.969449781369441
-12.40926498644374
-9.499510269661263
-13.284986993792662
-11.675079463289336
-13.354723227645177
-13.433783648959858
-8.17754393670449
-9.059035514284611
-9.20839257996897
-10.88603182112729
-12.716728990276236
-10.686407002553057
-10.75106102780009
-9.78598426394762
-12.092015973410756
-11.862079115232657
-12.611919766480536
-12.066619716026912
-9.573469408909714
-10.164672035137269
-9.897063545412497
-11.955528985484998
-12.572146400351977
-12.812211613822589
-7.772214446739642
-10.08984523896512
-9.31499627753781
-10.542164782668172
-9.27184001041383
-11.453145238965119
-10.276012809464353
-7.637288386177411
-10.479297664042473
-10.678296277537811
-10.08984523896512
-11.316794193088706
-10.255940593440684
-10.467118435489247
-10.671645006642544
-8.608228287763533
-11.161455220888794
-10.375849877185832
-10.317510719996674
-10.492945933384972
-10.498824857388305
-9.817176144397237
-9.522731821127289
-10.60990413885318
-11.998404230813565
-12.982540593440683
-13.09048838617741
-10.774282579266117
-12.137582579266116
-12.04970700255306
-13.268764782668171
-11.038517420733882
-9.531375385836979
-11.559834676161895
-12.189530480014737
-11.287906821666658
-12.432186829643596
-9.281713954728417
-8.069390358946388
-10.75106102780009
-12.926109945764475
-11.619240593440683
-10.9064
-11.41404349689633
-12.137582579266116
-12.543782646773195
-9.897063545412497
-8.722311613822589
-8.590194193088706
-8.722311613822589
-9.228928985484998
-9.814355806911294
-11.133080694662564
-12.568703686718914
-11.083123525751292
-10.467118435489247
-9.457781980901746
-11.859305806911294
-8.892640593440683
-10.363888386177411
-12.723061389325125
-12.365923178573704
-11.161455220888794
-9.971528287763533
-9.228928985484998
-8.737301621240773
-9.089886647597055
-9.460350634245922
-8.680181312837574
-9.348127922813593
-9.918994706973244
-10.592228985484999
-8.317535385707911
-12.891272035137268
-13.633
-12.2697
-10.82365063424592
-11.161455220888794
-12.2697
-11.04409429399595
-9.408170994885122
-10.08984523896512
-9.817176144397237
-11.180429115232656
-11.180429115232656
-13.034057738501202
-9.870744827334626
-10.439575159235085
-7.635884469082543
-6.681574294799308
-7.68408778781304
-9.00058838617741
-9.264823227645177
-12.029634786529389
-10.510995814329478
-9.713428979618095
-7.749753125004424
-11.04409429399595
-9.680831649979885
-12.134747424604376
-12.134747424604376
-10.461137689985037
-9.741724573212586
-10.288046293741708
-12.070483648959858
-11.161455220888794
-10.115981022732303
-11.002623178573705
-9.049956441157216
-6.29914562685924
-11.034828476294484
-7.908543755001881
-8.453862035255622
-7.267793383919871
-9.367612909761423
-9.96848420050689
-9.653420836663699
-9.664218832004789
-10.412697353486621
-9.775810166499463
-9.57973479718753
-11.038517420733882
-11.15282379799687
-10.375849877185832
-13.633
-9.784647250958278
-12.485122115902298
-12.885380706259392
-9.900301878009634
-12.240812628577952
-11.076728979618094
-10.36246911182497
-9.408170994885122
-10.9064
-11.260363545412497
-12.029634786529389
-12.680094193088705
-11.208846400351979
-7.413226137886488
-8.999180925064671
-8.862851701224468
-9.408170994885122
-8.453862035255622
-10.635196181721419
-8.862851701224468
-8.999180925064671
-11.180474857388305
-14.585905806911294
-10.08984523896512
-10.907882037487667
-10.498824857388305
-10.08984523896512
-6.60452339754279
-12.096880018859817
-12.458738554241041
-10.9064
-9.543099999999999
-12.407394293995951
-10.009333062937358
-10.798452207263272
-10.62997635487685
-11.427115029752404
-10.48138596122269
-12.272667794019352
-8.590194193088706
-10.36246911182497
-10.08984523896512
-10.975941639728074
-11.859305806911294
-10.968781186881367
-11.117577842048563
-12.680094193088705
-10.467118435489247
-11.379175379970073
-11.208846400351979
-9.163075215821008
-12.680094193088705
-10.48138596122269
-11.859305806911294
-10.774282579266117
-8.863753222018637
-8.714956566851443
-7.7997752158210085
-7.883304138853182
-10.526375215821009
-10.496005806911294
-11.364557708457045
-11.816486647597054
-12.572146400351977
-7.090564386755876
-6.817904286552504
-7.090564386755876
-11.479281022732302
-12.533934841467765
-9.147695814329479
-10.584919062640697
-9.056427256026064
-11.619240593440683
-11.78956957305878
-11.589414167631178
-10.226114167631177
-10.771447424604375
-10.498824857388305
-10.36246911182497
-9.953494193088705
-8.72652287729498
-9.264823227645177
-11.55126125603216
-11.1260970345979
-10.47420922284111
-7.031922115902297
-11.41093137889802
-12.950840515222044
-6.681574294799308
-12.648400764319952
-10.542164782668172
-9.953494193088705
-9.605481186881368
-9.83575983592982
-10.877512628577954
-7.558983340442711
-9.582892530897498
-6.9268208366636985
-12.300069408909714
-8.93101710175127
-7.090564386755876
-8.181204880032421
-5.999924218971373
-6.681574294799308
-7.3632243680467155
-6.817904286552504
-9.323107002553058
-9.096533007386684
-12.240812628577952
-12.213269352323792
-11.117577842048563
-11.076728979618094
-12.271182037487668
-10.32938890006195
-9.897063545412497
-9.410982579266117
-9.33966958371692
-10.66633478652939
-11.511292800703956
-9.605481186881368
-10.849969352323791
-11.002623178573705
-10.707183648959857
-10.015875379970073
-12.2697
-12.2697
-13.222605806911293
-11.340963821085861
-10.707183648959857
-9.784647250958278
-9.543099999999999
-11.763823183364941
-9.00058838617741
-8.854429034556471
-8.722311613822589
-9.754277842048563
-8.944157738501202
-8.652575379970074
-10.36246911182497
-8.453862035255622
-7.226894193088706
-6.681574294799308
-12.2697
-11.862124857388306
-9.392333047949034
-11.139110166499464
-12.029634786529389
-10.424537153848066
-11.589414167631178
-12.762547595993743
-10.592228985484999
-7.351656566851442
-11.316794193088706
-10.955768054979803
-10.592228985484999
-9.223727719234397
-11.114572366146932
-11.727188386177412
-11.859305806911294
-11.780430437533479
-11.745222480852238
-12.645594706973245
-11.208846400351979
-8.181204880032421
-10.498824857388305
-12.2697
-11.117577842048563
-11.499207986705379
-10.678419600527967
-9.076275159235085
-10.628123227645178
-12.401817420733883
-6.681574294799308
-6.681574294799308
-6.954234264987029
-11.802875159235086
-8.317535385707911
-10.771447424604375
-12.982540593440683
-11.208846400351979
-12.029634786529389
-11.002623178573705
-8.674010251755595
-11.52797203513727
-11.208846400351979
-11.62919164561697
-9.983863601998419
-11.194226554663373
-12.680094193088705
-10.498824857388305
-9.27184001041383
-10.771447424604375
-10.226114167631177
-10.542164782668172
-10.276012809464353
-8.96608890006195
-11.991423227645177
-9.9252788692506
-9.897063545412497
-10.496005806911294
-12.680094193088705
-10.728715973410758
-10.022490797029695
-10.246154029018527
-11.260363545412497
-10.82365063424592
-10.453186647597056
-9.172498337808792
-7.257887165686577
-10.9064
-9.135509985089106
-12.004518597711632
-11.619240593440683
-12.680094193088705
-12.982540593440683
-12.982540593440683
-8.873226602795736
-11.379175379970073
-10.015875379970073
-9.573469408909714
-10.936769408909713
-11.52797203513727
-10.181834792396293
-10.413256441157214
-10.628123227645178
-11.52797203513727
-8.833524799814478
-9.147695814329479
-9.953494193088705
-10.686407002553057
-11.208846400351979
-12.680094193088705
-13.633
-12.092015973410756
-7.772214446739642
-11.316794193088706
-11.117577842048563
-10.968781186881367
-12.2697
-11.991423227645177
-12.982540593440683
-12.2697
-13.199384255445267
-10.246154029018527
-9.175673003147715
-11.234044827334627
-10.467118435489247
-10.439575159235085
-10.526375215821009
-11.038517420733882
-10.686407002553057
-11.076728979618094
-11.84468596122269
-8.776526137886488
-9.995825093006841
-12.543729115232656
-11.998496181721418
-11.208846400351979
-12.240812628577952
-11.599826602795735
-12.480877842048564
-10.82365063424592
-10.04971737166241
-7.170463545412497
-11.117577842048563
-10.510995814329478
-9.246604138853183
-11.589414167631178
-10.498824857388305
-10.771447424604375
-11.589414167631178
-11.04409429399595
-8.760523172706801
-9.861549365531666
-11.52797203513727
-10.48138596122269
-12.2697
-10.296789455871153
-10.070991768133984
-12.946182161788144
-11.966070634884499
-11.829010411835938
-12.684849830440912
-9.48666935232379
-8.286564827973205
-8.894617468957303
-8.745710814037414
-10.439575159235085
-8.23239462245921
-10.628123227645178
-9.014971449752409
-8.884798443466186
-10.60990413885318
-11.889675215821008
-9.489366731327172
-10.684368881204218
-6.948617420733883
-9.544493010547093
-10.078256566851442
-12.572146400351977
-7.921085255212306
-10.60990413885318
-7.555569610182548
-10.48138596122269
-11.456359179532447
-11.938366228225975
-6.339800363881064
-8.126066731327171
-11.649610002350398
-12.240812628577952
-11.208846400351979
-8.754241165050527
-11.161455220888794
-9.845546400351978
-9.764480660938288
-9.935993204648144
-10.526375215821009
-8.645382789761417
-8.72652287729498
-11.316794193088706
-9.965455684097126
-10.015875379970073
-9.09960437024631
-9.264823227645177
-11.84468596122269
-12.213269352323792
-9.235759670039066
-9.593756572718346
-9.680831649979885
-9.953494193088705
-10.849969352323791
-11.72576911182497
-12.271109525238504
-7.438072035137269
-8.590194193088706
-9.675217420733883
-7.019279493191284
-10.147992800703957
-7.772214446739642
-7.635884469082543
-6.817904286552504
-7.090564386755876
-9.006299752013462
-10.849969352323791
-8.317535385707911
-10.60990413885318
-7.695735514284611
-10.717851931589909
-12.543729115232656
-12.475605174676296
-12.20292970329815
-12.816399113528814
-12.095693496896331
-10.75106102780009
-10.413256441157214
-10.558386993792661
-10.798452207263272
-11.038517420733882
-12.572146400351977
-11.316794193088706
-11.739149877185833
-11.78956957305878
-11.076728979618094
-11.751358014174567
-12.401817420733883
-9.301064489645618
-12.342817570950508
-10.992265940693219
-12.804126062542634
-10.972079655953818
-11.859305806911294
-10.877512628577954
-11.859305806911294
-11.379175379970073
-11.420024242400542
-12.480877842048564
-10.164672035137269
-11.453145238965119
-11.660089455871152
-12.443989353362253
-11.921686993792662
-10.75106102780009
-10.375849877185832
-11.043179514464965
-11.208846400351979
-8.079799624135937
-10.496005806911294
-11.727188386177412
-12.186950634245921
-10.771447424604375
-7.769405806911294
-10.08984523896512
-9.660236664539022
-8.539170648446254
-7.928590921473428
-9.010138168485962
-10.375849877185832
-10.542164782668172
-11.117577842048563
-8.412510166499462
-10.190606414566668
-9.44510325943956
-9.767103043884376
-7.514720747752079
-12.070483648959858
-7.772214446739642
-10.467118435489247
-10.467118435489247
-9.725513793616674
-9.27184001041383
-10.498824857388305
-11.180429115232656
-10.635196181721419
-10.635196181721419
-10.36246911182497
-12.240812628577952
-11.47154138746106
-10.340666834711383
-9.947602864210829
-9.018622480852239
-10.485821717474938
-9.105229815578754
-7.918413954728417
-11.453145238965119
-11.316794193088706
-9.897063545412497
-9.754277842048563
-11.456359179532447
-8.923010002350397
-9.897063545412497
-10.9064
-10.833855321808265
-10.558386993792661
-10.566667879368696
-11.194226554663373
-10.363888386177411
-8.985045048522007
-10.013905083086303
-8.71182177313563
-10.995698261419642
-11.938366228225975
-8.097050634245921
-10.265891645616971
-6.315480420660288
