-9.798155220888795
-8.809107125847472
-7.178229453580942
-7.853062382229863
-7.889107352116174
-7.643402680454014
-7.675353277649698
-8.169872422195656
-10.049517001500538
-10.96551002836501
-9.904834702904292
-8.1798
-10.052837948219723
-5.966257508000534
-9.953494193088705
-8.80137203513727
-11.0096720076187
-8.75323466156097
-7.882291274578459
-9.543099999999999
-8.892640593440683
-6.787612628577953
-11.159708685831205
-7.911120701248144
-8.628962455937911
-7.928065663132485
-7.456944981967372
-6.273286309495718
-6.037348127054321
-6.365650933390773
-6.273286309495718
-9.012682821529427
-7.451039224851969
-9.00058838617741
-9.543099999999999
-7.472599270165368
-6.273286309495718
-6.657375949254148
-6.560839457995689
-9.953494193088705
-9.953494193088705
-6.846869408909714
-9.30303478652939
-8.999884655621042
-9.543099999999999
-8.590194193088706
-8.434855220888794
-10.401975430528692
-9.30303478652939
-8.065179569408102
-6.528100729572742
-7.038671491802771
-6.164780386423043
-6.273286309495718
-7.483935408547062
-8.742548190647575
-9.30303478652939
-8.123369352323792
-7.027677842048563
-7.769405806911294
-8.541529177303342
-7.985462781653295
-6.684382579266117
-7.985462781653295
-8.390977842048564
-8.434855220888794
-9.515724862606277
-8.071996560408586
-8.699887953613931
-6.037373199390974
-7.675353277649698
-5.863594193088706
-9.132705806911295
-6.649428971879583
-8.205079595851721
-5.742654200146972
-7.2526118787586675
-7.415491149172458
-5.9923022111991635
-8.80137203513727
-9.00058838617741
-9.284548556941605
-8.590194193088706
-10.255940593440684
-9.543099999999999
-7.071555220888794
-10.085611613822588
-6.7549042910298045
-9.953494193088705
-6.301872366470452
-6.691114901758976
-7.9015232276451774
