-11.351204209525983
-11.117577842048563
-7.886460692499142
-11.295133994255268
-11.366162248068509
-8.390977842048564
-6.137153222018637
-10.10824138746106
-10.32938890006195
-8.002115973410758
-8.390977842048564
-8.60518420050689
-7.603907075403137
-5.863594193088706
-7.637288386177411
-7.6589961658576815
-8.670951105198565
-11.359761389325124
-10.62076818067403
-11.456359179532447
-7.1189464003519785
-11.109179493191284
-9.304353438302517
-12.804856566851441
-8.892640593440683
-8.87036863907826
-11.859305806911294
-11.161455220888794
-11.681621780322052
-8.65719839918595
-8.919901996960563
-8.362090470626516
-8.423577286239361
-7.822647858267361
-6.795274364544144
-7.1462078038718575
-8.61359389390652
-9.775242191038098
-10.104293680834617
-8.071852207263273
-10.48138596122269
-7.865628985484999
-9.881132351087759
-10.181834792396293
-10.321323657577524
-9.195086993792662
-9.503041095881754
-7.560749640312305
-8.412510166499462
-5.863594193088706
-8.65223660100241
-8.9583202493945
-11.955528985484998
-10.798452207263272
-7.920320795884441
-8.19055440870005
-8.162586495744344
-6.912723178573704
-6.196410002350397
-7.019279493191284
-9.953494193088705
-9.798155220888795
-7.170463545412497
-10.726634419497978
-9.573469408909714
-8.67785589533776
-10.363888386177411
-10.580163020106307
-11.50312613788649
-8.393945636067917
-9.62216042131468
-8.574420207332537
-11.324850735754424
-11.379175379970073
-8.803914946707689
-9.953494193088705
-9.27184001041383
-12.029634786529389
-7.740518435489247
-10.056724242400541
-9.228928985484998
-8.451852837556276
-7.1189464003519785
-10.64692079588444
-9.605481186881368
-9.754277842048563
-9.132705806911295
-8.444830931709031
-7.595399303807626
-8.018392710387655
-11.34798478652939
-10.115981022732303
-7.815564782668171
-12.134747424604376
-9.27184001041383
-6.752050173295148
-7.699669573058779
-11.727188386177412
-11.104574143963038
-5.863594193088706
-8.059644070274539
-6.272584232814024
-6.545244129461989
-6.545244129461989
-6.136254234827742
-7.699669573058779
-8.72652287729498
-8.329189025068713
-10.439575159235085
-9.680831649979885
-9.678929493502633
-7.484688387253066
-9.990128990276236
-6.986828979618095
-7.746643062810914
-7.1189464003519785
-5.863594193088706
-11.161455220888794
-8.944157738501202
-7.976369583716921
-11.424803570962162
-10.100601621240774
-9.475548298511537
-6.8165
-8.071852207263273
-10.255940593440684
-11.260363545412497
-11.599826602795735
-11.208846400351979
-8.955021780322053
-9.11808596122269
-10.70869790716474
-11.379175379970073
-7.226894193088706
-12.2697
-6.600604414526546
-11.316794193088706
-8.09548227525975
-7.9928254437421264
-7.6018576763266035
-10.227053222018636
-7.235241794949353
-8.350128979618095
-5.863594193088706
-7.61066084065595
-8.444034841467765
-9.460350634245922
-9.076275159235085
-10.31408829073937
-10.536807473353845
-8.652575379970074
-9.48666935232379
-12.980084462280288
-11.316636369898319
-6.817904286552504
-6.817904286552504
-10.94006790357583
-10.326974829895768
-5.863594193088706
-5.863594193088706
-7.31619245450835
-9.307016568105606
-8.68641737166241
-11.222063470051358
-7.928124010796376
-7.535993386528837
-8.979648431628029
-8.150912628577952
-8.803914946707689
-5.863594193088706
-10.947379266718306
-11.374097510299165
-11.417609659872697
-11.43087383683853
-10.628123227645178
-10.774282579266117
-11.351513164114762
-9.924606821666659
-9.19180679888084
-8.508475417093843
-6.643719338058189
-6.250766834711383
-8.390977842048564
-7.5691331243381805
-5.863594193088706
-8.09761077979353
-7.654348726264132
-10.510995814329478
-9.460350634245922
-8.721571983911064
-8.572693204648145
-7.897834283205778
-7.580857738501202
-10.935133842132839
-10.276012809464353
-7.9015232276451774
-9.264823227645177
-8.017893687049902
-11.340963821085861
-10.66633478652939
-11.944470296720342
-11.059922414327112
-11.417609659872697
-11.40798053606535
-11.353428990276235
-7.686656441157215
-6.684382579266117
-8.647988178639677
-9.014971449752409
-11.824437689985036
-11.468017393264695
-11.316794193088706
-11.444321803533104
-7.192394706973244
-5.863594193088706
-7.585692308485151
-9.147695814329479
-6.576434786529389
-9.326382660519297
-9.543099999999999
-8.097050634245921
-10.485147034957478
-10.963349165970943
-11.23912470698875
-11.055166448868144
-11.260363545412497
-11.060100510311134
-9.00058838617741
-8.77733775373281
-11.859305806911294
-10.096254453057881
-10.629281886007195
-9.297575854402766
-11.80206527452705
-12.029634786529389
-9.845546400351978
-11.438403388833153
-10.575066228225975
-7.94568532573455
-10.575066228225975
-10.352163772014388
-6.273988386177411
-10.413256441157214
-8.923010002350397
-6.468486993792662
-8.045083169647178
-10.631612896740503
-10.131770589579466
-10.510995814329478
-10.318321780322053
-10.510995814329478
-9.033455999920847
-7.960159217744623
-7.986687717454224
-8.62306180683214
-10.647229007087283
-10.666006039317828
-10.496005806911294
-11.619240593440683
-8.873226602795736
-8.944157738501202
-8.944157738501202
-11.619240593440683
-11.51842512665669
-11.727188386177412
-11.859305806911294
-11.208846400351979
-11.40487247357796
-11.859305806911294
-11.727188386177412
-10.207449365341347
-10.285499614457882
-11.727188386177412
-7.359011613822588
-9.558534103655445
-8.754307638131344
-8.53849368533841
-11.878411586353401
-8.890670296556914
-6.273988386177411
-7.75478596122269
-8.683637677978384
-5.863594193088706
-8.002115973410758
-9.270400100907246
-9.530069380616752
-7.899675882411143
-8.462832409707032
-9.041014489812925
-8.104824141977321
-5.863594193088706
-10.510995814329478
-11.781636320811337
-11.521991289633057
-11.136281124034255
-8.037120033517708
-9.01694449306574
-9.425365642841115
-7.29389839918595
-11.260363545412497
-9.729431944797781
-8.044873351964807
-9.408170994885122
-11.032791191261566
-8.883773559654939
-10.467118435489247
-11.161455220888794
-9.44510325943956
-9.573469408909714
-12.332081186881368
-9.500280840685761
-11.468017393264695
-9.269485321376258
-11.11743149886406
-10.529259383150645
-11.12678180099921
-5.863594193088706
-8.533763545412496
-11.69363892102428
-10.139826137886487
-11.878411586353401
-10.37746858865362
-5.863594193088706
-5.863594193088706
-12.46903478946284
-11.881066696409977
-9.552048386962605
-10.231770965443529
-8.280253085064615
-10.226114167631177
-7.587352213130176
-11.049112314899254
-10.82365063424592
-7.871052064818144
-9.959595794619737
-10.526375215821009
-11.660089455871152
-7.815564782668171
-9.522731821127289
-9.667862373762738
-8.944157738501202
-8.944157738501202
-8.944157738501202
-12.2697
-11.859305806911294
-9.445287366221265
-8.071852207263273
-10.363888386177411
-8.590194193088706
-8.617455596608584
-6.846869408909714
-8.944157738501202
-8.944157738501202
-9.135509985089106
-8.944157738501202
-8.944157738501202
-10.093059179532446
-10.628123227645178
-10.9064
-11.161455220888794
-10.085611613822588
-6.273988386177411
-7.997746406218882
-7.35532266938319
-6.912723178573704
-8.002115973410758
-7.840895895748313
-10.388058014174568
-12.029634786529389
-8.80052681919476
-7.872635856223131
-8.350128979618095
-6.817904286552504
-11.90546478266817
-9.359804590584158
-8.210169408909714
-5.807163545412497
-11.908673861891097
-12.01213379808883
-11.62818898040329
-12.180857986705378
-7.996007568942116
-8.788818766301292
-9.27184001041383
-9.223727719234397
-11.859305806911294
-11.748861216319952
-11.793247096544352
-12.029634786529389
-11.321549830440913
-11.745222480852238
-12.263808671122122
-12.272667794019352
-10.768029354495468
-7.442912942694446
-8.444497579800956
-10.449526914252022
-9.715475401378825
-9.880877436580679
-10.042232611619596
-8.390977842048564
-10.078256566851442
-7.280136244444773
-9.514212628577953
-9.713034395353455
-7.75478596122269
-8.245479655953817
-9.503041095881754
-12.184720591055742
-8.37101841270343
-8.308596338168499
-7.0439705423292995
-9.178864782668171
-9.048670721504998
-11.60479690772966
-11.824437689985036
-6.742829707373317
-9.80272724103774
-8.590194193088706
-8.835313543371932
-9.135509985089106
-9.953494193088705
-8.999180925064671
-9.358873656378043
-7.612929324914464
-12.071618615846244
-7.862065300429434
-8.144143502225402
-11.62758021065734
-7.751458685831205
-9.574290593440683
-7.792035580549766
-9.908156098887757
-11.859305806911294
-11.52797203513727
-7.64491584969607
-11.002623178573705
-7.304670362552597
-10.921390007418184
-10.813442214681459
-10.070270166987772
-9.426094050151171
-8.11270106969374
-11.076728979618094
-11.874295814329479
-7.772214446739642
-8.590194193088706
-8.72652287729498
-8.533763545412496
-8.784692800703956
-11.839968838989192
-8.748798558543777
-12.149667393264695
-7.170463545412497
-9.758522115902297
-11.859305806911294
-10.774282579266117
-7.928643162758043
-8.033478075137504
-8.94739607109834
-9.460350634245922
-8.242181186881368
-8.242181186881368
-6.408914149295226
-11.67399607109834
-11.874295814329479
-11.558492103186897
-9.159502413599364
-7.3632243680467155
-10.786367393264694
-9.858403149164971
-6.954234264987029
-7.3632243680467155
-8.317535385707911
-8.109625517609137
-10.66633478652939
-10.9064
-7.686656441157215
-8.533763545412496
-8.242181186881368
-7.7843958143294785
-6.538223227645177
-8.933489455871152
-9.485862529123063
-10.66633478652939
-8.863753222018637
-6.008504403753581
-6.596507002553058
-8.382579493191285
-10.529499622370617
-6.912723178573704
-7.549412809464354
-6.576434786529389
-10.022490797029695
-7.603907075403137
-7.580857738501202
-11.117577842048563
-7.559710002350398
-8.204278080031836
-9.410982579266117
-9.930272641622677
-11.619240593440683
-12.2697
-10.396977714154426
-9.563893728960457
-10.774282579266117
-7.499554516339887
-8.150912628577952
-8.827306414566667
-9.798155220888795
-9.103818435489247
-8.902591645616969
-10.413256441157214
-9.11808596122269
-11.161455220888794
-11.619240593440683
-11.434291768133985
-7.351656566851442
-8.08021732766447
-10.426269573058779
-9.387761027800089
-10.774282579266117
-8.590194193088706
-8.608228287763533
-6.708552207263272
-8.715687973574694
-9.947602864210829
-7.661458014174567
-7.908543755001881
-8.862851701224468
-10.686407002553057
-6.986828979618095
-7.60278890006195
-6.948617420733883
-8.590194193088706
-8.087855172442959
-13.633
-8.269098261419645
-11.921686993792662
-11.52797203513727
-8.469555135089044
-6.273988386177411
-5.863594193088706
-8.862851701224468
-6.948617420733883
-7.919640785189243
-7.862156402702376
-12.2697
-11.52797203513727
-11.379175379970073
-11.002623178573705
-8.044873351964807
-8.317535385707911
-9.149556502357328
-7.939734786529389
-8.314513425939023
-9.306995160273546
-8.304197008945724
-11.495070589579464
-8.633469600527967
-7.548392871800967
-6.27044655906196
-5.863594193088706
-8.311917420733883
-9.211766228225974
-8.590194193088706
-10.439575159235085
-5.863594193088706
-8.67674500796723
-9.435152207263272
-8.590194193088706
-10.265891645616971
-7.549412809464354
-10.09324897715625
-9.257203215245362
-11.128216471325834
-11.02275508324973
-11.859305806911294
-11.260363545412497
-9.460350634245922
-9.024141591768883
-7.5064037612237975
-7.591721780322053
-9.408623707553671
-8.590194193088706
-11.589414167631178
-10.296789455871153
-8.737301621240773
-8.571544661771622
-10.60990413885318
-11.727188386177412
-9.152267834478424
-8.72652287729498
-9.558090007418183
-7.989746749856704
-10.029525217299884
-11.52797203513727
-11.52797203513727
-10.82365063424592
-12.680094193088705
-11.288868138175514
-11.448911613822588
-8.944157738501202
-8.944157738501202
-8.255150463098516
-9.335485300102578
-9.845546400351978
-11.379175379970073
-6.502328985484999
-9.28362079588444
-6.538223227645177
-9.188544676759946
-9.11808596122269
-7.920320795884441
-8.390977842048564
-12.064502903455647
-9.190173491176973
-11.874295814329479
-7.244318216955122
-9.228928985484998
-12.623663545412496
-7.865628985484999
-11.619240593440683
-11.448911613822588
-7.31619245450835
-12.20791118302015
-11.590353222018637
-11.038517420733882
-7.745757433126761
-7.736304370246311
-8.700515029752404
-8.944157738501202
-10.190606414566668
-9.087139201055935
-11.944470296720342
-11.727188386177412
-9.483094542832514
-10.078256566851442
-9.962229793624703
-9.35614945064825
-10.255940593440684
-10.64692079588444
-8.173908671122124
-8.099630480014735
-7.627890194132039
-10.849969352323791
-7.4819494139775005
-9.580523178035872
-8.590194193088706
-6.8575603550803965
-5.863594193088706
-10.66633478652939
-9.706922413667314
-11.105734789462842
-7.344391768133985
-12.543729115232656
-12.680094193088705
-11.263190806092258
-9.387761027800089
-11.260363545412497
-10.10824138746106
-9.272270793355036
-6.0989416631344255
-7.27626224806851
-9.798155220888795
-7.848466228225974
-6.948617420733883
-8.944157738501202
-8.944157738501202
-10.544095053861827
-12.742475379970074
-10.897584844601623
-10.467118435489247
-12.812211613822589
-7.542309869657832
-6.684382579266117
-7.019279493191284
-7.496425813040544
-8.291549241861173
-8.550688887577579
-8.014749130591245
-7.226894193088706
-9.243026643574993
-8.944157738501202
-7.289275379970073
-9.132705806911295
-9.132705806911295
-8.572693204648145
-9.024758014174568
-11.161455220888794
-9.48131118302015
-12.71128478652939
-6.681574294799308
-7.686656441157215
-7.90065720021062
-7.827703662383928
-8.955021780322053
-11.076728979618094
-10.467118435489247
-9.817176144397237
-10.226114167631177
-7.509831114743408
-8.914757970969998
-8.158003415929816
-7.707350350130866
-9.653420836663699
-8.944157738501202
-9.163075215821008
-11.002623178573705
-8.944157738501202
-9.843879005453756
-11.076728979618094
-6.273988386177411
-7.4819494139775005
-7.637288386177411
-10.774282579266117
-10.496005806911294
-10.227053222018636
-12.2697
-5.708255220888795
-8.453862035255622
-6.502328985484999
-8.350128979618095
-11.776556441157215
-8.659190797029694
-11.076728979618094
-8.944157738501202
-8.944157738501202
-8.944157738501202
-8.944157738501202
-11.316794193088706
-11.273032512327958
-8.729759179532445
-9.28745300128365
-8.944157738501202
-9.060343964910347
-8.944157738501202
-8.434855220888794
-6.684382579266117
-7.883304138853182
-11.673214489809048
-8.96608890006195
-10.181834792396293
-8.479561389096148
-7.9015232276451774
-8.1798
-8.42223825739758
-13.09048838617741
-11.100703369931777
-10.40382076001059
-8.677430675290159
-8.999180925064671
-7.772214446739642
-10.877512628577954
-10.367071646946927
-11.534076103631635
-10.041594084904341
-7.502807394771017
-8.453394187108346
-8.949564841534958
-7.980583648959858
-11.379175379970073
-6.912723178573704
-8.074661189750287
-8.181204880032421
-7.769405806911294
-8.662346950039352
-7.4296736862799895
-8.944157738501202
-8.944157738501202
-8.944157738501202
-11.453145238965119
-13.225424857388303
-12.134747424604376
-12.134747424604376
-9.754277842048563
-11.002623178573705
-10.318321780322053
-12.332081186881368
-11.725184501518545
-9.907927587233347
-7.413226137886488
-10.395869465624738
-9.847546065236623
-9.780212221477964
-9.543099999999999
-8.603970934370901
-12.952714167631175
-8.685721223825386
-8.944157738501202
-12.354864489809046
-8.779779298088268
-8.482246400351977
-8.923010002350397
-8.72602368659134
-9.60163225441515
-9.91343528897046
-8.517832351087758
-7.75478596122269
-8.071852207263273
-11.534076103631635
-10.105804856557826
-10.426269573058779
-9.89329542151808
-12.203641289633058
-10.771447424604375
-11.862124857388306
-12.029634786529389
-8.613747398680177
-8.343622413667314
-7.295890797029696
-7.438072035137269
-8.044873351964807
-7.026832626106054
-12.32459072726858
-9.208813385773427
-9.012549877185833
-10.592228985484999
-7.288617885546948
-8.944157738501202
-10.575066228225975
-11.673214489809048
-7.580857738501202
-9.158419304537281
-8.683765973410758
-10.936769408909713
-8.944157738501202
-8.311917420733883
-5.946047595993743
-7.8464397333765055
-8.590194193088706
-10.774282579266117
-9.586246947105899
-11.479281022732302
-10.686407002553057
-8.766872549021807
-7.438072035137269
-9.183684947693832
-7.273245223883384
-11.157629818623718
-8.390977842048564
-5.988356566851443
-10.00286224806851
-8.555694706973243
-8.944157738501202
-9.754580074676744
-7.661458014174567
-10.63933000387049
-9.501725317122961
-7.580857738501202
-7.838402410852285
-9.455224423286943
-9.386149481482583
-12.533934841467765
-9.628965940693218
-9.264823227645177
-10.265891645616971
-7.772214446739642
-7.908543755001881
-9.723781573801755
-8.024461027800088
-8.784692800703956
-9.410982579266117
-9.48666935232379
-10.015875379970073
-8.854429034556471
-6.545244129461989
-7.635884469082543
-8.453862035255622
-7.863890148208234
-10.762671803533102
-9.324129583305881
-12.423400510311133
-11.170367004918454
-10.389345692731954
-8.035029949760785
-5.863594193088706
-6.273988386177411
-9.029712634444856
-8.533763545412496
-8.311917420733883
-9.447617376453646
-11.011988921024281
-9.51997425997967
-10.054051205426141
-11.836060395627122
-10.82365063424592
-10.1238231727068
-8.462832409707032
-6.408914149295226
-7.499554516339887
-10.628123227645178
-9.37917027023164
-8.908136863110474
-8.741417393264694
-8.771679668802394
-9.573469408909714
-11.52797203513727
-11.260363545412497
-13.633
-11.448911613822588
-12.029634786529389
-9.741724573212586
-7.351656566851442
-9.399257965103095
-8.22276719623642
-8.836209945764477
-7.32311737166241
-12.680094193088705
-9.049956441157216
-8.944157738501202
-7.649249877185833
-11.619240593440683
-10.401731772706249
-12.332081186881368
-11.117577842048563
-9.57973479718753
-9.675217420733883
-10.085611613822588
-9.435152207263272
-9.996461389325127
-8.79297368627999
-7.831786993792662
-8.25886042131468
-9.177266742110513
-8.925091107013873
-8.902591645616969
-6.937618832004789
-8.87994932817775
-12.2697
-6.971247194372355
-6.538223227645177
-7.959807002553058
-5.863594193088706
-9.48666935232379
-11.319769462691285
-8.188748386962605
-11.002623178573705
-8.760523172706801
-12.2697
-7.32311737166241
-9.798155220888795
-8.86187660026633
-10.352163772014388
-7.661458014174567
-7.843412937233487
-8.319364986443741
-7.570189455871152
-9.317010117936618
-9.373755590627415
-11.117577842048563
-10.368663277331688
-12.149667393264693
-8.873997733301021
-11.619240593440683
-10.75106102780009
-9.425365642841115
-6.3131480215927525
-5.863594193088706
-12.480877842048564
-9.543099999999999
-7.699669573058779
-8.976229324914463
-7.899675882411143
-7.090564386755876
-5.999924218971373
-7.027677842048563
-7.421392800703957
-9.497533394144641
-14.043394193088705
-13.39293478652939
-13.39293478652939
-13.09048838617741
-12.029634786529389
-8.611901972768976
-11.420024242400542
-11.670757738501202
-10.302700854763152
-8.517832351087758
-8.451951005276623
-9.037223183364942
-9.128830991293402
-7.295890797029696
-5.863594193088706
-5.863594193088706
-8.350128979618095
-7.438072035137269
-5.863594193088706
-9.02352581046826
-8.578469578925683
-7.8285067988808406
-6.684382579266117
-9.953494193088705
-7.614066834711383
-9.675217420733883
-8.729759179532445
-9.132705806911295
-12.540955806911294
-10.907882037487667
-10.498824857388305
-7.667657795087125
-5.863594193088706
-9.48666935232379
-10.82365063424592
-8.767671030150487
-8.628090063526527
-8.824661256032158
-8.482246400351977
-5.863594193088706
-5.863594193088706
-7.43976609542655
-8.613131617379555
-8.150912628577952
-8.408140599307588
-5.863594193088706
-7.421392800703957
-7.359011613822588
-7.591721780322053
-8.621187165686576
-8.150912628577952
-8.002115973410758
-8.040619986569713
-5.863594193088706
-8.024461027800088
-10.056724242400541
-11.739273200175989
-10.686407002553057
-9.103818435489247
-11.348868585946606
-12.332081186881368
-10.988853402905038
-9.410982579266117
-10.078256566851442
-7.664673797168091
-10.836663766147485
-8.819560917630213
-7.787439901586123
-12.365923178573704
-9.264823227645177
-11.72576911182497
-8.827306414566667
-7.549412809464354
-7.614066834711383
-9.228928985484998
-8.590194193088706
-11.41301737166241
-9.815653809513863
-10.582158734478652
-10.554754594433934
-9.135509985089106
-8.807322574342429
-10.227053222018636
-8.827306414566667
-6.733750634245921
-7.914618597711632
-9.068255980206443
-9.753071987698629
-5.863594193088706
-8.070866239229959
-8.044873351964807
-7.772214446739642
-10.498824857388305
-11.72576911182497
-7.363245238965121
-7.363245238965121
-9.085770243990162
-8.501808427919107
-9.758522115902297
-9.1066445681448
-9.713428979618095
-7.434109969756479
-8.807322574342429
-10.255940593440684
-10.510995814329478
-10.686407002553057
-10.08561161382259
-9.033520843519899
-9.754277842048563
-8.923010002350397
-10.147992800703957
-7.888711241886937
-9.153799720629701
-8.358076396490759
-13.222605806911293
-8.8452494139775
-11.260363545412497
-9.1008654434966
-10.717851931589909
-10.8365013984797
-8.482246400351977
-8.946314657706965
-6.602663803271254
-10.612360890161025
-8.714226062542636
-9.435152207263272
-8.479784552035094
-7.609416869166159
-9.166199622370616
-9.135509985089106
-8.453862035255622
-10.045552709704342
-9.463447800857764
-11.921686993792662
-7.7997752158210085
-6.273988386177411
-11.379175379970073
-9.288414940840786
-8.024461027800088
-8.210169408909714
-8.311917420733883
-11.294010890161026
-8.350128979618095
-10.08984523896512
-7.549412809464354
-9.365415973410759
-13.09048838617741
-9.255643607066206
-8.286564827973205
-8.536961315464175
-9.849010276232928
-9.900843326302676
-8.236184543529644
-12.572146400351977
-8.939867330834437
-7.433690029553629
-9.105229815578754
-9.544493010547093
-8.590194193088706
-10.464112959587617
-7.650459425445473
-11.78956957305878
-11.038517420733882
-7.93973478652939
-8.683035919197142
-10.524739649044133
-12.2697
-7.7843958143294785
-11.328879007087284
-9.076275159235085
-8.390977842048564
-10.46981582848911
-5.863594193088706
-9.235935856223131
-7.208244661771623
-8.987703979935052
-6.986828979618095
-5.863594193088706
-8.390977842048564
-8.590194193088706
-8.097050634245921
-11.161455220888794
-5.995711613822588
-8.944157738501202
-13.633
-10.363888386177411
-10.093059179532446
-8.00873139047038
-9.561134094674827
-9.326178289292626
-5.863594193088706
-8.522028114172164
-9.211766228225974
-8.189349782308552
-6.3632866475970555
-8.892640593440683
-9.012815765873023
-11.079378118575649
-8.955021780322053
-9.881132351087759
-9.00058838617741
-6.954234264987029
-5.999924218971373
-7.499554516339887
-9.460350634245922
-11.619240593440683
-11.005712286606293
-6.397290651512917
-6.298158014174567
-11.265297606855487
-11.011988921024281
-8.971701014755364
-7.637288386177411
-9.460350634245922
-6.354132447542342
-8.715687973574694
-8.308228476294484
-5.863594193088706
-7.963904414526547
-8.086842214681457
-8.453862035255622
-6.787612628577953
-6.1466266027957355
-6.912723178573704
-13.09048838617741
-11.328755684097127
-9.953494193088705
-8.370201195641764
-9.817129115232657
-8.123369352323792
-9.750063776805627
-9.158419304537281
-10.774282579266117
-10.952558975756876
-8.317535385707911
-9.02352581046826
-8.503851824829786
-8.586652365973254
-12.029634786529389
-11.316794193088706
-10.653461591682472
-7.749037628038584
-8.55942782821392
-8.112364962346248
-7.452956721132283
-9.331330380123882
-11.655223191019592
-10.75106102780009
-11.704822076075326
-11.52797203513727
-8.601036188778416
-10.15627368627999
-7.60278890006195
-7.486521434126445
-9.54905053920516
-10.64692079588444
-6.468486993792662
-10.465278132773054
-7.359678071651023
-8.778964330764579
-8.17950403715096
-9.435152207263272
-7.275619039241342
-9.953494193088705
-10.439575159235085
-11.105024573212585
-8.866579354674188
-8.220543144428728
-8.54189283102171
-9.733501195641763
-8.523095262782446
-10.293783979969522
-8.590194193088706
-8.602155684097127
-9.754277842048563
-9.983863601998419
-9.246604138853183
-10.255940593440684
-8.390977842048564
-10.728715973410758
-8.533763545412496
-9.435152207263272
-9.771440599307587
-8.708414249818727
-12.029634786529389
-8.013183093150655
-8.438051924119264
-11.038517420733882
-7.441890509859254
-8.628037579617544
-7.539291645616971
-7.5195540290185265
-9.780212221477964
-8.302737800154912
-9.690207428152068
-8.697668516254277
-6.233929482059165
-6.954234264987029
-9.135673600930646
-8.98308739773685
-10.400523183364943
-9.573469408909714
-9.543099999999999
-9.897063545412497
-11.52797203513727
-11.619240593440683
-8.72652287729498
-8.862851701224468
-9.875915809261691
-11.161455220888794
-11.727188386177412
-11.619240593440683
-11.727188386177412
-10.453186647597056
-11.379175379970073
-11.859305806911294
-7.209393204648144
-8.242181186881368
-9.57973479718753
-9.667862373762738
-8.638919039241342
-7.958787064889673
-8.108749506635187
-9.546067794019352
-9.767103043884376
-7.637288386177411
-9.195086993792662
-9.195086993792662
-6.468486993792662
-6.681574294799308
-8.115195167947165
-7.850404623777887
-8.181204880032421
-9.605481186881368
-12.401817420733883
-12.572146400351977
-8.145300513884537
-9.860536407770164
-6.273988386177411
-9.31499627753781
-9.010138168485962
-8.832632450486287
-9.455224423286943
-10.575066228225975
-7.591721780322053
-9.460350634245922
-11.379175379970073
-11.379175379970073
-7.87087634923081
-8.307860842835185
-7.629056842129569
-7.635396775408074
-6.092631759713008
-9.228928985484998
-9.30303478652939
-12.029634786529389
-9.383224042632497
-9.508600513884538
-9.656998331941887
-11.076728979618094
-8.334547194372355
-10.296789455871153
-9.855497452528265
-9.28362079588444
-8.210169408909714
-7.499554516339887
-8.350128979618095
-8.80137203513727
-8.99940542141389
-8.863753222018637
-10.131770589579466
-11.260363545412497
-10.877512628577954
-11.260363545412497
-8.748025111448577
-11.624800338251788
-9.570361403519879
-10.400523183364943
-9.135673600930646
-12.2697
-10.574199078055598
-10.9064
-8.590194193088706
-7.282733062937358
-8.335701709526303
-7.787439901586123
-10.686407002553057
-9.508600513884538
-11.379175379970073
-11.727188386177412
-11.859305806911294
-10.217729034556472
-9.087139201055935
-5.863594193088706
-9.163075215821008
-8.99940542141389
-9.639323178573704
-9.033441445146458
-9.343883648959858
-7.764981823684531
-8.150912628577952
-9.153871256870362
-9.092646902793048
-8.891654625407371
-9.225456402702376
-10.015054195439102
-11.41404349689633
-11.123681910542931
-8.044873351964807
-8.317535385707911
-8.862851701224468
-7.908543755001881
-8.181204880032421
-7.499554516339887
-7.772214446739642
-7.499554516339887
-11.208846400351979
-10.173191227686605
-10.558386993792661
-9.61209660394099
-12.2697
-12.031611662046009
-8.944157738501202
-8.944157738501202
-9.17408354268392
-8.669931656978223
-8.03020949645159
-8.244014238147242
-8.242181186881368
-6.817904286552504
-6.792140938737052
-6.21895884185339
-6.779214279720674
-6.617283648959858
-6.058092800703958
-9.965455684097126
-9.323107002553058
-9.719379518823256
-10.698785300102578
-7.686656441157215
-8.242181186881368
-9.435152207263272
-8.72652287729498
-8.617658536711126
-9.049816570219773
-10.426269573058779
-7.499554516339887
-10.236526602795736
-9.798155220888795
-10.227053222018636
-8.729759179532445
-10.190606414566668
-7.405170589579465
-9.06296957305878
-8.482246400351977
-7.9015232276451774
-9.713428979618095
-7.831786993792662
-11.636258252385742
-8.944157738501202
-8.33493178267245
-10.284236187035177
-10.318321780322053
-11.208846400351979
-11.619240593440683
-10.426269573058779
-10.36246911182497
-10.022490797029695
-11.427115029752404
-9.195086993792662
-8.69483562249005
-9.103818435489247
-9.343883648959858
-10.60990413885318
-11.208846400351979
-7.872988385954997
-7.446591227686604
-11.208846400351979
-9.049956441157216
-7.980583648959858
-7.844924401110523
-8.562435656455085
-9.169340604098826
-8.460449816281793
-7.134442670021769
-9.06296957305878
-8.944157738501202
-8.944157738501202
-8.944157738501202
-8.944157738501202
-8.197834094674828
-9.161519173750134
-7.548698668657475
-8.453862035255622
-7.499554516339887
-9.408170994885122
-8.453862035255622
-8.044873351964807
-7.7708878443989615
-9.653420836663699
-8.537543326302675
-9.024758014174568
-10.400523183364943
-8.075316083144223
-9.135509985089106
-9.11808596122269
-9.713428979618095
-6.2536202073047
-8.96608890006195
-11.727188386177412
-9.784647250958278
-10.04971737166241
-9.680831649979885
-9.27184001041383
-10.055316218747233
-9.270213356333176
-8.74771601529581
-10.00093471408008
-8.245479655953817
-10.411026397967037
-9.343883648959858
-7.9015232276451774
-8.146978569803785
-8.47733289773629
-9.135509985089106
-8.999180925064671
-9.680831649979885
-11.754717700025832
-8.453862035255622
-9.27184001041383
-8.181204880032421
-6.828044769499955
-8.944157738501202
-8.944157738501202
-8.944157738501202
-8.944157738501202
-7.3632243680467155
-8.944157738501202
-11.260363545412497
-9.158419304537281
-12.365923178573704
-9.58606719623642
-9.200041614062952
-9.323107002553058
-8.566972641622678
-12.16422433472611
-12.424447194372355
-7.262773633592224
-9.135509985089106
-9.935993204648144
-11.830418435489246
-11.762564790399882
-11.549504359588168
-7.635884469082543
-8.181204880032421
-7.499554516339887
-7.619902374660637
-7.2522985945619265
-10.32938890006195
-8.590194193088706
-8.944157738501202
-8.944157738501202
-7.661458014174567
-9.514212628577953
-9.225456402702376
-9.573469408909714
-7.404371030150487
-11.319167237015677
-12.01213379808883
-11.372633062937359
-11.562809945764474
-9.960642050532392
-10.48138596122269
-10.774282579266117
-9.30303478652939
-8.882854029018526
-7.7042751449881575
-10.173191227686605
-8.210169408909714
-7.351656566851442
-10.227053222018636
-6.954234264987029
-7.090564386755876
-6.954234264987029
-6.681574294799308
-11.69268890006195
-11.096801195641765
-11.680526361568917
-11.65903312433818
-9.013759425445475
-8.791308217763579
-8.45054632213334
-8.475866763267307
-9.592468054979804
-8.999180925064671
-8.590194193088706
-8.317535385707911
-6.73788380053973
-8.283030049311837
-11.316794193088706
-9.639323178573704
-11.328755684097127
-8.985391189231766
-7.699669573058779
-8.801879744472807
-11.859305806911294
-8.050055623193089
-8.75580542928191
-9.228928985484998
-9.329263803271253
-6.657076179857355
-10.085611613822588
-9.717389353362252
-6.681574294799308
-9.91343528897046
-7.976159665733094
-7.70549372674046
-8.862851701224468
-7.772214446739642
-10.40771251821046
-7.681530230198237
-8.533763545412496
-11.390465965901406
-11.690458864780865
-10.021185600083228
-9.302036524896938
-7.170463545412497
-7.424691269776406
-6.272584232814024
-8.90359601170545
-7.226894193088706
-7.3632243680467155
-7.226894193088706
-7.908543755001881
-8.862851701224468
-6.963607428152068
-11.859305806911294
-12.2697
-9.076275159235085
-8.746481241819746
-8.276023178573704
-10.592228985484999
-7.549412809464354
-11.830418435489246
-12.033595160273547
-11.355321608831396
-11.599826602795735
-12.109824042632496
-11.686023835300551
-12.891272035137268
-11.260363545412497
-8.590194193088706
-8.453862035255622
-8.453862035255622
-9.817176144397237
-8.128216356911693
-8.999180925064671
-8.862851701224468
-8.453862035255622
-12.680094193088705
-11.991423227645177
-7.555569610182548
-10.937590593440683
-7.8552717476045135
-11.758805579884424
-11.619240593440683
-11.619240593440683
-11.859305806911294
-11.859305806911294
-11.859305806911294
-11.859305806911294
-9.690587084251757
-11.208846400351979
-11.52797203513727
-8.944157738501202
-8.944157738501202
-9.34600198276581
-10.035947595993743
-8.923010002350397
-8.342286829643596
-9.135509985089106
-8.181204880032421
-9.825178221479268
-8.999180925064671
-11.953790148208233
-8.181204880032421
-8.590194193088706
-8.741109182061852
-8.268410203623231
-8.181204880032421
-8.683637677978384
-10.085611613822588
-10.728715973410758
-8.150912628577952
-8.044873351964807
-10.575066228225975
-9.164635358139233
-8.590194193088706
-12.029634786529389
-8.96608890006195
-10.48138596122269
-12.029634786529389
-7.908543755001881
-6.975104365455072
-8.123369352323792
-10.255940593440684
-11.859305806911294
-9.169498091443064
-6.377218435489247
-8.652575379970074
-9.024758014174568
-10.363888386177411
-9.680831649979885
-8.044873351964807
-6.681574294799308
-7.758697877818465
-8.862851701224468
-8.317535385707911
-10.236526602795736
-12.033595160273547
-9.642816248688884
-8.126066731327171
-10.877512628577954
-11.260363545412497
-8.80137203513727
-8.692016218747233
-7.080734841467766
-11.192304235873483
-8.291549241861173
-8.182767794019354
-9.705586829643597
-10.304052182727535
-12.572146400351977
-10.559302100653003
-9.1416541938739
-7.50139376815317
-8.14613894735084
-9.447617376453646
-8.139741095881753
-7.635884469082543
-10.03187834514976
