-10.9064
-8.599743975397256
-10.435927842048564
-10.146200485675521
-10.322597246617656
-10.542164782668172
-10.286310002350397
-10.30749021783982
-7.9517694128484395
-7.477412428809908
-11.128824662528443
-10.426269573058779
-7.881278410303736
-12.392225011258155
-11.316794193088706
-9.897063545412497
-12.335908191070862
-10.64692079588444
-8.242181186881368
-8.53268802528536
-7.993424623864037
-11.076728979618096
-11.954023186441393
-10.66633478652939
-11.588049999999999
-9.713428979618095
-7.578494167828692
-9.29910072775522
-11.316794193088706
-11.52797203513727
-8.68641737166241
-11.871653065711433
-8.013183093150655
-9.963061097462191
-7.97020990921091
-10.450223546335065
-10.144925034042792
-10.34822921905889
-8.700815989452295
-8.191900232985201
-10.721336726895148
-9.973074010796376
-9.218858734478651
-9.973074010796376
-8.015765810740568
-8.216434797187532
-7.266945935063106
-9.845546400351978
-8.386763776805626
-11.379175379970073
-8.540080152884112
-9.674920620420696
-8.998719310560318
-12.094021775917353
-10.193855591510076
-8.683522421909082
-12.079687607910504
-10.164672035137269
-9.562679817707672
-9.878110717063223
-9.773625382903525
-10.774282579266117
-9.789878763230677
-10.388058014174566
-11.038517420733882
-10.114753501276528
-8.273593521554714
-9.847583776194874
-8.332633773632132
-11.115308167579911
-8.628529785279975
-10.748445074104115
-9.343883648959858
-10.70477683217749
-9.732727794140366
-9.885076611009318
-10.125141824479929
-9.558596486298935
-10.573523612998718
-11.876836918632222
-8.227561341192764
-12.107568521172619
-6.9932279357853115
-9.037223183364942
-10.66633478652939
-9.343883648959858
-11.453573707553671
-7.625913212859372
-9.408170994885122
-11.619240593440683
-11.185967599281046
-7.373108747112665
-11.52797203513727
-10.453186647597056
-11.038517420733882
-9.323107002553058
-7.226894193088706
-6.954234264987029
-9.803553967260745
-12.029634786529389
-8.467794883082282
-8.787991269776406
-8.279516248688884
-7.778053725119834
-11.379175379970073
-10.2085494139775
-10.181834792396293
-9.784647250958278
-12.029634786529389
-11.448911613822588
-7.5834648357484085
-9.964962905234131
-11.096379446003438
-9.438459915793082
-10.685914604237059
-11.941681053026569
-9.684855040553108
-11.625893386528837
-10.642821429388095
-12.79910642462553
-9.120309725861556
-9.845546400351978
-10.605050967316723
-10.70477683217749
-10.171764541389948
-9.973074010796376
-7.7997752158210085
-11.727188386177412
-7.829652801083021
-11.587758614275499
-10.262593386528838
-7.661458014174567
-11.77880341083333
-10.976175529230753
-9.339604931590365
-11.859305806911294
-9.964962905234131
-11.007874426130865
-10.381828106429172
-10.139826137886487
-8.926134408900007
-11.824437689985036
-10.642821429388095
-10.906696184950759
-11.09998632081134
-11.463901621240772
-11.99608532137626
-10.594646045933644
-14.24241107666519
-11.588817740672878
-9.13456184329567
-9.885076611009318
-11.619240593440683
-11.403859407459976
-10.767631891336265
-8.245810515793206
-10.291549729110775
-6.576434786529389
-7.504130745504211
-8.923010002350397
-11.002623178573705
-9.97766382108586
-9.317182583326634
-8.532884082312371
-9.232422055600178
-11.002623178573705
-11.448911613822588
-11.001600597820882
-10.125141824479929
-9.821092713321107
-7.646610856872583
-11.98287489068472
-10.66633478652939
-9.973595692696442
-6.92392534993997
-9.572672451523548
-8.028496616378126
-8.541177367521335
-9.347126883980172
-9.330977028217818
-8.08054235815943
-8.622436266713542
-9.09126516665327
-9.888395754941483
-9.509389546457935
-12.611676611009319
-11.116733228541
-9.218858734478651
-11.619240593440683
-9.660597575045278
-10.27112529789554
-10.42986779721242
-7.301658166083938
-9.012549877185833
-10.988855769175352
-9.679879514464965
-8.50839806060563
-7.581352057183309
-9.629252927567357
-9.984684786529389
-8.988815198483838
-9.793974785776404
-6.56526262058356
-6.785092816567979
-7.081329608170918
-8.768470589579465
-11.499756711299163
-11.38830548319337
-9.083707436631073
-10.391365722704379
-9.26948532137626
-10.08372086819845
-7.226894193088706
-10.44839049506919
-9.852199193440132
-9.495484688157898
-7.963590498733938
-9.324872284072399
-9.435661190618626
-7.404123385812257
-11.644027286284919
-11.330449744386408
-9.44900928549071
-7.930637366225277
-8.770258884343859
-7.526819786366459
-9.37432787870847
-9.279064938287108
-9.234893028204935
-8.96862230992732
-7.036032306582042
-8.440230987048933
-8.984473723454764
-9.534849523212081
-8.912678474570082
-8.208992056432418
-8.924110734899505
-9.194073293001217
-9.672187007911374
-8.607253824222912
-8.03005752925791
-9.126028223654513
-8.064438950092939
-8.671994633515455
-7.445022168200934
-7.47228859456626
-9.446517078546727
-9.411370474813225
-8.27148174010784
-7.854011937727618
-11.453145238965119
-7.281426088799235
-9.220516830300078
-8.35969598563981
-8.861746238290735
-8.374762496644163
-8.95100832768477
-8.994062664470661
-8.961323400970569
-8.54403140805342
-9.045229957661807
-8.719168496288006
-9.331841150583905
-9.470545419715519
-7.956538563253097
-9.667204879339613
-7.554086128614527
-7.422548903326753
-9.348127922813593
-8.933489455871152
-10.04279245450835
-10.745394014451522
-11.969154324210244
-11.692964252270336
-10.217729034556472
-7.6349248155049
-12.213269352323792
-9.435152207263272
-10.624674215814014
-11.830418435489246
-9.195086993792662
-8.91598846743059
-12.58330289644757
-7.591721780322053
-10.598293922425809
-9.834790018076326
-10.968781186881367
-12.173067094082509
-8.47831234157781
-12.648513561743144
-11.016720836663698
-8.444034841467765
-8.80137203513727
-9.406781951308531
-12.029634786529389
-12.634527587233347
-10.851047811926673
-10.147992800703957
-9.497533394144641
-10.296789455871153
-10.75106102780009
-9.037223183364942
-11.316794193088706
-9.941769578925683
-8.1798
-12.472479493191285
-9.410982579266117
-9.057729948888616
-11.639312809464354
-12.029634786529389
-10.558386993792661
-12.114361027800088
-9.198385462865112
-9.83575983592982
-9.67079343750712
-8.712591683337727
-9.83575983592982
-10.00286224806851
-8.735785426642215
-8.751541669769649
-11.038517420733882
-7.549412809464353
-9.30303478652939
-11.751358014174567
-9.387761027800089
-12.2697
-9.634291547546173
-7.6220911892317655
-10.798452207263272
-12.582097452528263
-10.798452207263272
-10.318321780322053
-11.991423227645177
-8.461878221479267
-10.968781186881367
-9.990128990276236
-12.375834130544808
-8.735785426642215
-8.590194193088706
-10.467118435489247
-9.762797034597899
-8.8380068323248
-8.170984844601623
-7.527960697470564
-8.320114921524597
-8.416912221477963
-11.672426108960707
-11.727188386177412
-11.353428990276235
-7.920320795884441
-8.723795871314493
-8.888706534666516
-11.285213561743145
-11.09125074092733
-11.109179493191284
-11.161455220888794
-8.479725593277752
-11.621442726664808
-9.773143345172938
-9.86620448464258
-10.980825255793851
-11.316794193088706
-6.617283648959858
-8.927508710366942
-11.619240593440683
-11.511292800703956
-10.217729034556472
-10.00286224806851
-8.986546455290355
-9.897063545412497
-11.830418435489246
-9.153799720629701
-11.619240593440683
-11.545134792396293
-12.372930049311837
-9.132705806911295
-11.316794193088706
-12.161259223246617
-10.050973837355361
-10.22516202029279
-12.654152529067861
-9.930272641622677
-11.703966834711384
-10.592228985484999
-8.97282984954379
-8.581962649040863
-9.781136222335125
-10.798452207263272
-10.592228985484999
-11.117577842048563
-9.228928985484998
-7.374001621240773
-11.271227587233346
-10.072875052604678
-11.619240593440683
-10.592228985484999
-11.448911613822588
-8.555694706973243
-9.132705806911295
-9.953494193088705
-8.626828990276236
-8.847073987585325
-11.208846400351979
-9.815719974542471
-8.737301621240773
-10.995698261419642
-7.149315809261692
-10.839301069693741
-8.827976208197649
-9.593756572718346
-11.448911613822588
-8.390977842048564
-9.567269627997156
-7.4213928007039565
-9.713428979618095
-7.591721780322053
-7.462241663134426
-8.715171247247941
-8.374298607615252
-11.239215809261692
-7.959807002553058
-12.30633479718753
-11.776556441157215
-7.570189455871152
-9.343883648959858
-8.898591132645844
-11.991423227645177
-6.581745006642544
-9.48666935232379
-9.369818028389258
-9.30303478652939
-10.217729034556472
-11.640950638447473
-12.2697
-12.15444228441897
-10.072875052604678
-11.038517420733882
-10.112873017342467
-11.076728979618094
-9.83575983592982
-11.379175379970073
-7.633982022842028
-11.053507428152066
-8.883570922010412
-8.531327014509262
-10.319200228544048
-9.543099999999999
-9.00058838617741
-8.86187660026633
-7.785839613783012
-8.533763545412496
-11.019322116155616
-12.236533299216246
-10.912350539205159
-7.951819600527967
-6.986828979618095
-7.295890797029696
-9.508600513884538
-8.512615809261693
-7.210543979873741
-9.2394706348845
-9.00058838617741
-7.511839605000123
-7.494841107325223
-7.7211044448443
-9.120981192748273
-10.147992800703957
-10.633700100907244
-11.619240593440683
-11.859305806911294
-9.845546400351978
-9.2394706348845
-8.025828930604574
-10.13057286643419
-11.161266098010216
-11.406092454508348
-7.980583648959858
-9.886395262782447
-11.619240593440683
-7.980583648959858
-9.401584387220742
-7.31619245450835
-8.525213596588399
-10.467118435489247
-10.164672035137269
-8.479293408359332
-8.890670296556914
-8.68641737166241
-7.591721780322053
-7.904119232850317
-9.953494193088705
-7.456280551279607
-10.131770589579466
-9.679451045876416
-8.123369352323792
-9.990128990276236
-9.798155220888795
-8.943254170358772
-9.567269627997156
-7.144659897977966
-11.448911613822588
-9.746713987574926
-10.770034922143951
-10.217729034556472
-12.029634786529389
-8.492197452528265
-9.625553402905037
-7.943695160273546
-12.742475379970074
-9.28362079588444
-7.712975159235086
-8.076806827533563
-7.580857738501202
-7.378573641389718
-9.729431944797781
-10.707183648959857
-11.545134792396293
-9.00058838617741
-11.199059835929821
-11.862281076513874
-11.34988352106572
-9.343883648959858
-10.9358679807034
-10.306461210811037
-10.467118435489247
-9.450142214681458
-7.884381616251874
-10.276012809464353
-10.592228985484999
-10.223863219006631
-9.990128990276236
-10.164672035137269
-9.875915809261691
-9.690207428152068
-12.47755556698532
-10.628123227645178
-10.592228985484999
-12.964083103897929
-11.221591431218307
-8.213293815459322
-9.732685104999561
-7.968859034796836
-8.316128684206275
-8.63956224806851
-10.181834792396293
-12.2697
-10.388058014174566
-8.369385104999562
-8.737301621240773
-9.387761027800089
-10.439575159235085
-10.988853402905038
-8.778150483671242
-11.04596498644374
-11.495868829670556
-10.131770589579466
-9.552649782308551
-9.182073861891098
-9.010138168485962
-10.276012809464353
-8.680870973564565
-9.573469408909714
-10.558386993792661
-10.363888386177411
-11.707402503836915
-11.955528985484998
-9.103818435489247
-9.291310172366368
-7.3972231727068
-8.854429034556471
-10.149520306027831
-8.929611414284896
-10.552954972882237
-8.811609875242233
-8.452457508135764
-10.09275179894357
-10.592925952801714
-10.029180966146379
-12.505023511331407
-9.729431944797781
-7.980583648959858
-7.438072035137269
-10.13057286643419
-10.414417118532654
-11.991423227645177
-10.340666834711383
-11.328895764310973
-10.990568910111428
-10.424033519331779
-10.363888386177411
-14.648286993792661
-9.737598607615253
-10.342235073344517
-10.04279245450835
-9.492076455357548
-8.216434797187532
-11.889675215821008
-11.434291768133985
-10.9064
-9.16066550232939
-8.816795955119527
-9.930272641622677
-9.205707434018972
-11.239215809261692
-11.681621780322052
-11.640950638447473
-9.30303478652939
-12.161752207263273
-7.404522569984139
-7.909720728435891
-7.93973478652939
-7.509926602795735
-9.235935856223131
-10.433587520234054
-11.002623178573705
-9.48666935232379
-8.898591132645844
-9.169340604098826
-8.566972641622678
-10.716482840802808
-7.342949444236354
-8.931378674073404
-10.467118435489247
-8.707691768133984
-11.660089455871152
-9.815719974542471
-9.543099999999999
-11.316794193088706
-12.114361027800088
-11.511292800703956
-8.636993594724334
-9.729431944797781
-11.117577842048563
-11.117577842048563
-9.762797034597899
-10.181834792396293
-8.139741095881753
-9.134098817458387
-7.005758983445087
-10.53579833780879
-8.265665940693218
-10.296789455871153
-11.545134792396293
-11.776556441157215
-10.131770589579466
-8.768470589579465
-9.897063545412497
-7.701514451324339
-9.865618616375647
-9.816659028929932
-9.930272641622677
-7.187943004292969
-9.653420836663699
-10.982086773057674
-8.042495122474918
-10.543247977559762
-9.855497452528263
-9.053715531508175
-8.113759289219733
-11.012736672151972
-10.100601621240774
-8.768470589579465
-11.248481887267038
-10.849969352323791
-10.707183648959857
-10.798452207263272
-11.545134792396293
-7.649491638598688
-8.057102408446939
-12.2697
-10.085611613822588
-7.984827922813592
-9.91454300429297
-11.323016700005772
-11.315374918736264
-10.849969352323791
-9.440106827533562
-11.65819245293823
-9.571915406214796
-10.25462924051596
-8.55681288231443
-11.703966834711384
-10.015875379970073
-10.818524423286942
-12.46419860761525
-10.496005806911294
-8.308964428741236
-9.361046406218883
-10.115981022732303
-9.762797034597899
-9.27043745689118
-10.255940593440684
-8.836209945764477
-7.511782124910065
-8.61744031790788
-7.769405806911294
-8.664536870978496
-9.185300429370505
-11.420024242400542
-8.102221616172987
-9.930272641622677
-8.311917420733883
-8.168075385836977
-9.845546400351978
-8.460925568551007
-10.439575159235085
-10.849969352323791
-10.253973564053599
-10.318321780322053
-9.06296957305878
-8.276023178573704
-7.091847345952226
-10.115981022732303
-9.771440599307587
-9.807334841467766
-10.015875379970073
-9.264823227645177
-9.806410448356996
-9.387761027800089
-10.575066228225975
-10.496005806911294
-10.276012809464353
-12.372930049311837
-9.543099999999999
-9.762797034597899
-9.660597575045278
-9.690207428152068
-9.697847194372354
-9.343883648959858
-8.043467842166917
-10.707183648959857
-8.385924551056076
-10.662667858435691
-10.551298456476026
-11.195288445088023
-9.201702410852285
-8.319412424442975
-8.757373837264442
-10.702969583716921
-7.634479158876101
-8.533763545412496
-8.685025893543262
-8.729759179532445
-10.439575159235085
-9.789115752675771
-9.343883648959858
-7.181327587233347
-7.168582726155388
-7.247374876646463
-6.8165
-12.645594706973245
-9.592468054979804
-7.405170589579465
-9.543099999999999
-9.00058838617741
-12.070483648959858
-9.387761027800089
-11.562809945764474
-11.038517420733882
-8.8452494139775
-9.228928985484998
-9.30303478652939
-11.208846400351979
-9.343883648959858
-10.423643964910347
-8.203969627997155
-11.751358014174567
-9.789115752675771
-11.479281022732302
-10.678296277537811
-11.639312809464354
-11.01607952422074
-11.889675215821008
-10.181834792396293
-7.7997752158210085
-10.085611613822588
-10.633700100907244
-11.545134792396293
-8.590194193088706
-7.775954702576859
-9.20839257996897
-11.599826602795735
-8.79631874414478
-7.9015232276451774
-10.181834792396293
-11.09273194479778
-9.103818435489247
-12.079002841509194
-8.861445817325126
-10.181834792396293
-8.786339738253178
-11.353428990276235
-7.683063438652375
-11.776556441157215
-9.754277842048563
-10.100601621240774
-10.217729034556472
-9.387761027800089
-7.109159835929821
-11.889675215821008
-9.35670885079567
-8.722311613822589
-7.245416797417632
-11.859305806911294
-8.843541888696333
-8.023317222184701
-9.855497452528263
-9.406781951308531
-8.316128684206275
-7.841738045968949
-8.408140599307588
-10.413256441157214
-10.496005806911294
-12.114361027800088
-11.52797203513727
-9.705586829643597
-11.620229031198994
-10.467118435489247
-11.143512221477962
-6.538223227645177
-10.388304762945456
-11.574405394308577
-9.618786773057675
-10.698785300102578
-10.354490194132039
-8.786339738253178
-7.720014069458449
-9.163075215821008
-8.844200256942269
-8.24879660394099
-9.235935856223131
-12.506812221477963
-11.260363545412497
-10.147992800703957
-9.460350634245922
-10.388058014174566
-11.282294706973245
-11.422383114112987
-10.891956314288976
-10.413256441157214
-11.915269824440351
-11.479281022732302
-9.33966958371692
-10.968781186881367
-8.492197452528265
-7.044840599307587
-9.713428979618095
-9.845546400351978
-10.015875379970073
-9.228928985484998
-7.793575434908451
-9.953494193088705
-7.488996451173297
-10.707183648959857
-9.340400115895655
-8.239555578732936
-8.797998386880264
-7.289275379970073
-9.576593815459322
-9.72033717963403
-9.057729948888616
-11.406092454508348
-11.1260970345979
-10.66633478652939
-7.430007342905996
-9.049956441157216
-8.502318616375648
-8.737301621240773
-12.114361027800088
-8.543532168480214
-8.369385104999562
-10.363888386177411
-11.15241575267577
-10.52017543490845
-11.366162248068509
-10.526375215821009
-8.027657731030558
-7.637288386177411
-10.526375215821009
-8.776526137886488
-10.496005806911294
-11.170707124909363
-7.9354087557666055
-11.859305806911294
-7.97301979448622
-8.808177554515808
-9.30303478652939
-7.9015232276451774
-11.859305806911294
-10.9064
-9.57973479718753
-9.97766382108586
-7.6689055798844254
-14.175511613822588
-11.682500228544047
-8.523095262782446
-6.978986829643597
-11.819800501400167
-8.955021780322053
-11.553181883073742
-9.22183400408123
-9.497533394144641
-8.1798
-9.437062656535662
-11.859305806911294
-11.694910376809492
-11.619240593440683
-8.673663677500716
-11.016720836663698
-11.703966834711384
-10.635570793355035
-9.261134283205779
-6.8165
-6.8165
-7.88582130976898
-8.74494138746106
-9.27043745689118
-7.591721780322053
-8.22276719623642
-8.68641737166241
-10.75106102780009
-10.431555980206442
-9.30303478652939
-10.9064
-10.849969352323791
-11.619240593440683
-10.75106102780009
-9.907927587233347
-7.5563953755425946
-11.830418435489246
-10.356516209091383
-11.703966834711384
-9.978898594561926
-9.115204818470733
-9.789115752675771
-10.08561161382259
-8.784692800703956
-11.619240593440683
-7.251063821085861
-11.479281022732302
-10.164672035137269
-7.027677842048563
-10.181834792396293
-10.94303479718753
-11.600783103897928
-9.754277842048563
-7.9210791178618525
-7.864199338046854
-8.28559615165773
-11.394845220395641
-10.798452207263272
-8.410758467981543
-9.777529156258126
-7.729346902793048
-8.619318441356151
-9.470738157999053
-8.374298607615252
-8.873226602795736
-10.537232508363813
-10.633700100907244
-11.448911613822588
-9.070916989931444
-9.103818435489247
-11.511292800703956
-9.239396340438105
-7.866242273391331
-11.315374918736264
-10.0884306642996
-8.929611414284896
-10.503500810620386
-9.690207428152068
-9.605481186881368
-9.343883648959858
-12.001013064907026
-10.57169257996897
-10.962238869848653
-10.592228985484999
-8.449611714729834
-11.561174760310626
-8.30749343750712
-11.39248096614638
-8.192811377614415
-11.18943240970703
-9.83575983592982
-10.526375215821009
-10.029180966146379
-11.479281022732302
-10.413256441157214
-8.106720324189531
-11.860046825655129
-11.305069578925682
-9.129752814918648
-10.361053231515669
-8.276023178573704
-10.255940593440684
-10.94936719623642
-9.250203381956574
-10.988853402905038
-10.413256441157214
-10.968781186881367
-8.20150777968027
-12.440028979618095
-10.059550375056094
-10.147992800703957
-7.868559311311071
-7.980583648959858
-10.224801988632713
-8.11801118302015
-9.037223183364942
-9.323107002553058
-7.381026565321515
-11.18943240970703
-7.455234792396293
-9.012549877185833
-11.599826602795735
-9.343883648959858
-10.100601621240774
-8.997776801796418
-10.276012809464353
-11.239215809261692
-9.025054125042043
-10.707183648959857
-9.435152207263272
-9.228928985484998
-10.439575159235085
-9.953494193088705
-11.859305806911294
-7.740518435489247
-11.316794193088706
-11.293572641622678
-8.652575379970074
-11.379175379970073
-9.646330049311835
-9.83575983592982
-9.27043745689118
-10.180095955119528
-9.246604138853181
-9.865618616375647
-6.8165
-7.697568155884985
-11.379175379970073
-10.029180966146379
-8.707691768133984
-8.479293408359332
-9.705586829643597
-7.434698386880264
-7.770810686943716
-9.06296957305878
-12.213269352323792
-8.997776801796418
-8.498553591110259
-10.131770589579466
-10.056724242400541
-9.543099999999999
-8.530542828492305
-8.640850765807052
-7.531317468957305
-8.53484102281119
-10.866341095881753
-11.208846400351979
-12.201282417920613
-10.974964506088869
-7.360938986921457
-6.8165
-10.361053231515669
-9.990128990276236
-7.989102841509194
-10.056724242400541
-9.22200406833094
-10.849969352323791
-11.053507428152066
-9.907927587233347
-11.802875159235086
-10.94936719623642
-11.599826602795735
-8.25886042131468
-9.543099999999999
-8.311917420733883
-8.263616058666889
-9.48666935232379
-11.002623178573705
-10.798452207263272
-11.921686993792662
-7.529340593440684
-8.873226602795736
-10.131770589579466
-11.495286911718129
-11.921686993792662
-8.763113280265138
-11.161455220888794
-10.085611613822588
-10.085611613822588
-8.1798
-9.720856788062395
-8.843430445827378
-12.623663545412496
-8.69342424240054
-9.134098817458387
-9.855497452528263
-9.855497452528263
-14.453788386177411
-11.117577842048563
-11.04596498644374
-8.123369352323792
-11.199059835929821
-10.592228985484999
-9.953494193088705
-11.52797203513727
-10.145454507780505
-11.619240593440683
-11.002623178573705
-9.543099999999999
-9.69165318345795
-10.029180966146379
-10.276012809464353
-7.943695160273546
-8.11801118302015
-9.831890059623246
-8.057232361574668
-9.907927587233347
-8.264964489809048
-10.674282203402054
-12.029634786529389
-10.606326643574993
-10.340666834711383
-9.420532361574669
-7.644675998095797
-11.316794193088706
-8.809891227686604
-11.038517420733882
-9.538984227976078
-10.66633478652939
-12.293869627997156
-12.161752207263273
-9.561134094674827
-10.217729034556472
-6.8165
-8.492197452528265
-8.80137203513727
-6.865868054979804
-7.509926602795735
-7.8386738715084805
-12.612995262782446
-8.939867330834437
-10.890269490160474
-9.990128990276236
-12.533934841467765
-9.343883648959858
-9.264823227645177
-10.9064
-9.811046914236517
-11.117577842048563
-10.313952213130175
-10.219582161788145
-10.162982808122141
-9.97766382108586
-10.255940593440684
-9.049441818206798
-9.97766382108586
-12.894076481403552
-9.387761027800089
-9.618786773057675
-11.448911613822588
-10.628123227645178
-9.990128990276236
-10.690504414526547
-8.262253402905037
-9.068255980206443
-9.455224423286943
-7.8285067988808406
-8.827306414566667
-12.114361027800088
-9.870333093196212
-9.297690841388613
-9.39315977417204
-10.236526602795735
-10.41842742308428
-9.343883648959858
-7.026157321023231
-9.205707434018972
-12.213269352323792
-9.48666935232379
-8.55681288231443
-10.00286224806851
-9.132705806911295
-11.859305806911294
-9.953494193088705
-8.867524404622927
-10.00286224806851
-12.213269352323792
-7.769405806911294
-7.831786993792662
-8.229168054979803
-10.779038216618325
-11.545134792396293
-9.807334841467766
-8.808177554515808
-8.8380068323248
-10.199509945764476
-6.064708217763579
-12.925453180136552
-9.435152207263272
-9.410982579266117
-8.434855220888794
-7.109159835929821
-8.933489455871152
-10.628123227645178
-10.798452207263272
-10.49079585983697
-8.791308217763579
-8.320114921524597
-10.0884306642996
-10.439575159235085
-9.965455684097126
-8.564699803257016
-11.158728859967692
-10.467118435489247
-8.566972641622678
-7.688461152186674
-7.2388556840971265
-10.698785300102578
-11.208846400351979
-10.658543893906518
-9.055127423084281
-10.056724242400541
-7.740518435489247
-12.668369578925683
-11.479281022732302
-8.931378674073404
-6.557020795884441
-12.489397034597898
-12.029634786529389
-9.771440599307587
-11.545134792396293
-10.318321780322053
-9.804709935180341
-12.680094193088705
-11.526285211008766
-8.886168781679892
-7.552688467430591
-8.006960039359528
-8.106914430705126
-8.47440425037748
-9.816659028929932
-11.448911613822588
-7.943695160273546
-7.110131244953601
-8.123369352323792
-8.024461027800088
-7.787439901586122
-9.419146318277445
-8.722311613822589
-11.830418435489246
-11.316794193088706
-8.854429034556471
-11.955528985484998
-10.181834792396293
-9.918994706973244
-10.413256441157214
-11.316794193088706
-11.316794193088706
-9.780212221477962
-11.448911613822588
-11.619240593440683
-9.379103064864518
-10.75106102780009
-9.195086993792662
-8.507444827334627
-10.849969352323791
-8.276023178573704
-9.163075215821008
-7.243586960789076
-10.131770589579466
-8.818534792396292
-9.30303478652939
-9.195086993792662
-11.134740599307587
-7.219831600392302
-7.0900590289299315
-9.694779448301013
-9.561134094674827
-10.9064
-8.927179552449735
-11.562809945764474
-10.628123227645178
-7.989102841509194
-9.737598607615253
-11.511292800703956
-11.859305806911294
-10.340666834711383
-8.47901896742778
-10.467118435489247
-10.224801988632713
-11.042751045876413
-11.117577842048563
-10.66633478652939
-9.195086993792662
-10.628123227645178
-10.375849877185832
-11.448911613822588
-9.00058838617741
-8.31339945822155
-14.345840593440684
-12.480877842048564
-9.29519263655489
-9.954679526151631
-9.599589858003492
-8.854429034556471
-11.955528985484998
-12.070483648959858
-8.499264059297035
-10.294678674073404
-9.44638551364291
-10.388058014174566
-8.856282161788144
-7.997746406218882
-9.383224042632497
-9.435152207263272
-7.898202145079793
-9.952074918736264
-9.30303478652939
-10.00286224806851
-11.639312809464354
-9.798155220888795
-10.373609418689144
-10.711443245234525
-10.707183648959857
-8.590194193088706
-9.387761027800089
-8.781412605792134
-8.202552814716881
-11.402432721163317
-10.828821616172986
-10.592228985484999
-10.11582525486047
-8.94049395004183
-10.707183648959857
-9.163075215821008
-10.707183648959857
-9.48666935232379
-10.015875379970073
-10.849969352323791
-7.980583648959858
-9.52559901155944
-9.235935856223131
-7.7997752158210085
-10.834038157999053
-13.067266834711383
-10.029180966146379
-8.22276719623642
-9.129752814918648
-8.613131617379555
-9.392333047949034
-9.841612341577811
-8.433036252738672
-10.079720284944713
-8.991190194132038
-9.212007989638831
-7.226894193088706
-9.897063545412497
-7.93973478652939
-8.717887630595825
-9.261134283205779
-8.1798
-11.379175379970073
-7.549412809464353
-9.25713943346247
-7.175438029837638
-8.55290847280938
-8.742332791212789
-10.496005806911294
-10.75106102780009
-7.800336393579265
-8.509803872393757
-11.448911613822588
-10.142916214857053
-11.495070589579464
-11.271227587233346
-10.849969352323791
-11.562809945764474
-10.413256441157214
-7.027677842048563
-7.938158024832709
-11.859305806911294
-12.102346289984485
-8.836209945764477
-10.798452207263272
-11.179019974542472
-9.822324848885952
-9.455224423286943
-8.409011936723392
-8.193576741282197
-8.590194193088706
-8.663195820196382
-9.215159209816331
-8.199668087882644
-11.703966834711384
-11.100898607615251
-8.244818490427624
-9.175673003147715
-9.132705806911295
-12.27565053920516
-13.09048838617741
-11.272876821769572
-9.387761027800089
-11.245570553662612
-10.217729034556472
-8.714956566851443
-9.679451045876416
-7.273693594724334
-9.348127922813593
-10.085611613822588
-10.798452207263272
-7.181327587233347
-9.255317662583495
-9.341252193112513
-9.05253628692603
-7.907141192619206
-9.049956441157216
-10.558386993792661
-10.526375215821009
-10.276012809464353
-6.830133133869371
-8.533763545412496
-9.815719974542471
-9.886395262782447
-9.737598607615253
-12.213269352323792
-10.361053231515669
-7.027677842048563
-9.228928985484998
-7.3604936513102555
-10.628123227645178
-10.238439605000123
-8.929611414284896
-12.75814522039564
-10.061110517374319
-10.558386993792661
-11.379175379970073
-9.092646902793048
-10.849969352323791
-9.612096603940989
-10.707183648959857
-8.75894641101012
-9.713991061870923
-10.523267210431174
-9.387761027800089
-10.029180966146379
-12.656872641622677
-9.555061491008422
-10.798452207263272
-10.00286224806851
-11.39248096614638
-8.426414411795033
-11.859305806911294
-9.780212221477962
-10.834038157999053
-9.178864782668171
-8.306759310113401
-7.386273017342468
-8.858141107325222
-11.406092454508348
-9.58606719623642
-10.628123227645178
-10.070991768133984
-11.218797452528264
-8.66588096614638
-7.2388556840971265
-7.289275379970073
-6.8165
-10.217729034556472
-10.100601621240774
-9.435152207263272
-10.496005806911294
-9.076275159235085
-11.468017393264695
-8.443110448356995
-7.9015232276451774
-9.543099999999999
-9.745879493191284
-10.770034922143951
-11.042751045876413
-11.599826602795735
-10.628123227645178
-8.255486773057676
-8.861445817325126
-11.315374918736264
-9.941769578925683
-9.855497452528263
-11.39248096614638
-8.367756290582536
-7.409990754605126
-11.282294706973245
-9.30303478652939
-12.114361027800088
-11.031162373762735
-8.944157738501202
-9.965455684097126
-11.619240593440683
-10.217729034556472
-11.921686993792662
-10.126989349595215
-8.438510008217301
-10.798452207263272
-10.279288467430591
-9.134098817458387
-9.228928985484998
-8.764850373397934
-8.24879660394099
-12.40926498644374
-10.276012809464353
-8.646033062937358
-12.926109945764475
-9.172498337808792
-12.029634786529389
-8.071852207263273
-11.599826602795735
-8.185750539205161
-9.188544676759946
-10.9064
-6.9268208366636985
-11.340963821085861
-10.32938890006195
-11.117577842048563
-12.756393245234527
-8.768470589579465
-10.056724242400541
-8.528429404097473
-10.439575159235085
-9.352402841509193
-7.537288010313349
-10.624080452005202
-9.574985450195715
-10.558386993792661
-9.750904193791559
-10.388058014174566
-9.953494193088705
-10.484281192748272
-9.070916989931444
-8.599743975397256
-10.526375215821009
-9.97701536539081
-9.72137639649076
-7.30258096614638
-9.97766382108586
-7.599669197194718
-9.771440599307587
-11.328755684097127
-8.019472250418907
-9.098206320795832
-11.328755684097127
-7.312760133781923
-9.213460288515256
-8.766441973111231
-9.664945748814551
-10.628123227645178
-10.9064
-8.862814167631177
-10.849969352323791
-10.131770589579466
-10.199509945764476
-9.406781951308531
-12.292347749097353
-10.199509945764476
-10.691541272091293
-13.023389455871152
-8.6114028911147
-12.27565053920516
-9.57973479718753
-7.058581693901603
-10.296789455871153
-9.70667849745458
-8.193431316277247
-9.103818435489247
-7.565975390628215
-6.886162229269307
-8.80306609542655
-10.255940593440684
-10.75106102780009
-11.353428990276235
-12.242833365663586
-8.043467842166917
-8.242181186881368
-11.340963821085861
-8.369385104999562
-10.340666834711383
-9.022296165857682
-11.208846400351979
-7.292441556858489
-8.809376604736189
-8.578469578925683
-10.9064
-10.798452207263272
-11.463901621240772
-8.908643558620371
-11.451730664299598
-10.798452207263272
-9.625553402905037
-8.390132626106054
-11.955528985484998
-9.406781951308531
-9.134098817458387
-8.581962649040863
-10.75106102780009
-11.316794193088706
-9.815719974542471
-7.311939329121105
-7.216099051121559
-8.148661395192029
-11.479281022732302
-11.09273194479778
-10.526375215821009
-8.203969627997155
-7.36946463607318
-7.831786993792662
-7.4213928007039565
-11.619240593440683
-8.871319761639711
-8.218327415742692
-8.449611714729834
-8.462832409707032
-7.704955980206442
-10.224801988632713
-10.628123227645178
-8.35170995163138
-11.260363545412497
-11.228918616375648
-10.085611613822588
-8.42581575267577
-9.877996913925168
-10.413256441157214
-10.236526602795735
-9.19180679888084
-9.990128990276236
-10.00286224806851
-10.217729034556472
-11.859305806911294
-7.740518435489247
-10.253970296556913
-11.660089455871152
-9.435152207263272
-7.39753902956528
-9.435152207263272
-10.363888386177411
-8.029033047949033
-7.928010172366368
-11.170634841467766
-10.707183648959857
-10.592228985484999
-10.9064
-10.147992800703957
-12.214347811926674
-11.58102903455647
-10.912350539205159
-10.849969352323791
-11.599826602795735
-11.619240593440683
-10.912350539205159
-10.798452207263272
-8.67949245450835
-7.306631656978223
-6.9236904230559935
-7.121715877951061
-8.170984844601623
-8.80137203513727
-7.010998607615252
-11.305069578925682
-8.003872869854746
-11.218797452528264
-11.889675215821008
-11.751358014174567
-8.771679668802392
-7.591721780322053
-12.46419860761525
-9.435152207263272
-6.960125967438297
-8.512615809261693
-11.117577842048563
-7.84509257996897
-8.894617468957303
-10.9064
-9.195086993792662
-10.217729034556472
-8.961637197381675
-10.164672035137269
-9.076275159235085
-10.056724242400541
-8.227240520991373
-10.04279245450835
-7.330124242400542
-8.984238172962446
-8.912712809464352
-11.199059835929821
-11.991423227645177
-11.682500228544047
-11.100898607615251
-8.912712809464352
-11.751358014174567
-10.707183648959857
-11.703966834711384
-11.117577842048563
-10.66633478652939
-7.652156955041754
-10.100601621240774
-9.754277842048563
-12.029634786529389
-9.48666935232379
-8.540258020041472
-7.397065307443319
-9.844068063336294
-8.162874119586375
-10.276012809464353
-10.9064
-8.904602084449104
-12.926109945764475
-9.915652795934074
-9.406781951308531
-8.716420284944713
-7.727689205955112
-10.10824138746106
-9.450142214681458
-8.633161389325126
-8.331479448301012
-10.085611613822588
-9.83575983592982
-7.661458014174567
-9.415084331317589
-11.479281022732302
-12.472479493191285
-8.950652213130176
-9.465521616172987
-7.712975159235086
-10.04279245450835
-8.578469578925683
-10.558386993792661
-11.859305806911294
-10.181834792396293
-11.660089455871152
-7.080734841467766
-7.472909945764476
-9.48666935232379
-9.646330049311835
-11.619240593440683
-10.217729034556472
-8.578469578925683
-10.849969352323791
-9.585008029333444
-10.199509945764476
-8.952832965750924
-8.460072854248708
-9.036022021416102
-10.94936719623642
-11.859305806911294
-9.798155220888795
-8.34384697196182
-11.038517420733882
-8.836209945764477
-8.08180325943956
-10.707183648959857
-9.543099999999999
-10.056724242400541
-7.614066834711383
-10.558386993792661
-10.070991768133984
-11.208846400351979
-9.690207428152068
-11.08467639649076
-11.463901621240772
-8.36289656151642
-8.684470216667957
-10.538973003147715
-7.740518435489247
-9.049956441157216
-9.20503804596895
-10.9064
-11.076728979618094
-8.72826215302775
-12.358998261419643
-11.117577842048563
-11.070446971961822
-11.18943240970703
-9.930272641622677
-9.875915809261691
-8.779779298088268
-11.545134792396293
-8.409417074004082
-9.705586829643597
-11.406092454508348
-10.388058014174566
-11.456359179532447
-9.930272641622677
-9.156875434908452
-10.929047749097354
-8.63956224806851
-10.592228985484999
-7.589970081804132
-10.592228985484999
-7.073014429679608
-12.72946224806851
-12.2697
-10.558386993792661
-11.448911613822588
-7.848466228225974
-9.039748021592752
-10.467118435489247
-7.002831944797782
-11.619240593440683
-11.316794193088706
-8.892640593440683
-11.260363545412497
-8.73276463607318
-9.612096603940989
-8.517832351087758
-8.660522796842738
-9.653420836663699
-10.056724242400541
-9.514212628577953
-10.497487844398961
-9.178864782668171
-8.818534792396292
-9.163075215821008
-11.293572641622678
-10.526375215821009
-10.255940593440684
-12.002869101291402
-9.73759860761525
-11.038517420733882
-8.892640593440683
-9.97766382108586
-7.9153757252664425
-10.115981022732303
-9.435152207263272
-10.131770589579466
-12.029634786529389
-8.218674581250047
-10.070991768133984
-8.566972641622678
-9.264823227645177
-11.228918616375648
-9.58606719623642
-8.784692800703956
-11.58102903455647
-11.660089455871152
-7.980583648959858
-11.727188386177412
-11.17995902892993
-11.170634841467766
-10.849969352323791
-11.002623178573705
-11.293572641622678
-11.991423227645177
-11.776556441157215
-11.394845220395641
-7.809198337808791
-9.042283672865228
-12.029634786529389
-10.849969352323791
-11.249695262782446
-10.131770589579466
-8.699090062356563
-8.184555637352208
-11.038517420733882
-9.754277842048563
-9.625553402905037
-8.538085270200632
-10.936769408909713
-10.413256441157214
-7.221237395276354
-8.413796396966237
-8.564699803257016
-9.57973479718753
-8.608228287763533
-10.813442214681459
-11.040634233305148
-11.511292800703956
-8.405534254670966
-8.366943560644104
-10.023822796842738
-8.81506220961367
-8.765278810059009
-10.526375215821009
-11.170634841467766
-9.228928985484998
-11.660089455871152
-11.802875159235086
-9.2394706348845
-10.628123227645178
-9.990128990276236
-9.387761027800089
-10.774282579266117
-8.229168054979803
-6.323356441157215
-9.076275159235085
-9.024758014174568
-10.728715973410758
-8.306026091856006
-11.042751045876413
-8.997776801796418
-8.7251157920004
-8.1798
-10.526375215821009
-9.48666935232379
-9.369818028389258
-11.023897575045279
-12.029634786529389
-9.53838225657511
-8.290120836663698
-10.224801988632713
-7.322282092426043
-10.390530141637402
-10.181834792396293
-9.605481186881368
-10.558386993792661
-8.444034841467765
-10.982086773057674
-11.170634841467766
-10.818524423286942
-9.195086993792662
-10.678296277537811
-9.770570542329299
-10.301033729724887
-10.849969352323791
-10.236526602795735
-9.492076455357548
-10.255940593440684
-7.081475396495119
-10.770034922143951
-11.448911613822588
-12.827201621240773
-11.038517420733882
-9.435152207263272
-10.467118435489247
-10.526375215821009
-8.99100748737943
-11.639312809464354
-9.169340604098826
-10.181834792396293
-10.628123227645178
-8.96608890006195
-11.353428990276235
-11.328755684097127
-8.071852207263273
-8.69342424240054
-9.845546400351978
-13.193718435489247
-7.8666747443683125
-11.406092454508348
-11.457860000785194
-8.938799569197561
-8.299830127437206
-8.065472570178601
-11.448911613822588
-10.340666834711383
-6.538223227645177
-8.892640593440683
-9.612096603940989
-7.509926602795735
-10.215881689322437
-7.36946463607318
-9.392333047949034
-8.121756803890287
-6.5236033819565735
-11.383533251995143
-11.681621780322052
-11.117577842048563
-11.379175379970073
-10.798452207263272
-9.228928985484998
-11.117577842048563
-8.302373559191606
-11.341828523488727
-9.649234130544809
-10.255940593440684
-7.7997752158210085
-9.990128990276236
-9.024758014174568
-10.558386993792661
-9.646330049311835
-12.114361027800088
-10.065386465187844
-10.496005806911294
-12.555988200651644
-12.487854505717115
-10.849969352323791
-10.252006534666515
-9.815719974542471
-8.781412605792134
-7.757681192748272
-7.305684014002341
-10.849969352323791
-10.00286224806851
-10.9064
-8.636993594724334
-8.382579493191285
-9.228928985484998
-7.955737751709076
-9.886395262782447
-11.660089455871152
-6.8165
-7.130304042590895
-6.8165
-9.68266498644374
-11.859305806911294
-10.340666834711383
-9.678185214753237
-9.503041095881754
-8.373476853608002
-9.264823227645177
-9.343883648959858
-11.068886829643597
-8.374298607615252
-11.208846400351979
-9.897063545412497
-9.264823227645177
-9.48666935232379
-8.185750539205161
-8.861445817325126
-11.448911613822588
-11.208846400351979
-7.9153757252664425
-11.859305806911294
-10.260815785064693
-9.561134094674827
-11.776556441157215
-9.646330049311835
-10.707183648959857
-9.253824638916084
-8.957218716672717
-9.422149741046745
-9.343883648959858
-8.453359028929931
-9.737598607615253
-12.331102813815534
-10.899668274280106
-7.663582554191959
-9.745879493191284
-8.956888656085978
-10.199509945764476
-10.66633478652939
-10.617224935610086
-10.97539660394099
-7.961852164058703
-12.114361027800088
-11.424410517374318
-9.646330049311835
-9.907927587233347
-10.439575159235085
-8.631889479776522
-7.472909945764476
-9.024758014174568
-9.531375385836977
-8.586652365973254
-10.099085426642214
-10.181834792396293
-8.452457508135764
-12.351473249278051
-10.496005806911294
-8.311917420733883
-11.639312809464354
-10.9064
-10.892936548560211
-5.766601818616744
-9.070916989931444
-10.44498226226884
-11.076728979618094
-10.439575159235085
-11.271227587233346
-8.1798
-9.076275159235085
-8.784692800703956
-8.434855220888794
-10.296789455871153
-9.134098817458387
-9.59763903690687
-9.079567614385136
-7.769405806911294
-9.953494193088705
-11.997000100907245
-9.934844661771622
-7.865628985484999
-7.529340593440684
-10.707183648959857
-10.307457738501203
-11.859305806911294
-11.117577842048563
-10.181834792396293
-11.109179493191284
-10.085611613822588
-12.070483648959858
-8.8380068323248
-7.409990754605126
-11.639312809464354
-10.085611613822588
-10.276012809464353
-12.332081186881368
-11.208846400351979
-8.610674876646463
-10.798452207263272
-9.745879493191284
-11.703966834711384
-8.894617468957303
-8.607008774114716
-8.957218716672717
-8.843430445827378
-8.409011936723392
-9.681308634262045
-8.42851313167915
-8.680870973564565
-8.892640593440683
-6.543840071898324
-10.628123227645178
-9.567269627997156
-9.387761027800089
-8.75894641101012
-8.908643558620371
-11.031162373762735
-11.406092454508348
-7.712975159235086
-9.779790460190522
-10.04279245450835
-11.830418435489246
-11.316794193088706
-8.156578448533972
-7.997311217910293
-11.52797203513727
-11.39248096614638
