-10.164837186584815
-9.878836782215172
-9.206198600008653
-9.798155220888795
-10.164672035137269
-6.895560421314681
-8.050055623193089
-9.089886647597055
-11.52797203513727
-8.955021780322053
-9.605481186881368
-9.974603947559537
-7.361236063529385
-9.365985040683377
-7.733511564751115
-7.736304370246311
-8.87757259984101
-10.467118435489247
-7.529340593440684
-11.562809945764474
-9.299165652385083
-10.32938890006195
-11.002623178573705
-7.505170965443528
-10.041195703961986
-8.434855220888794
-8.873226602795736
-11.379175379970073
-9.08425988486494
-8.772484663715222
-9.642277632578763
-8.17593541111307
-10.947987457920911
-10.558386993792661
-10.686407002553057
-9.897063545412497
-7.699669573058779
-10.66633478652939
-12.490426428050649
-10.012898323750832
-9.983896405681048
-6.63411350451145
-11.002623178573705
-10.363888386177411
-8.383402798384282
-8.906619373171242
-10.728715973410758
-11.208846400351979
-8.672043545033077
-10.413256441157214
-10.849969352323791
-6.762496439760196
-9.178864782668171
-10.375849877185832
-10.93990210304862
-9.847609383150646
-9.953494193088705
-9.639323178573704
-9.48666935232379
-9.845546400351978
-7.580857738501202
-10.891956314288976
-10.628123227645178
-10.413256441157214
-13.39293478652939
-11.727188386177412
-11.208846400351979
-10.1238231727068
-11.859305806911294
-11.117577842048563
-7.448525096504776
-10.947987457920911
-10.792348138768904
-10.526375215821009
-7.883304138853182
-10.400111116980023
-10.558386993792661
-10.82365063424592
-8.988863772014389
-8.01942419865627
-9.343883648959858
-10.361529514464966
-7.833433931341883
-9.953494193088705
-9.625553402905037
-10.286310002350397
-8.59914258005131
-9.918994706973244
-7.972185300102579
-9.573469408909714
-9.147695814329479
-7.817167148104058
-7.482840616287719
-9.639323178573704
-9.079680128637625
-8.583751989967524
-9.618786773057675
-10.400523183364943
-8.71862266938319
-10.131770589579466
-8.850740090117073
-7.773863095218551
-11.260363545412497
-10.936769408909713
-10.266658029333446
-8.484819087855067
-7.287305083086303
-10.82365063424592
-9.514212628577953
-9.953494193088705
-8.799013163424824
-7.712975159235086
-10.246154029018527
-9.460350634245922
-7.11403289773629
-7.815564782668171
-11.859305806911294
-9.990128990276236
-10.496005806911294
-10.246154029018527
-10.592228985484999
-8.594949830440914
-8.115094304818715
-9.494798637933005
-10.58358542077531
-10.798452207263272
-8.613131617379555
-9.778699309136696
-7.990473961926347
-7.472909945764476
-9.387761027800089
-10.15627368627999
-11.859305806911294
-9.953494193088705
-8.378424573212587
-8.661765797324604
-9.675217420733883
-10.48138596122269
-10.243855779442107
-9.886395262782447
-9.162452635499873
-8.794343989815864
-8.760108748209532
-9.798155220888795
-9.754277842048563
-9.543099999999999
-11.161455220888794
-9.953494193088705
-10.798452207263272
-11.161455220888794
-10.496005806911294
-9.605481186881368
-11.62919164561697
-9.891705376108854
-9.468124141977322
-8.350128979618095
-9.675217420733883
-11.52797203513727
-9.147695814329479
-10.413256441157214
-11.208846400351979
-12.2697
-11.938366228225975
-11.076728979618094
-10.526375215821009
-7.027677842048563
-10.66633478652939
-10.60990413885318
-10.64692079588444
-11.727188386177412
-6.878881186881368
-8.818534792396292
-8.276023178573704
-9.387761027800089
-7.951696277537811
-10.093059179532446
-10.728715973410758
-10.628123227645178
-8.050055623193089
-10.003177199514056
-11.727188386177412
-9.48666935232379
