-10.542381104806836
-8.72652287729498
-6.273988386177411
-8.491263447689391
-8.772607986705378
-10.08984523896512
-9.924204324210244
-7.405170589579465
-8.590194193088706
-11.54195088524219
-8.882854029018526
-9.581684405272672
-10.135353353065065
-8.444320463950138
-8.863753222018637
-10.131770589579466
-9.460350634245922
-8.659190797029694
-7.815564782668171
-11.379175379970073
-9.953494193088705
-8.21808103701358
-11.570242223160463
-10.562064517278236
-6.878881186881368
-8.646033062937358
-11.180429115232656
-8.862851701224468
-10.498824857388305
-11.830418435489246
-10.728715973410758
-11.99608532137626
-6.010701621240773
-7.491129034556471
-10.164672035137269
-10.575066228225975
-9.163075215821008
-8.61359389390652
-8.991190194132038
-10.874042364460374
-8.057232361574668
-8.590194193088706
-10.989205618096602
-8.317535385707911
-10.635196181721419
-10.498824857388305
-9.953494193088705
-8.824661256032158
-9.745938224831907
-10.137226638478506
-8.633161389325126
-8.933489455871152
-10.37830424704153
-8.74494138746106
-9.713428979618095
-10.744267862186536
-11.431574608617257
-11.453145238965119
-9.408170994885122
-8.72652287729498
-9.135509985089106
-9.544493010547093
-11.505860779793533
-8.590194193088706
-8.044873351964807
-10.360497535866598
-10.08984523896512
-5.925975379970073
-7.661458014174567
-10.254324507859538
-8.311917420733883
-9.514212628577953
-9.178864782668171
-8.863753222018637
-7.726586647597055
-7.263528990276237
-9.211766228225974
-11.185150810620385
-8.622498662227116
-8.25886042131468
-10.08984523896512
-8.904725407439262
-6.436475215821008
-11.208846400351979
-10.262593386528838
-9.763918387581052
-9.135509985089106
-11.453145238965119
-11.453145238965119
-8.543767933878517
-11.685299303807625
-8.707867928111565
-10.116802207263273
-6.8165
-9.425365642841115
-9.798155220888795
-9.163075215821008
-8.047682579266116
-10.296789455871153
-10.467118435489247
-10.75106102780009
-9.39694064837906
-10.558386993792661
-10.131770589579466
-11.495070589579464
-7.769405806911294
-10.413256441157214
-7.509926602795735
-7.831786993792662
-8.086842214681457
-7.9015232276451774
-9.076275159235085
-8.873226602795736
-10.88758978410793
-8.393520753618983
-9.455224423286943
-11.053507428152066
-10.592228985484999
-9.907927587233347
-10.871900513884539
-9.30303478652939
-10.255940593440684
-11.991423227645177
-8.63956224806851
-8.963858864780866
-9.73759860761525
-11.776556441157215
-10.147992800703957
-11.562809945764474
-9.450142214681458
-10.413256441157214
-8.37429860761525
-9.646330049311835
-9.97766382108586
-10.217729034556472
-9.253824638916084
-9.387761027800089
-7.374001621240773
-9.144667297919716
-11.208846400351979
-9.33966958371692
-9.115204818470733
-7.330124242400542
-9.828576069144711
-10.628123227645178
-10.496005806911294
-11.479281022732302
-11.830418435489246
-11.1260970345979
-7.330547303273975
-9.713428979618095
-11.218797452528264
-7.359011613822588
-9.032205579884426
-9.195086993792662
-10.798452207263272
-10.340666834711383
-10.628123227645178
-9.845546400351978
-9.941769578925683
-8.63956224806851
-11.379175379970073
-9.120981192748273
-8.646033062937358
-9.537208671122123
-9.789115752675771
-8.339178824253763
-8.369385104999562
-9.497533394144641
-11.58102903455647
-7.93973478652939
-11.545134792396293
-9.057729948888616
-10.413256441157214
-11.639312809464354
-10.199509945764476
