-8.916115060475233
-9.176152581552788
-10.010515134265138
-7.650459425445473
-10.629281886007195
-9.345094435243148
-9.86907072202349
-10.979953714076034
-9.57851443863342
-9.883904186373563
-9.705253873010612
-10.184923900428881
-9.664765303362886
-9.139321597707845
-9.721106215917484
-10.087560758191248
-9.088927564143962
-10.806791824479928
-10.601066562169091
-9.436925505571764
-8.98469345389083
-10.089335396677516
-8.577410704693968
-9.705253873010612
-10.979953714076034
-9.79404981411876
-9.618175757704355
-9.775566614997787
-9.86907072202349
-8.98469345389083
-9.176152581552788
-9.751631416322649
-9.92939808608681
-10.891956314288976
-8.577410704693968
-9.712640598769754
-7.036197034597899
-9.883904186373563
-9.775566614997787
-10.584145566322922
-9.712640598769754
-9.720728376895433
-10.806791824479928
-11.020570299653794
-10.601066562169091
-8.472062310915623
-9.3063424950592
-8.064497160292126
-9.79404981411876
-10.010515134265138
-10.291549729110775
-9.174290009974607
-10.291549729110775
-9.088927564143962
-9.3063424950592
-9.345094435243148
-9.618175757704355
-10.776660397942221
-10.35318989724831
-9.721106215917484
-10.17325341376678
-10.27008839023793
-9.13122931091497
-10.087560758191248
-9.720728376895433
-9.876736993792662
-9.751631416322649
-10.629281886007195
-10.27008839023793
-9.436925505571764
-10.089335396677516
-10.72588693094555
-10.392459167533014
-9.876736993792662
-9.92939808608681
-9.174290009974607
-10.280624620930585
-10.214280022725308
-9.57851443863342
-9.664765303362886
-10.891956314288976
-10.776660397942221
-10.35318989724831
-10.72588693094555
-10.214280022725308
-10.584145566322922
-10.070991768133984
-10.199509945764476
-10.056724242400541
-11.038517420733882
-9.012549877185833
-9.032205579884426
-10.340666834711383
-11.208846400351979
-9.497533394144641
-10.66633478652939
-10.968781186881367
-11.038517420733882
-9.555061491008422
-9.83575983592982
-10.968781186881367
-10.628123227645178
-11.038517420733882
-10.75106102780009
-9.129752814918648
-11.619240593440683
-10.236526602795736
-10.968781186881367
-10.558386993792661
-11.038517420733882
-10.056724242400541
-10.9064
-9.343883648959858
-9.97766382108586
-11.619240593440683
-10.9064
-10.968781186881367
-9.497533394144641
-10.100601621240774
-10.968781186881367
-10.056724242400541
-10.100601621240774
-10.9064
-10.66633478652939
-9.430238704647584
-10.070991768133984
-10.199509945764476
-10.388058014174566
-10.496005806911294
