-12.877028932118872
-13.067266834711383
-14.9963
-12.656617248011393
-13.125466057000818
-8.572218096644852
-10.847284206373793
-13.39293478652939
-11.590353222018637
-12.63492938207662
-13.222605806911293
-10.607953312461838
-12.680094193088705
-10.461506320795833
-11.215295527937911
-13.39293478652939
-12.683069462691286
-10.858098637933006
-12.440028979618095
-11.305069578925682
-12.982540593440683
-13.59945053484687
-12.572146400351977
-9.534464493869567
-12.524755220888794
-12.992491645616969
-11.02717362547914
-9.991390063526527
-9.420532361574669
-11.39248096614638
-13.222605806911293
-10.255940593440684
-13.451683574052028
-8.955428145291268
-12.58761230710239
-12.040015429573561
-7.3893810227323025
-6.912723178573704
-10.972450367880475
-9.00751554412367
-9.401236203321885
-13.09048838617741
-12.137582579266116
-13.252975215821008
-13.433783648959858
-10.707183648959857
-8.55751243472726
-13.39293478652939
-13.525052207263272
-11.378518250213926
-10.936769408909713
-13.318828985484998
-12.470936611980145
-12.577080116280657
-9.634245235313259
-11.452120590576794
-11.359761389325124
-11.840649048654985
-11.976385421653951
-11.380707546354353
-7.840455723698678
-13.222605806911293
-11.061147194372355
-8.609450318470172
-12.03762275176421
-7.337215029752404
-13.222605806911293
-13.39293478652939
-11.891235358139232
-10.217555626272539
-8.80137203513727
-13.222605806911293
-7.226894193088706
-11.955528985484998
-13.318828985484998
-12.982540593440683
-13.500882579266117
-13.078763772014389
-9.881132351087759
-12.864568429078913
-12.982540593440683
-10.783832361574667
-11.874295814329479
-12.29682025892693
-13.222605806911293
-13.284986993792662
-11.234044827334627
-13.09048838617741
-13.064545844332606
-10.25990096718484
-11.088690470626517
-13.222605806911293
-13.39293478652939
-12.56965830899171
-6.82245053920516
-7.015124573212586
-9.132705806911295
-8.276023178573704
-7.209393204648144
-10.227053222018636
-11.751358014174567
-6.912723178573704
-8.172898813627297
-7.405170589579465
-11.991423227645177
-10.66633478652939
-13.002612809464352
-9.00058838617741
-7.50112526960258
-6.661161027800089
-9.990128990276236
-6.406105806911294
-9.163075215821008
-7.472909945764476
-11.772028143354841
-8.123369352323792
-6.127829034556472
-10.04279245450835
-12.416807428152067
-9.58606719623642
-12.874592800703956
-6.8165
-11.366162248068509
-11.009630049311836
-5.585386812498921
-5.574697909050487
-12.092611081352237
-12.668369578925683
-11.935695373283918
-12.2697
-6.206889455871152
-12.797591768133984
-10.340666834711383
-10.558386993792661
-8.024461027800088
-7.0553822487070885
-8.24879660394099
-7.614066834711383
-9.543099999999999
-9.076275159235085
-9.264823227645177
-6.8165
-7.7211044448443
-7.226894193088706
-6.9268208366636985
-13.114658014174566
-10.849969352323791
-5.660163776805627
-11.511292800703956
-10.779038216618325
-11.267671904648196
-11.519907342905995
-12.27656510069712
-6.8165
-6.074772035137269
-5.664867613982309
-8.892640593440683
-9.159967210431173
-6.661161027800089
-11.117577842048563
-9.745879493191284
-6.502328985484999
-8.262253402905037
-11.545134792396293
-6.8165
-7.438072035137269
-11.751358014174567
-12.769392454508349
-6.166040593440684
-11.208846400351979
-11.859305806911294
-11.639312809464354
-10.13112256998414
-9.103818435489247
-9.169340604098826
-7.390941165050527
-13.158155980206441
-10.798452207263272
-8.024461027800088
-5.900228990276236
-11.567572902596378
-10.592228985484999
-11.660089455871152
-11.751358014174567
-13.139856441157216
-12.281661491008421
-8.652575379970074
-13.067266834711383
-11.429041289737956
-10.938919818146672
-10.846563796550125
-9.261134283205779
-7.149315809261692
-8.429414995779162
-10.04279245450835
-8.33301133445229
-11.991423227645177
-9.163075215821008
-8.882854029018526
