-10.575066228225975
-12.186950634245921
-10.178082031588326
-10.635196181721419
-8.484326938862434
-7.278738312002709
-8.317535385707911
-8.317535385707911
-7.9821221983630455
-13.09048838617741
-9.844412678626467
-7.908543755001881
-11.038517420733882
-11.448911613822588
-10.839117189361142
-10.517952598815361
-10.88062211786355
-9.912605860396086
-10.08984523896512
-10.253380483789712
-11.69268890006195
-8.68156143856081
-9.543099999999999
-11.006116248688883
-9.656998331941887
-8.30019280657086
-9.841853299618542
-10.077333471211537
-11.153313514283985
-10.021626601325455
-8.781052891310939
-6.477079175122878
-10.269495697261528
-8.971915327817714
-9.885338931249475
-8.658359816307772
-14.756234786529388
-13.844177842048563
-12.680094193088705
-10.453186647597056
-11.002623178573705
-8.130135982171154
-8.482246400351977
-10.307457738501203
-11.553906414566669
-10.8259719889968
-13.23759581432948
-9.024758014174568
-6.986828979618095
-9.170135703589843
-12.199408760820564
-9.149139804478049
-10.457886766765794
-10.372235988038058
-6.690333118471277
-13.115926335684849
-6.6534687129946
-8.012728500462332
-10.426462608138944
-9.611979047852884
-13.12712318336494
-14.365912809464353
-13.986963545412497
-8.002115973410758
-9.317013566259948
-9.92185980129465
-10.976062229269306
-9.28547631799877
-9.588819895515382
-9.983863601998419
-11.763823183364941
-11.003320145890418
-9.026450307293409
-8.390977842048564
-10.575066228225975
-10.936769408909713
-9.953494193088705
-9.228928985484998
-13.935446400351978
-7.758532479323945
-10.67608516977741
-9.830200685859799
-11.830418435489246
-7.085378580309449
-7.421392800703957
-11.266600044570207
-8.562927372119557
-11.425832404866485
-13.935446400351978
-13.023389455871152
-13.525052207263272
-15.406694193088706
-14.175511613822588
-14.175511613822588
-12.161752207263273
-7.405170589579465
-14.465873200175988
-10.546984947693831
-10.084871983911064
-9.994554548169102
-9.540147008007354
-10.38192248085224
-9.203684848696968
-10.485152530164076
-13.634482037487667
-12.666630741648918
-14.152432404866484
-13.961675417093842
-10.849969352323791
-9.573469408909714
-14.175511613822588
-13.633
-12.300069408909714
-9.798155220888795
-11.536491227686605
-9.076275159235085
-14.061428287763533
-12.686044732293865
-9.188544676759946
-10.17663352614569
-10.03187834514976
-9.953494193088705
-10.60990413885318
-8.905609869657832
-10.498824857388305
-10.352163772014388
-10.199509945764476
-10.972079655953818
-7.980583648959858
-7.0148805943111885
-10.907882037487667
-14.57128596122269
-12.300069408909714
-12.300069408909714
-12.137582579266116
-13.500882579266117
-10.989534338767532
-14.430566834711383
-9.553128183040627
-13.572110915099216
-11.13731261230287
-7.199627937545006
-7.418710607657008
-12.161752207263273
-12.480877842048564
-10.575066228225975
-9.76262544390921
-10.457886766765794
-11.316794193088706
-9.874791217154637
-7.769405806911294
-11.322744732293865
-8.004122815999327
-8.378181462207092
-14.111526601325453
-14.425126609601751
-13.98912046461826
-14.45236911182497
-14.179745238965118
-9.675217420733883
-8.426596728265942
-10.907882037487667
-10.85521454026267
-9.891705376108854
-11.72576911182497
-8.210169408909714
-13.695381186881367
-11.161455220888794
-14.682128985484999
-7.443168827017601
-13.179786647597053
-14.600895814329478
-9.953494193088705
-7.4003893495952155
-9.408170994885122
-10.453186647597056
-13.935446400351978
-11.955528985484998
-14.756234786529388
-12.680094193088705
-10.035267442366758
-10.915348386962606
-10.117072690543285
-8.044873351964807
-8.720240695698486
-7.624069541553309
-13.525052207263272
-13.844177842048563
-12.300069408909714
-11.038517420733882
-14.254572035137269
-7.0148805943111885
-10.628123227645178
-13.525052207263272
-9.761105617697414
-8.32951528568551
-13.020962704840336
-7.351700968938109
-9.646330049311835
-7.121235119647595
-10.48138596122269
-9.17408354268392
-10.430229946802935
-11.824806320795833
-10.524819173750133
-10.226114167631177
-8.784692800703956
-8.835591282993464
-9.558090007418183
-9.625553402905037
-10.226114167631177
-7.351656566851442
-12.524755220888794
-10.372235988038058
-10.791097160292127
-9.462697833020776
-13.012910002350397
-9.754277842048563
-11.406092454508348
-10.575066228225975
-7.5352911326458445
-9.447999359842257
-7.699836394779176
-15.058681186881367
-12.866426137886487
-7.421611254134894
-11.207860432318665
-8.047682579266116
-13.935446400351978
-7.954724793947574
-13.477661027800089
-7.551486682487289
-10.935213366838838
-11.117577842048563
-10.66633478652939
-9.420532361574669
-6.477079175122878
-9.803553967260745
-6.646319057304085
-12.81644523896512
-7.229533427406041
-10.703389643094013
-9.448369966168606
-8.004122815999327
-7.110939994326783
-11.322744732293865
-10.543767148104058
-9.415738216618324
-8.699260877475458
-13.089069111824971
-12.093772869854748
-9.48996180747384
-12.81644523896512
-12.720964201384893
-13.1163874189803
-11.05769709525758
-14.520527445083848
-10.553310407945759
-13.06182660960175
-14.125167442366758
-7.772214446739642
-14.316014167631176
-13.511636987966167
-8.631095921599586
-12.025700727755222
-14.302379221981624
-12.96638239374035
-14.206972690543285
-14.547786766765794
-14.179745238965118
-14.575052530164076
-14.002229642211846
-9.653563522208955
-8.685623828413034
-13.443591359247737
-14.057049744386408
-12.543729115232656
-8.031240221678203
-11.030431869453931
-14.220631372722735
-13.511636987966167
-13.47086852117262
-11.821186766765795
-13.32092235360744
-12.202865447312412
-11.521327485010783
-10.361053231515669
-9.679451045876416
-10.252032330243273
-7.675378700789575
-10.361053231515669
-11.619240593440683
-10.361053231515669
-10.361053231515669
-10.361053231515669
-9.679451045876416
-8.534258941492297
-7.7435429035458965
-7.130058653465196
-9.679451045876416
-6.782417619864464
-7.7435429035458965
-7.634479158876101
-7.93440648836247
-6.9528301749580095
-7.770810686943716
-9.952074918736264
-7.075527210027916
-8.425197089904758
-8.629682849722393
-6.939196647569321
-8.1798
-8.997776801796418
-9.543099999999999
-9.447667767846262
-11.073667721731772
-7.361820253650936
-8.196005764862155
-9.733991390509432
-11.463901621240772
-8.861445817325126
-9.679451045876416
-7.675378700789575
-8.134233394144642
-7.348187403751886
-7.539048844853287
-8.643319654983738
-7.075527210027916
-8.997776801796418
-9.952074918736264
-7.852608282357328
-10.9064
-8.370658698222233
-7.467551776460834
-7.770810686943716
-11.492675143288912
-7.634479158876101
-10.361053231515669
-9.215908282357328
-8.438830878094722
-10.361053231515669
-8.588786731975965
-7.729911578653784
-10.883178448533972
-7.020994819674815
-7.79807622308894
-7.866242273391331
-8.997776801796418
-9.406781951308531
