-9.798155220888795
-9.807334841467766
-11.523356200775542
-9.843497694365235
-6.538223227645177
-6.684382579266117
-9.528656314288977
-9.976573680967144
-10.426269573058779
-10.686407002553057
-11.72576911182497
-10.104717393264695
-7.071555220888794
-9.829540511366151
-5.995711613822588
-9.609158710366941
-9.799912121200272
-6.262519231444462
-11.499207986705379
-9.845546400351978
-7.831786993792662
-10.363888386177411
-10.968781186881367
-11.260363545412497
-8.350128979618095
-8.482246400351977
-6.8165
-8.729759179532445
-9.580943386528837
-10.352277610444396
-10.752817928111565
-10.375973200175988
-8.350128979618095
-11.52797203513727
-11.038517420733882
-7.880162059131925
-9.410982579266117
-7.653701815401016
-9.29176578897587
-11.607155779442106
-8.385086513170688
-9.66115170498159
-10.510995814329478
-11.441601690978286
-8.72522632111815
-10.96643943305233
-11.589414167631178
-11.619240593440683
-9.725513793616674
-10.050743496896331
-10.5151115863534
-10.085611613822588
-12.117000303827687
-9.378721559587065
-9.845546400351978
-10.48138596122269
-6.576434786529389
-11.619240593440683
-10.211288387253067
-7.226894193088706
-10.798452207263272
-11.727188386177412
-9.891705376108854
-6.452264782668172
-11.002623178573705
-11.590353222018637
-10.363888386177411
-10.9064
-10.439575159235085
-9.845546400351978
-10.936769408909713
-11.889675215821008
-15.350263545412497
-9.675217420733883
-9.902470648446252
-11.316794193088706
-10.015875379970073
-10.575066228225975
-11.038517420733882
-10.164672035137269
-11.448911613822588
-12.029634786529389
-11.932385482721763
-11.34798478652939
-10.849969352323791
-11.830418435489246
-10.592228985484999
-9.408170994885122
-11.619240593440683
-9.811978580309448
-10.877512628577954
-9.935993204648144
-11.161455220888794
-11.038517420733882
-10.774282579266117
-11.038517420733882
-10.496005806911294
-9.798155220888795
-10.877512628577954
-11.076728979618094
-11.161455220888794
-9.941769578925683
-10.48138596122269
-11.52797203513727
-10.635196181721419
-10.9064
-12.271182037487668
-10.635196181721419
-9.680831649979885
-11.180429115232656
-11.453145238965119
-6.576434786529389
-11.092731944797784
-11.892559383150646
-8.311750484534237
-10.363888386177411
-11.316794193088706
-11.448911613822588
-10.728715973410758
-11.453145238965119
-11.038517420733882
-8.977366834711383
-11.117577842048563
-11.287906821666658
-11.117577842048563
-9.135509985089106
-9.680831649979885
-9.845546400351978
-10.255940593440684
-8.959213703300371
-10.318321780322053
-10.774282579266117
-9.924606821666659
-7.920320795884441
-10.352163772014388
-10.10824138746106
-6.273988386177411
-8.729759179532445
-9.310982203402054
-8.814197236973081
-11.260363545412497
-11.727188386177412
-7.062515752675771
-9.246278107065173
-11.448911613822588
-7.637288386177411
-10.100601621240774
-7.9015232276451774
-10.515902072360042
-10.526375215821009
-8.977366834711383
-9.049956441157216
-11.316794193088706
-11.316794193088706
-14.043394193088705
-9.12813492536665
-8.533763545412496
-13.77069429399595
-10.771923707553672
-8.818534792396292
-12.029634786529389
-10.115981022732303
-9.959444732293866
-10.728715973410758
-9.605481186881368
-11.379175379970073
-9.543099999999999
-10.276012809464353
-11.727188386177412
-11.260363545412497
-8.242181186881368
-9.589258975756877
-8.863753222018637
-11.619240593440683
-11.053507428152066
-11.590353222018637
-10.877512628577954
-8.071852207263273
-10.82365063424592
-10.628123227645178
-11.013164827973204
