-10.307457738501203
-10.66633478652939
-10.628123227645178
-12.049538087993625
-9.479037371526944
-8.566972641622678
-9.110003034213504
-9.755928764178433
-8.686020600037722
-9.1341078960002
-9.323107002553058
-10.48138596122269
-11.278415593440684
-9.037357227665892
-7.648781717794229
-11.316794193088706
-9.410982579266117
-11.076728979618094
-12.209622035137269
-9.358873656378043
-11.859305806911294
-9.862467396198145
-8.547023008959245
-11.779284069087756
-8.753460580010398
-11.619240593440683
-12.2697
-10.628123227645178
-11.619240593440683
-9.48666935232379
-10.82365063424592
-12.2697
-9.06296957305878
-8.47245983592982
-8.386763776805626
-9.540147008007354
-9.394632366051152
-9.22028542077531
-9.61209660394099
-8.342286829643596
-11.859305806911294
-10.496005806911294
-7.472909945764476
-11.117577842048563
-10.15627368627999
-11.448911613822588
-12.2697
-11.727188386177412
-8.350128979618095
-9.457781980901746
-9.667862373762738
-12.029634786529389
-9.229185183539578
-9.987195267916022
-10.747145715030893
-8.47733289773629
-10.056221206028713
-8.680181312837574
-9.049956441157216
-10.072227095014542
-10.018076407459324
-11.360833333333332
-7.1189464003519785
-8.242181186881368
-9.012549877185833
-8.20931991254368
-9.012682821529427
-7.388602490513383
-9.971528287763533
-9.953494193088705
-10.063815029752403
-8.827306414566667
-11.52797203513727
-11.619240593440683
-9.605481186881368
-9.085027488400105
-9.066765534967052
-8.472839971282623
-8.090049343454147
-8.95377569150753
-7.874181743984492
-8.707691768133984
-8.210169408909714
-8.760523172706801
-8.700515029752404
-8.098228110346936
-9.11808596122269
-11.52797203513727
-11.52797203513727
-11.117577842048563
-8.944157738501202
-11.52797203513727
-9.012549877185833
-10.318321780322053
-10.04971737166241
-10.707183648959857
-9.089886647597055
-11.379175379970073
-11.619240593440683
-7.726586647597055
-8.512615809261693
-10.505404591030926
-9.664988643119681
-10.147992800703957
-9.646728893537258
-9.709494920843927
-9.28362079588444
-10.413256441157214
-9.387761027800089
-9.505814279720674
-9.452677865953934
-9.555061491008422
-7.1189464003519785
-12.524755220888794
-10.467118435489247
-9.798155220888795
-11.619240593440683
-11.208846400351979
-12.029634786529389
-9.845546400351978
-10.255940593440684
-9.246604138853183
-9.211766228225974
-10.022490797029695
-8.569461010473212
-11.448911613822588
-9.06296957305878
-9.095420086631968
-9.918994706973244
-10.628123227645178
-7.993408850795671
-10.2085494139775
-11.52797203513727
-11.448911613822588
-8.854429034556471
-10.849969352323791
-10.286310002350397
-10.265891645616971
-10.413256441157214
-11.859305806911294
-9.713428979618095
-8.299130352852313
-11.448911613822588
-11.619240593440683
-10.164672035137269
-12.2697
-9.639323178573704
-9.953494193088705
-9.30303478652939
-9.163075215821008
-9.514212628577953
-9.387761027800089
-7.831786993792662
-9.327204414526546
-9.158419304537281
-10.968781186881367
-8.53622029672034
-8.416187689985037
-9.845546400351978
-9.28362079588444
-9.211766228225974
-8.849821434126445
-9.990128990276236
-7.815564782668171
-9.891705376108854
-10.164672035137269
-11.316794193088706
-10.526375215821009
-10.325203085064615
-9.344942815862833
-8.1798
-8.002115973410758
-9.845546400351978
-9.11808596122269
-8.502318616375648
-10.03512738654955
-10.375849877185832
-8.870192501333676
-9.78077330377659
-9.396940648379061
-10.361529514464966
-10.51452010397164
-11.161455220888794
-9.17477562969721
-9.80272724103774
-7.441017611006833
-8.533763545412496
-12.029634786529389
-11.260363545412497
-8.933489455871152
-7.831786993792662
-8.561306821666658
-10.923463722234445
-12.2697
-11.448911613822588
-11.038517420733882
-11.379175379970073
-7.254155596608585
-7.686656441157215
-9.573469408909714
-8.482246400351977
-11.379175379970073
-9.754277842048563
-8.840729679870988
-8.714956566851443
-9.897063545412497
-9.150739901586123
-11.379175379970073
-8.242181186881368
-11.161455220888794
-11.619240593440683
-11.859305806911294
-8.882854029018526
-11.597919761639712
-8.700515029752404
-8.752681022732302
-8.42391083958897
-8.827306414566667
-8.514810717063222
-11.448911613822588
-10.227053222018636
-11.448911613822588
-8.482246400351977
-9.03596479039988
-8.390977842048564
-7.500453222018637
-10.510995814329478
-9.924606821666659
-9.567269627997156
-10.255940593440684
-12.029634786529389
-11.52797203513727
-8.099630480014735
-11.727188386177412
-9.237700607655373
-9.462930480014736
-9.996461389325127
-11.944470296720342
-8.36016100439142
-7.209393204648144
-7.994057461779483
-10.575066228225975
-8.54003402847967
-8.029033047949033
-8.090140683753907
-10.728715973410758
-9.460350634245922
-10.02918096614638
-10.199509945764476
-11.727188386177412
-11.727188386177412
-9.675217420733883
-11.316794193088706
-9.211766228225974
-9.754277842048563
-8.68641737166241
-10.798452207263272
-11.260363545412497
-10.2085494139775
-7.580857738501202
-10.877512628577954
-9.953494193088705
-9.845546400351978
-8.67949245450835
-11.316794193088706
-7.405170589579465
-9.11808596122269
-10.02918096614638
-9.178864782668171
-9.713428979618095
-8.482246400351977
-9.754277842048563
-9.010461208562607
-7.991898535779093
-8.729759179532445
-8.659190797029694
-9.845546400351978
-9.178864782668171
-9.04800423640469
-9.573469408909714
-8.69446656749816
-9.435152207263272
-8.1798
-8.768470589579465
-8.559048126936329
-8.944157738501202
-8.097050634245921
-8.760523172706801
-9.323107002553058
-10.592228985484999
-9.675217420733883
-8.534712382229863
-8.728141028413713
-7.366459179532446
-11.824437689985036
-10.276012809464353
-10.936769408909713
-7.226894193088706
-14.345840593440684
-9.435152207263272
-8.827306414566667
-7.337215029752404
-7.769405806911294
-10.164672035137269
-8.782304017903721
-8.352506798294199
-8.210169408909714
-9.323107002553058
-10.968781186881367
-8.1798
-11.316794193088706
-12.029634786529389
-8.714956566851443
-10.798452207263272
-9.195086993792662
-9.343883648959858
-11.619240593440683
-8.311917420733883
-9.959444732293866
-7.413226137886488
-9.28362079588444
-7.226894193088706
-9.049956441157216
-8.412916531468678
-8.809891227686604
-8.482246400351977
-9.132705806911295
-11.448911613822588
-10.66633478652939
-9.897063545412497
-9.845546400351978
-11.038517420733882
-11.727188386177412
-9.460350634245922
-11.117577842048563
-8.458076772354822
-8.912712809464354
-7.686656441157215
-8.969002113939831
-7.511782995666804
-9.076275159235085
-8.67949245450835
-9.246604138853183
-9.264823227645177
-8.768470589579465
-9.675217420733883
-9.675217420733883
-9.543099999999999
-11.636161589286854
-10.080566712231196
-8.874036342604446
-9.897063545412497
-9.132705806911295
-8.786893828193207
-8.590194193088706
-8.646033062937358
-8.276023178573704
-8.350128979618095
-7.344391768133985
-9.543099999999999
-8.311917420733883
-9.667862373762738
-9.232422055600178
-9.807334841467766
-8.590194193088706
-9.845546400351978
-8.863753222018637
-9.460350634245922
-9.27043745689118
-10.361053231515669
-7.498149561913176
-8.316128684206275
-8.588786731975965
-9.406781951308531
-9.134098817458387
-8.861445817325126
-8.861445817325126
-7.634479158876101
-8.861445817325126
-5.589530025882667
-5.725860041739037
-7.634479158876101
-9.679451045876416
-8.043467842166917
-10.770034922143951
-6.134849936373283
-7.770810686943716
-7.634479158876101
-7.498149561913176
-7.770810686943716
