-6.406105806911294
-8.590194193088706
-7.637288386177411
-8.390977842048564
-8.1798
-7.337215029752404
-7.1130029723959165
-7.637288386177411
-8.590194193088706
-8.96608890006195
-9.754277842048563
-9.387761027800089
-6.787612628577953
-7.93973478652939
-7.3893810227323025
-7.1189464003519785
-6.273988386177411
-10.08984523896512
-8.722311613822589
-7.60278890006195
-8.590194193088706
-8.1798
-6.878881186881368
-8.533763545412496
-7.071555220888794
-5.863594193088706
-9.897063545412497
-8.590194193088706
-7.7069946500961155
-6.377218435489247
-7.226894193088706
-6.217557738501203
-8.553980159731502
-7.8220004293705045
-7.1189464003519785
-8.434855220888794
-8.590194193088706
-8.608228287763533
-8.311917420733883
-8.342286829643596
-8.1798
-8.150912628577952
-7.93973478652939
-7.699669573058779
-13.658747807750213
-8.590194193088706
-8.912712809464354
-8.590194193088706
-8.434855220888794
-10.131770589579466
-9.00058838617741
-9.544493010547093
-7.424720837055078
-9.768367137044931
-6.6388159734107575
-7.330124242400542
-7.226894193088706
-9.435152207263272
-9.323107002553058
-8.96608890006195
-12.806378331382856
-6.856939790067988
-7.637288386177411
-10.498824857388305
-5.863594193088706
-7.635884469082543
-7.883304138853182
-7.93973478652939
-7.673923183364942
-8.590194193088706
-8.482246400351977
-8.608228287763533
-7.661458014174567
-11.180429115232656
-10.226114167631177
-9.086852590327892
-8.1798
-7.226894193088706
-6.406105806911294
-7.027677842048563
-6.436475215821008
-7.514143396495039
-7.706093280434873
-7.980583648959858
-8.1798
-6.074772035137269
-8.350128979618095
-6.948617420733883
-8.590194193088706
-6.206889455871152
-7.226894193088706
-8.882854029018526
-7.7997752158210085
-9.460350634245922
-8.776526137886488
-9.135509985089106
-9.680831649979885
-12.271182037487668
-9.953494193088705
-8.67949245450835
-9.365415973410759
-7.226894193088706
-7.865628985484999
-8.733163584343004
-8.1798
-8.590194193088706
-8.150912628577952
-8.533763545412496
-10.907882037487667
-12.179460440297134
-11.316794193088706
-6.250766834711383
-6.557020795884441
-7.93973478652939
-8.8452494139775
-10.907882037487667
-7.359011613822588
-7.93973478652939
-8.242181186881368
-8.047682579266116
-7.226894193088706
-8.242181186881368
-8.590194193088706
-8.181204880032421
-7.93973478652939
-8.1798
-9.953494193088705
-9.817176144397237
-14.453788386177411
-8.999180925064671
-10.877512628577954
-7.330124242400542
-8.590194193088706
-8.1798
-8.097050634245921
-8.1798
-8.1798
-9.365415973410759
-7.4819494139775005
-6.948617420733883
-8.453862035255622
-8.071852207263273
-7.438072035137269
-11.493813645607995
-8.700515029752404
-8.390977842048564
-7.848466228225974
-8.633161389325126
-7.2388556840971265
-6.846869408909714
-11.316794193088706
-8.276023178573704
-6.878881186881368
-8.26143182052685
-10.085611613822588
-6.787612628577953
-7.309347595993743
-6.576434786529389
-8.66588096614638
-7.769405806911294
-7.580857738501202
-6.8165
-7.759134134991963
-11.727188386177412
-7.637288386177411
-11.629715978370925
-9.135509985089106
-9.48666935232379
-7.637288386177411
-8.210169408909714
-7.769405806911294
-8.902591645616969
-6.444317365795507
-8.047682579266116
-9.211766228225974
-10.078256566851442
-10.08984523896512
-8.72652287729498
-9.953494193088705
-8.862851701224468
-6.166040593440684
-7.93973478652939
-8.276023178573704
-8.1798
-8.768470589579465
-9.410982579266117
-7.226894193088706
-11.589414167631178
-7.93973478652939
-7.359011613822588
-7.815564782668171
-8.72652287729498
-8.63956224806851
-7.1189464003519785
-7.32311737166241
-7.75478596122269
-8.68641737166241
-8.390977842048564
-8.024461027800088
-7.251063821085861
-7.831786993792662
-7.170463545412497
-7.529340593440684
-8.071852207263273
-9.675217420733883
-10.540566742110514
-8.1798
-9.027857904630846
-9.024758014174568
-7.226894193088706
-6.986828979618095
-8.43942724103774
-8.047682579266116
-7.226894193088706
-7.865628985484999
-7.226894193088706
-7.769405806911294
-9.246604138853183
-10.496005806911294
-7.883304138853182
-8.242181186881368
-7.0371103548507525
-9.489040310539517
-8.652575379970074
-8.047682579266116
-9.543099999999999
-9.076275159235085
-8.80137203513727
-8.047682579266116
-8.1798
-9.211766228225974
-7.438072035137269
-8.988863772014389
-10.859400464704684
-9.59903647245357
-7.704048652490015
-7.359011613822588
-7.226894193088706
-9.48666935232379
-7.93973478652939
-7.93973478652939
-10.226114167631177
-8.891725938351577
-10.226114167631177
-9.27184001041383
-9.27184001041383
-7.226894193088706
-6.273988386177411
-9.953494193088705
-9.639323178573704
-7.226894193088706
-8.024461027800088
-8.024461027800088
-14.043394193088705
-14.043394193088705
-13.500882579266117
-13.39293478652939
-8.325759025454554
-11.453145238965119
-8.453862035255622
-8.873226602795736
-8.1798
-9.817176144397237
-8.590194193088706
-6.661161027800089
-8.482246400351977
-9.233463502103247
-8.153865929657382
-8.1798
-9.408170994885122
-9.135509985089106
-9.435152207263272
-8.13698084068576
-8.590194193088706
-8.533763545412496
-11.166146277430993
-8.562229626579843
-8.700515029752404
-8.944157738501202
-11.270973892099482
-9.713428979618095
-7.071555220888794
-7.553510221437841
-5.863594193088706
-7.580857738501202
-8.188748386962605
-6.846869408909714
-8.029193197714147
-6.576434786529389
-7.3972231727068
-7.4819494139775005
-8.350128979618095
-10.9064
-12.029634786529389
-13.844177842048563
-10.728715973410758
-8.126337146343143
-8.1798
-7.93973478652939
-8.68641737166241
-8.434855220888794
-7.883304138853182
-11.998496181721418
-7.580857738501202
-7.93973478652939
-7.289275379970073
-8.1798
-7.625563772014388
-8.1798
-7.529340593440684
-11.076728979618094
-9.605481186881368
-7.769405806911294
-8.590194193088706
-9.58606719623642
-7.509926602795735
-8.071852207263273
-9.543099999999999
-9.713428979618095
-10.449070243990162
-5.995711613822588
-10.774282579266117
-11.076728979618094
-10.36246911182497
-9.323107002553058
-7.413226137886488
-7.60278890006195
-7.438072035137269
-6.661161027800089
-6.557020795884441
-9.544493010547093
-8.767395627599482
-7.93973478652939
-7.637288386177411
-8.892640593440683
-7.337215029752404
-11.862124857388306
-9.680831649979885
-10.226114167631177
-11.316794193088706
-8.69342424240054
-8.097050634245921
-7.056269250621569
-6.8600952999926275
-8.590194193088706
-8.80137203513727
-8.892640593440683
-8.071852207263273
-6.436475215821008
-8.652575379970074
-7.33486566924579
-9.680831649979885
-9.817176144397237
-11.453145238965119
-11.453145238965119
-7.93973478652939
-5.863594193088706
-8.590194193088706
-13.986963545412497
-12.2697
-6.452264782668172
-7.226894193088706
-6.436475215821008
-7.226894193088706
-8.1798
-7.4819494139775005
-7.289275379970073
-8.590194193088706
-8.673784015176574
-9.135509985089106
-7.359011613822588
-7.438072035137269
-7.953713566259949
-8.24879660394099
-8.024461027800088
-6.166040593440684
-9.48666935232379
-9.27184001041383
-8.242181186881368
-8.024461027800088
-8.652575379970074
-6.840669627997156
-8.071852207263273
-7.4819494139775005
-12.440028979618095
-13.301666228225974
-9.713428979618095
-8.1798
-8.902591645616969
-5.925975379970073
-8.590194193088706
-7.740518435489247
-8.1798
-6.518212689174268
-8.768470589579465
-9.228928985484998
-8.614363821085862
-6.7150658032586295
-12.676352117518725
-7.226894193088706
-8.590194193088706
-11.553906414566669
-7.32311737166241
-14.175511613822588
-14.585905806911294
-14.453788386177411
-10.75106102780009
-8.242181186881368
-8.071852207263273
-9.573469408909714
-8.988863772014389
-9.13575584273061
-9.804171717474938
-7.496288234058507
-7.769405806911294
-12.680094193088705
-11.316794193088706
-9.682408568102383
-7.4819494139775005
-5.863594193088706
-8.210169408909714
-10.359422481843499
-8.646033062937358
-10.2085494139775
-10.255940593440684
-11.316794193088706
-9.30303478652939
-9.675217420733883
-8.097050634245921
-8.024461027800088
-7.769405806911294
-7.359011613822588
-8.047682579266116
-8.1798
-7.359011613822588
-11.657662704840336
-7.649249877185833
-8.276023178573704
-8.955021780322053
-13.633
-8.602155684097127
-6.617283648959858
-8.912712809464354
-7.071555220888794
-7.438072035137269
-8.1798
-7.226894193088706
-6.118649413977501
-9.430238704647584
-7.529340593440684
-8.276023178573704
-7.226894193088706
-9.408170994885122
-11.453145238965119
-8.064497160292126
-6.576434786529389
-6.846869408909714
-6.684382579266117
-8.729759179532445
-8.707691768133984
-7.289275379970073
-6.311861139401927
-10.678296277537811
-8.1798
-9.680831649979885
-8.776526137886488
-9.573469408909714
-7.637288386177411
-8.590194193088706
-7.32311737166241
-6.576434786529389
-8.788818766301292
-8.955021780322053
-9.460350634245922
-7.045786558754372
-11.275288510723504
-9.897063545412497
-7.7226069973496285
-8.350128979618095
-11.58189180400471
-9.59831942114225
-8.249368996662678
-8.221401198303683
-9.332476988825402
-8.533763545412496
-7.396604163795569
-9.161562003595819
-11.84107462679749
-10.941188194070328
-9.30898532573455
-8.047682579266116
-6.406105806911294
-7.983602860500116
-11.29830719098947
-11.281989237424387
-9.967149744386408
-11.991076974610998
-6.869687483856577
-9.449080470917936
-10.703389643094013
-10.164085979363357
-7.459331127986589
-8.784692800703956
-6.121216921194898
-8.492197452528265
-9.465521616172987
-13.633
-10.707183648959857
-10.75106102780009
-10.628123227645178
-6.912723178573704
-11.293572641622678
-5.774698678712262
-8.150912628577952
-7.4483098752422325
-10.181834792396293
-9.61209660394099
-10.388058014174566
-9.049956441157216
-8.374298607615252
-8.024461027800088
-8.512615809261693
-7.907141192619206
-7.634479158876101
-7.634479158876101
-9.343883648959858
-7.1189464003519785
-8.496948690250166
-9.420532361574669
-10.230824404622927
-9.049956441157216
-8.959423835300552
-8.217695870437822
-9.00058838617741
-9.543099999999999
-7.920320795884441
-7.062515752675771
-10.157943852880244
-8.240866927369071
-7.498149561913176
-9.228928985484998
-9.012549877185833
-8.3994970345979
-6.802866995533672
-6.639270948468273
-8.616835948548697
-9.374253057869572
-9.435152207263272
-8.955021780322053
-6.8575603550803965
-8.609450318470172
-6.908558516615637
-9.30303478652939
-8.636993594724334
-8.914757970969998
-8.182173043926971
-10.085611613822588
-11.406092454508348
-10.296789455871153
-10.457606393636835
-10.04279245450835
-11.04596498644374
-10.578615698168642
-8.652575379970074
-11.009630049311836
-9.705586829643597
-5.589530025882667
-10.66633478652939
-9.343883648959858
-9.61209660394099
-6.8165
-6.680170193667171
-7.391109455595641
-9.48666935232379
-7.159795262782446
-9.392333047949034
-8.454299575064464
-7.549004623534929
-8.390977842048564
-9.845546400351978
-10.079720284944713
-8.1798
-9.071112874885017
-6.134849936373283
-6.8165
-10.565002410852285
-9.47600106969374
-6.8474929725978715
-12.070483648959858
-8.668578345149761
-9.865618616375647
-9.628659468965157
-8.482246400351977
-9.089886647597055
-6.680170193667171
-6.9528301749580095
-7.089160323251182
-6.661161027800089
-6.230280956868585
-12.161752207263273
-12.070483648959858
-8.316128684206275
-8.675376050901457
-7.363468902129845
-8.652575379970074
-9.705586829643597
-12.2697
-9.163075215821008
-7.997746406218882
-7.947682203402054
-7.2292672370156765
-7.436889070373747
-8.523095262782446
-8.150912628577952
-7.102793001787453
-6.7892337444563
-8.1798
-8.602155684097127
-9.134098817458387
-9.773143345172938
-8.547892980488509
-8.873226602795736
-9.30303478652939
-10.09606463607318
-10.955768054979803
-8.047682579266116
-8.69342424240054
-13.09048838617741
-9.737598607615253
-10.131770589579466
-10.236526602795736
-7.686656441157215
-6.134849936373283
-6.680170193667171
-6.680170193667171
-6.543840071898324
-11.479281022732302
-9.78286925062157
-8.66588096614638
-7.675378700789575
-8.424024302996857
-9.057729948888616
-8.979648431628029
-8.7251157920004
-9.863580495026808
-11.955528985484998
-7.421392800703957
-10.401967701492348
-7.285341321195905
-9.024758014174568
-8.892640593440683
-10.217729034556472
-8.555694706973243
-7.686656441157215
-8.043467842166917
-7.634479158876101
-9.50221166730738
-9.6385574609502
-8.29729757504528
-7.080734841467766
-8.357029192723552
-10.66633478652939
-8.145859337585465
-9.953494193088705
-7.661458014174567
-6.407510093463798
-6.9528301749580095
-8.194790007418185
-7.241277256663704
-10.199509945764476
-9.543099999999999
-10.187082156142104
-11.1260970345979
-6.134849936373283
-11.758805579884424
-8.411563605678863
-9.093200501400167
-6.085009875242233
-8.918869610182547
