-8.059644070274539
-11.401012877513084
-10.24623359811821
-9.675217420733883
-9.639323178573704
-7.228079526151632
-8.040619986569713
-7.947682203402054
-7.951696277537811
-7.555099165970944
-9.798155220888795
-7.865628985484999
-12.680094193088705
-6.569294191900565
-6.215558831077437
-6.967109481398165
-8.88559535552729
-12.2697
-11.52797203513727
-8.977366834711383
-10.246154029018527
-8.210169408909714
-11.727188386177412
-8.187603839723636
-6.6783271339015435
-7.42007854119166
-5.884755600916581
-6.237214349637266
-11.536491227686605
-11.038517420733882
-8.80137203513727
-10.877512628577954
-8.600256186043088
-9.754277842048563
-11.212570183206907
-9.61209660394099
-12.474897096544353
-12.029634786529389
-7.359011613822588
-10.390091141508691
-10.798452207263272
-10.221218703651797
-10.053403440252373
-6.400214478033418
-7.509926602795735
-11.372633062937359
-6.891279174219046
-9.239353894838551
-10.852426103631636
-6.645431390470381
-7.419344094717214
-10.164672035137269
-11.159708685831205
-10.66633478652939
-7.93973478652939
-12.029634786529389
-10.085611613822588
-6.779464504560848
-10.467118435489247
-11.260363545412497
-11.076728979618094
-6.6249882282754795
-6.871798564226137
-8.62138478652939
-9.735266477161105
-10.063815029752403
-11.90546478266817
-7.085378580309449
-7.429908682786547
-11.609454029018526
-10.199101104761251
-7.957185095346313
-9.307809677683666
-9.903744141913077
-7.637288386177411
-11.727188386177412
-9.33236728778149
-10.877512628577954
-9.845546400351978
-9.713428979618095
-10.382205784771177
-6.112776122652892
-8.590194193088706
-10.891956314288976
-6.760069352323791
-9.605481186881368
-8.197834094674828
-10.66633478652939
-10.66633478652939
-9.323107002553058
-10.281699165970943
-10.620700507377682
-10.164672035137269
-8.868470965443528
-7.156089770395763
-9.667862373762738
-8.8452494139775
-9.040422025909507
-10.078256566851442
-10.453186647597056
-6.986828979618095
-10.255940593440684
-8.722311613822589
-11.619240593440683
-7.625563772014388
-8.483276094724332
-7.777143504046487
-6.279819326620993
-7.90337635487685
-7.17750245563586
-9.675217420733883
-9.713428979618095
-7.217792059952451
-7.351656566851442
-10.86502531712296
-12.029634786529389
-9.264823227645177
-10.255940593440684
-10.496005806911294
-11.34798478652939
-8.760523172706801
-10.457866531468678
-10.680313566259949
-10.262888729625205
-12.288855894755224
-11.751358014174567
-11.649610002350398
-10.636134611033128
-11.56082643269609
-9.270265294589679
-10.372235988038058
-12.680094193088705
-8.988863772014389
-8.977366834711383
-11.4871231727068
-10.236526602795736
-9.024758014174568
-10.937590593440683
-7.884276377001105
-9.2111549635932
-12.680094193088705
-7.420366675470035
-11.52797203513727
-8.944157738501202
-10.75106102780009
-9.211766228225974
-13.09048838617741
-7.538386192252331
-10.100601621240774
-6.451113758868009
-6.160481544331264
-13.09048838617741
-9.637842437186661
-11.038517420733882
-11.612412423076318
-11.161455220888794
-9.543099999999999
-10.774282579266117
-8.695259693416986
-10.197073414861242
-10.937590593440683
-9.798155220888795
-9.460350634245922
-10.875505591510073
-10.686759217744623
-10.60990413885318
-10.849969352323791
-12.680094193088705
-12.680094193088705
-11.448911613822588
-12.680094193088705
-12.680094193088705
-10.968781186881367
-12.680094193088705
-10.66633478652939
-10.592228985484999
-12.029634786529389
-12.2697
-8.610090458537453
-9.166199622370616
-11.479281022732302
-9.410982579266117
-7.863226406602489
-8.434855220888794
-11.567744007207464
-11.921686993792662
-7.509926602795735
-9.28362079588444
-7.405170589579465
-6.6063888508642465
-8.608228287763533
-7.425518766301292
-8.002115973410758
-7.693163007107997
-6.470133931341883
-9.33757374553844
-6.226036368763206
-9.06296957305878
-9.410982579266117
-11.77880341083333
-12.029634786529389
-9.754277842048563
-9.28745300128365
-10.39376617554388
-8.854429034556471
-12.2697
-11.076728979618094
-9.378375880723906
-9.128592128055056
-6.743274256224538
-6.50218969042091
-11.52291874414478
-7.27626224806851
-11.859305806911294
-7.265421608831398
-6.6166496239121075
-10.46779048307319
-7.846777001210848
-7.976369583716921
-8.123369352323792
-8.882854029018526
-10.66633478652939
-10.363888386177411
-10.66633478652939
-8.1798
-7.965963803271253
-10.9064
-10.131770589579466
-12.680094193088705
-11.457860000785194
-11.316794193088706
-11.389126432146359
-11.208846400351979
-11.562809945764474
-11.379175379970073
-10.363888386177411
-10.496005806911294
-10.849969352323791
-12.2697
-12.680094193088705
-7.500453222018637
-12.680094193088705
-10.156332417920613
-11.609454029018526
-11.161455220888794
-8.350128979618095
-8.784692800703956
-11.78956957305878
-6.825448386962605
-7.509926602795735
-10.66241371154214
-11.111597096544353
-11.763823183364941
-10.849969352323791
-9.602200991969546
-10.453186647597056
-9.635850595791082
-9.66858518647303
-11.002623178573705
-10.488695884066992
-7.2698613893251265
-7.4640064145666685
-7.500453222018637
-11.802875159235086
-11.52797203513727
-11.751358014174567
-11.727188386177412
-11.353428990276235
-11.619240593440683
-6.058092800703958
-9.675217420733883
-11.316794193088706
-10.75106102780009
-10.82365063424592
-9.30303478652939
-10.085611613822588
-10.66633478652939
-8.988863772014389
-11.316794193088706
-10.255940593440684
-11.011988921024281
-10.601000607655374
-10.628123227645178
-10.968781186881367
-10.15627368627999
-9.656998331941887
-8.276023178573704
-7.104326554663374
-5.863594193088706
-6.9980926090857025
-12.029634786529389
-9.713428979618095
-9.79991212120027
-7.7997752158210085
-9.34600198276581
-10.04279245450835
-10.9064
-10.496005806911294
-10.9064
-10.9064
-10.085611613822588
-10.255940593440684
-10.526375215821009
-7.071555220888794
-11.092731944797784
-12.2697
-7.749037628038584
-7.0900590289299315
-11.511292800703956
-6.661161027800089
-10.9064
-11.316794193088706
-7.0900590289299315
-11.434291768133985
-10.968781186881367
-11.763823183364941
-11.076728979618094
-10.539795613843303
-10.628123227645178
-12.440028979618095
-11.619240593440683
-11.619240593440683
-10.9064
-10.686407002553057
-9.037223183364942
-8.960762286606293
-10.66633478652939
-11.002623178573705
-10.849969352323791
-9.00058838617741
-10.252669434924325
-10.542164782668172
-10.32938890006195
-9.274147415107343
-9.32106888120422
-7.32311737166241
-7.769405806911294
-8.533763545412496
-7.1135437827417825
-10.663063628013031
-5.515581186881367
-8.317522281075886
-11.427115029752404
-10.75106102780009
-8.79539128963306
-12.680094193088705
-10.889520534455947
-11.47154138746106
-10.968781186881367
-10.318321780322053
-11.739149877185833
-7.053612221477963
-10.944243386528836
-7.226894193088706
-8.311917420733883
-8.350128979618095
-7.801335358139233
-6.510747236312638
-10.801012452497318
-12.2697
-12.680094193088705
-7.257263601998419
-10.968781186881367
-8.242181186881368
-8.986546455290355
-7.226894193088706
-7.11403289773629
-11.599826602795735
-8.722311613822589
-7.312849168904395
-7.8060406040988255
-8.276023178573704
-10.352163772014388
-11.316794193088706
-9.574227214539237
-11.076728979618094
-8.002115973410758
-10.849969352323791
-8.69837886267083
-10.04971737166241
-9.387761027800089
-11.316794193088706
-9.667862373762738
-8.188748386962605
-10.368663277331688
-10.526375215821009
-12.680094193088705
-11.003649303807626
-10.15627368627999
-11.208846400351979
-9.870744827334626
-6.367154618115558
-11.009630049311836
-8.748798558543777
-9.329263803271253
-9.924606821666659
-12.812211613822589
-8.144931883073742
-11.168546262515296
-6.085595353714863
-6.134761570354532
-10.496005806911294
-8.388178392429472
-7.03171946954289
-8.68641737166241
-10.496005806911294
-10.363888386177411
-7.675184256615233
-7.591721780322053
-11.208846400351979
-9.492076455357548
-9.865618616375647
-11.590353222018637
-6.026081022732303
-9.953494193088705
-10.400523183364943
-8.1798
-10.307457738501203
-12.680094193088705
-11.567744007207464
-11.15241575267577
-10.737553057869572
-10.76024064837906
-10.388058014174566
-11.161455220888794
-11.1967615863534
-8.608228287763533
-8.79297368627999
-9.845546400351978
-10.519085294789733
-8.902591645616969
-10.676370894541224
-11.52797203513727
-6.049926137886488
-11.619240593440683
-7.614066834711383
-7.614066834711383
-7.60278890006195
-12.029634786529389
-11.727188386177412
-10.852426103631636
-6.633315581270214
-12.2697
-10.563341614062951
-10.817557986705378
-11.076728979618094
-12.474897096544353
-9.059035514284611
-10.936769408909713
-9.965455684097126
-10.10824138746106
-10.64692079588444
-10.66633478652939
-11.076728979618094
-11.161455220888794
-13.3335288692506
-9.684657156448292
-9.754277842048563
-9.00058838617741
-7.726586647597055
-11.038517420733882
-10.936769408909713
-9.368272312365361
-8.024461027800088
-9.543099999999999
-10.236526602795736
-12.680094193088705
-6.920788268837828
-10.04279245450835
-8.731260000785195
-6.534663008864984
-10.496005806911294
-10.085611613822588
-10.164672035137269
-10.255940593440684
-8.277068937457019
-10.9064
-9.798155220888795
-5.925035387273267
-6.119770860928621
-11.448911613822588
-9.897063545412497
-10.363888386177411
-9.1416541938739
-6.760069352323791
-9.675217420733883
-10.581871747604513
-12.680094193088705
-8.712767752280312
-8.678117137589874
-8.751902490513384
-9.000706812753899
-8.869419041974657
-12.2697
-10.164672035137269
-8.555694706973243
-8.654816338304265
-9.460350634245922
-10.255940593440684
-12.680094193088705
-12.680094193088705
-10.686407002553057
-10.66633478652939
-10.496005806911294
-9.48666935232379
-10.66633478652939
-10.085611613822588
-12.680094193088705
-10.015875379970073
-9.365415973410759
-10.496005806911294
-12.680094193088705
-12.234831883073742
-12.680094193088705
-13.09048838617741
-10.936769408909713
-11.260363545412497
-10.66633478652939
-10.148815696829722
-12.680094193088705
-10.100601621240774
-10.100601621240774
-9.902470648446252
-11.776556441157215
-8.430318235721202
-8.434855220888794
-7.959807002553058
-9.675217420733883
-10.085611613822588
-10.496005806911294
-10.66633478652939
-9.514212628577953
-10.304237021581011
-9.225456402702376
-11.117577842048563
-8.513436993792661
-8.362090470626516
-12.680094193088705
-12.029634786529389
-10.60990413885318
-8.87552294827488
-9.732671625497073
-10.164672035137269
-10.085611613822588
-10.9064
-7.3538535032021075
-11.731944023529618
-8.044141922217417
-8.737301621240773
-10.798452207263272
-8.294187153906556
-7.010998607615252
-7.712975159235086
-4.9600564411572154
-7.149315809261692
-7.044840599307587
-7.149315809261692
-9.401584387220742
-7.796667210431173
-13.133763793616673
-11.495070589579464
-11.955528985484998
-6.976576704369217
-8.413730938677192
-12.213269352323792
-10.688455708539802
-8.342739272681117
-11.038980340036325
-9.140960854256331
-5.766601818616744
-6.436475215821008
-11.895806620465132
-10.933533217083898
-13.494602632566423
-6.468486993792662
-11.89447010878831
-8.891627926055769
-8.544627587233347
-8.283735318802233
-10.344296603786034
-10.23139351099436
-10.162446731207424
-4.9600564411572154
-9.918898623687124
-7.93973478652939
-9.310982203402054
-14.345840593440684
-8.18875601510679
-8.900563173139323
-6.557020795884441
-7.43020269098788
-10.60478366541722
-6.878881186881368
-10.03586156264696
-8.995237328955202
-9.54905053920516
-11.144210987780733
-10.968781186881367
-8.740818946122234
-8.656363587301572
-11.332852715523615
-13.804647631391223
-13.533391824479928
-9.816733625587398
-7.1189464003519785
-6.61306958371692
-7.632570642752521
-9.717456032830423
-9.204837377040683
-7.7997752158210085
-6.878881186881368
-10.070991768133984
-11.038517420733882
-11.955528985484998
-7.044840599307587
-6.963607428152068
-8.350128979618095
-6.760069352323791
-5.535653402905037
-5.528886773057676
-6.762226271529554
-8.578469578925683
-9.93656831267508
-6.8743592673931655
-14.043394193088705
-6.436475215821008
-7.293633251995142
-8.18157889067372
-6.534806793088115
-7.166173137745732
-5.885916475851827
-9.093002650257063
-7.099532409707031
-6.109609945764476
-5.830212882314431
-6.99477639649076
-7.814925048767813
-7.746184255445268
-7.68923628692603
-7.862156402702376
-6.821852786840225
-8.283030049311837
-8.17215264314033
-10.413256441157214
-10.526375215821009
-9.425365642841115
-9.215159209816331
-7.890716346635685
-8.432412946771631
-7.686656441157215
-7.062515752675771
-7.07612724103774
-10.798452207263272
-6.049926137886488
-11.9778874353577
-10.849969352323791
-11.410772338379974
-11.448911613822588
-12.572146400351977
-12.680094193088705
-6.522161058058943
-11.938366228225975
-7.263528990276237
-6.250766834711383
-7.259592357813543
-7.344391768133985
-7.246150318470172
-6.841286692844234
-10.798452207263272
-12.680094193088705
-12.680094193088705
-10.628123227645178
-9.990128990276236
-11.117577842048563
-6.384880171455439
-11.117577842048563
-9.168616701377537
-8.818552206583773
-13.897234841467766
-12.96888425271195
-12.572146400351977
-12.680094193088705
-9.039444471897726
-7.978894421944731
-10.66633478652939
-12.2697
-11.859305806911294
-9.195086993792662
-12.2697
-12.812211613822589
-12.57879919344013
-10.592228985484999
-10.707183648959857
-9.83575983592982
-12.332081186881368
-12.480877842048564
-10.526375215821009
-10.331474494388797
-12.955223712882741
-9.555061491008422
-9.268535300413928
-8.590194193088706
-9.933698342600028
-8.35553753115189
-11.619240593440683
-12.2697
-7.264790063526527
-9.976677853052548
-13.635975269602579
-10.9064
-7.344391768133985
-7.044840599307587
-9.83575983592982
-8.790875962238056
-6.944928476294485
-6.570934394388845
-9.228928985484998
-7.455234792396293
-9.754277842048563
-9.103818435489247
-7.8367416140629516
-7.509926602795735
-11.859305806911294
-7.585179463289338
-7.109159835929821
-7.470582116462124
-8.096134283797209
-8.674010251755595
-8.668686496335956
-14.190501621240772
-10.628123227645178
-10.388058014174566
-12.982540593440683
-6.148539605000122
-8.2145482092912
-10.592228985484999
-8.22276719623642
-9.653991785278027
-8.956822666042571
-9.349193762286266
-8.904984840784255
-11.448911613822588
-9.97766382108586
-9.228928985484998
-6.770933394144642
-10.467118435489247
-9.560864625421534
-6.674984387220743
-7.263528990276237
-7.203672641622678
-7.192394706973244
-7.149315809261692
-7.740518435489247
-8.9982248155049
-6.3578044448443
-5.658486513170687
-7.980583648959858
-8.566972641622678
-8.625570597311176
-9.598938869848652
-6.377218435489247
-11.859305806911294
-10.849969352323791
-10.707183648959857
-13.222605806911293
-12.332081186881368
-11.839796328214018
-10.067664492742498
-11.208846400351979
-11.038517420733882
-10.968781186881367
-6.764391077111926
-10.558386993792661
-8.754241165050527
-12.680094193088705
-11.117577842048563
-9.690207428152068
-12.070483648959858
-11.776556441157215
-7.374001621240773
-7.372485426642214
-5.459150539205161
-6.978986829643597
-6.475102410852285
-13.433783648959858
-7.134341382934502
-9.089886647597055
-8.578469578925683
-6.488559209816332
-7.509926602795735
-8.301166292010603
-6.521081616251874
-7.455234792396293
-7.057157583372128
-6.840669627997156
-8.118544823134851
-13.201196227254174
-11.39248096614638
-9.886395262782447
-12.332081186881368
-10.115981022732303
-9.185300429370505
-11.859305806911294
-12.332081186881368
-11.117577842048563
-10.707183648959857
-11.208846400351979
-12.480877842048564
-12.332081186881368
-13.222605806911293
-12.812211613822589
-12.812211613822589
-12.812211613822589
-13.222605806911293
-7.37097310483101
-11.208846400351979
-11.316794193088706
-10.592228985484999
-7.446591227686604
-8.652575379970074
-10.558386993792661
-8.687812127707128
-11.859305806911294
-12.982540593440683
-8.382579493191285
-7.136980495026807
-7.053612221477963
-5.623528979618095
-7.062515752675771
-6.468486993792662
-6.576434786529389
-7.451762209613671
-6.273988386177411
-6.250766834711383
-6.250766834711383
-6.298158014174567
-6.502328985484999
-6.783118689225726
-12.332081186881368
-7.547374688115513
-7.637288386177411
-10.369121694928808
-12.401817420733883
-8.912712809464354
-8.602155684097127
-7.715672538238466
-6.9268208366636985
-7.583014657706965
-9.103818435489247
-7.299895820196383
-6.993976837061782
-6.9268208366636985
-8.071852207263273
-9.605481186881368
-7.293633251995142
