-11.912420299769094
-9.841612341577811
-10.478504818470734
-10.429931608302388
-8.590845832590071
-10.098275190143514
-9.20839257996897
-9.680831649979885
-13.044921780322051
-12.674202864210828
-7.852199579855701
-8.466457557325393
-9.46683069426983
-8.830585136660256
-8.590016597626539
-11.1260970345979
-10.580163020106307
-9.281333322335252
-8.266879898567087
-9.532544310183017
-9.953494193088705
-9.544493010547093
-9.953494193088705
-11.316794193088706
-9.817176144397237
-11.113521602823438
-8.877546501020218
-8.479610287127958
-7.247988106807113
-8.088422955015353
-8.786893764863814
-10.137397944460455
-7.704955980206442
-9.27184001041383
-8.26638507939239
-8.210169408909714
-7.763177543791583
-7.663019401652344
-8.81204031776732
-11.90546478266817
-12.543729115232656
-9.215840145678827
-9.947016942671494
-13.222605806911293
-7.976271528543352
-11.862124857388304
-11.316794193088706
-10.498824857388305
-10.50947961973092
-10.662400727755221
-11.184676772354821
-10.226114167631177
-9.402050770598288
-8.354049618207902
-10.08984523896512
-9.953494193088705
-8.1798
-10.849969352323791
-10.36246911182497
-9.768834254670967
-10.03187834514976
-7.64881485659742
-9.056285205750603
-10.84897526300715
-10.9064
-8.046680121535358
-9.27184001041383
-8.453862035255622
-10.08984523896512
-8.295135404655111
-11.619240593440683
-7.31619245450835
-9.05253628692603
-9.753432626106054
-7.364215056818615
-6.315683672865228
-9.04012767769244
-8.181204880032421
-10.335001014755363
-7.143469581962568
-8.99848720965074
-13.990973254943233
-8.276023178573704
-12.065910078850692
-6.798999011559439
-9.408170994885122
-11.998496181721418
-12.134747424604376
-9.093338981968493
-11.04409429399595
-9.024758014174568
-11.862124857388304
-13.301666228225974
-11.443270795879918
-8.484718527814815
-13.044921780322051
-13.37352079588444
-13.284986993792662
-10.011288178639678
-10.028188705623062
-11.78956957305878
-13.284986993792662
-9.48666935232379
-8.761708505769727
-8.307787343528135
-11.830418435489246
-8.97759459915627
-10.771447424604373
-8.72652287729498
-8.422328976407112
-11.04409429399595
-5.863594193088706
-7.366459179532446
-7.728853445520464
-8.855818335938197
-10.297847675397145
-8.135001394932443
-9.817176144397237
-9.125350759940147
-7.597783080666284
-8.949564841534958
-13.477661027800089
-10.498824857388305
-9.331537435089158
-9.680831649979885
-7.359011613822588
-8.381163546488153
-10.3216202493945
-9.556271039268063
-8.014749130591245
-10.177134688157897
-8.34520046100877
-6.885518963582968
-8.640793863003687
-10.416916477161106
-10.670295160273547
-8.945450946879575
-11.479281022732302
-7.8225174798996155
-10.592471762371787
-10.08984523896512
-7.197339982693877
-9.250564512597338
-9.986361806832141
-9.590166857641083
-9.601547128107201
-12.401817420733883
-9.435152207263272
-10.635196181721419
-8.266350814878525
-9.234527832569821
-10.067392525030591
-9.140453232676778
-8.835223977731163
-7.49964193027898
-8.120053419303638
-8.979648431628029
-8.447281630387677
-10.917753267393111
-8.481230518784336
-9.492400551464419
-8.488097532253953
-8.188378200604092
-13.145227912170908
-7.92811642020565
-8.458929972887482
-8.317535385707911
-10.573377001210847
-9.461381224005137
-9.544493010547093
-9.21100335282057
-12.540246169735074
-8.72652287729498
-9.817176144397237
-9.20839257996897
-8.977366834711383
-11.180429115232656
-11.456862444131303
-8.357796427851758
-9.13300191777877
-10.891780154311396
-10.739783093150654
-8.95250534036185
-6.6657330479490335
-13.224674544887563
-11.859305806911294
-7.985040937267114
-10.46571041183594
-6.427199720629702
-8.323124196959197
-11.100898607615251
-11.511292800703956
-8.03735486329049
-9.398793775610734
-9.771440599307587
-9.246604138853181
-9.968305192254816
-11.178475903080155
-8.662498085630936
-9.039748021592752
-10.686759217744623
-7.939162725102948
-10.907308927347161
-10.267902084449105
-9.09403187106709
-7.767927469895611
-9.926300881955939
-8.699232404866486
-8.471441568858411
-12.393525082222894
-9.135509985089106
-7.67867882071715
-10.64692079588444
-11.01437395307451
-9.408170994885122
-10.08913795163236
-11.385790797029696
-8.944130338012808
-8.569711614898244
-8.891950243454875
-6.691530436709803
-8.845628022584012
-10.695340596374136
-7.106539369766706
-9.156875434908452
-11.420024242400542
-10.707183648959857
-10.83142414197732
-12.240812628577952
-13.729223178573704
-8.128776455357547
-8.302808997691653
-13.455315973410757
-13.477661027800089
-12.20260106969374
-12.06417374553844
-10.093059179532446
-7.002904944681493
-8.719211358138802
-8.35107781643546
-9.771440599307587
-8.646875073934748
-8.185635733503355
-6.250766834711383
-9.414297780855765
-6.611716919011007
-8.732642500100091
-12.134747424604376
-9.135509985089106
-8.317535385707911
-9.419458100121524
-9.269579316244041
-7.4640064145666685
-8.833656155735163
-9.011581939216612
-7.770939796674253
-8.044873351964807
-8.818534792396292
-8.609938250520642
-6.817202086424322
-6.844468120175064
-12.634527587233347
-13.55025063424592
-9.228928985484998
-9.543796505273546
-10.94936719623642
-10.523267210431174
-9.318697690840487
-7.38135695286279
-9.605173541579823
-7.928291190559192
-8.616588270792658
-8.623573464679955
-9.867151824829785
-6.878881186881368
-7.2761755203026635
-11.04409429399595
-7.438072035137269
-8.772806968386861
-9.212951561288902
-8.614363821085862
-11.72576911182497
-10.498824857388305
-8.882854029018526
-11.874295814329479
-10.353325840429001
-10.36246911182497
-12.623663545412496
-8.391812959283019
-9.271126498291729
-8.712617749457333
-6.428981688281535
-9.036342027537318
-9.0621806673229
-7.181327587233347
-13.291920257611022
-7.18194190814672
-9.06502924357574
-8.018823435395644
-11.862124857388304
-13.77069429399595
-7.9015232276451774
-11.096801195641765
-13.88981212120027
-11.076728979618094
-10.907882037487667
-11.283594129463344
-6.817904286552504
-7.065303256295685
-8.482246400351977
-6.080722574342429
-10.360357089829208
-8.80137203513727
-10.825749789871589
-10.608112689174268
-9.544493010547093
-7.176632538111047
-8.145579859804878
-11.78956957305878
-8.208582287672028
-9.817176144397237
-11.72576911182497
-11.316794193088706
-9.27184001041383
-8.453862035255622
-9.953494193088705
-11.180429115232656
-13.252975215821008
-12.325538869848652
-5.99202266938319
-10.067392525030591
-8.496831709417306
-11.316794193088706
-6.299392787650631
-8.862851701224468
-12.134747424604376
-13.695381186881367
-10.08984523896512
-5.906561389325126
-10.017487864852773
-10.08984523896512
-10.498824857388305
-7.673923183364941
-11.998496181721418
-10.826230480014736
-6.952329493502633
-7.831786993792662
-8.92833134525067
-9.610435807151658
-9.74830082959236
-10.157295528145124
-7.492036340257062
-9.028989679547557
-8.177247868975922
-6.172988729625206
-6.571808108102831
-9.01992540146541
-8.32957014749396
-7.446591227686604
-7.772373600930647
-8.30091883200479
-7.173501667570866
-7.267231555715986
-8.006363402474962
-7.502335810781785
-7.475443416186455
-8.196584125344968
-7.988309651112828
-8.032485382320472
-9.713428979618095
-10.844611183020149
-6.793278448533972
-7.413226137886488
-8.406011226415899
-10.114424980661429
-9.969699957950862
-8.919179137243972
-12.332081186881368
-7.775503630944562
-8.937840227371936
-11.715319670049544
-7.992098838353762
-10.023156422358012
-7.295890797029696
-12.866426137886487
-12.365923178573704
-7.910847415107343
-8.34989219750449
-6.634446406218882
-5.964011535603949
-7.1171284132771735
-7.627890194132037
-7.77221444673964
-6.978986829643597
-7.700090752992727
-9.570361403519879
-9.017281153877782
-8.289563864864009
-11.443517756448054
-8.09870512267581
-11.265770648446253
-7.848466228225974
-7.848466228225974
-7.9015232276451774
-6.963987084251757
-8.868183707295008
-9.842102671764989
-9.468124141977322
-8.746269253972528
-8.044873351964807
-12.742475379970074
-10.006088815547916
-10.978732239057653
-12.982540593440683
-7.008064102761465
-8.807614002564847
-6.59225757340018
-5.86289206978859
-7.055779789021381
-7.028513774376281
-11.751358014174567
-8.57586246994208
-8.507696901254452
-7.301173725531671
-10.520689834401196
-13.604112628577953
-13.139856441157216
-7.410237737563106
-6.626340175830534
-5.944690106662088
-9.431953796130458
-8.889414832237613
-11.208846400351979
-12.602515809261693
-10.91836149100842
-7.3632243680467155
-9.140656602602018
-9.043863793616673
-9.401571455292846
-13.730249303807625
-7.694429948888616
-8.09188754895546
-11.589414167631176
-8.506673060550774
-8.002115973410758
-7.3479282229000615
-7.9946634737742315
-7.754742640344129
-8.221145990046383
-10.388058014174566
-9.435152207263272
-8.119667035394704
-9.362984595186994
-9.11722014532307
-9.680831649979885
-9.357790264187045
-13.166175159235085
-10.630154393619433
-7.605027366498359
-10.670295160273547
-7.226894193088706
-7.635884469082543
-9.817176144397237
-8.633161389325126
-6.292331573503103
-9.343883648959858
-7.255726208210738
-8.413036688247972
-10.248098443466185
-8.406358356461565
-11.265770648446253
-9.464224630622184
-11.589414167631176
-7.88330413885318
-12.982540593440683
-7.879174061647434
-10.771447424604373
-8.289565392946333
-9.268411563348344
-9.209782628921943
-8.528144042601532
-8.024461027800088
-6.754243832659002
-7.5394774732071514
-8.604075469726206
-10.01470815585138
-9.030957795087126
-9.426337051864895
-10.41583628692603
-8.742256241511063
-9.611014746751316
-7.93973478652939
-10.686759217744623
-7.309347595993743
-8.097050634245921
-9.149437051730786
-9.906285218171407
-11.156918235721204
-9.966060149353488
-6.576434786529389
-12.065910078850692
-8.287096869644932
-8.133658046605753
-7.691373154889667
-8.024461027800088
-8.181204880032421
-7.3972231727068
-9.850501020622268
-8.070738183899783
-10.0884306642996
-12.45603194479778
-12.98263928883536
-8.892640593440683
-8.168075385836977
-9.802085028892918
-13.002612809464352
-10.296789455871153
-10.911155637352207
-7.538890375749236
-7.693908527747757
-9.659155251147649
-8.608228287763533
-12.58199711806413
-14.9963
-10.497487844398961
-12.419698938763831
-6.857399190831166
-9.744214024674873
-9.252250822626513
-11.703966834711384
-12.213269352323792
-7.819263931255735
-10.737553057869572
-7.93973478652939
-8.024461027800088
-9.771440599307587
-7.405170589579465
-11.424410517374318
-13.22408784439896
-12.883207342905996
-10.197539648880705
-8.602155684097127
-8.836209945764477
-7.498389264821901
-13.44660885079567
-7.865628985484999
-10.526375215821009
-13.139856441157216
-9.132705806911295
-6.502328985484999
-10.798452207263272
-5.889455990502971
-9.087139201055935
-7.566315615787648
-8.26089387609143
-11.921686993792662
-8.955021780322053
-13.6436060981538
-9.771440599307587
-9.343143973112584
-9.406264835841226
-8.45241997454247
-6.330256352308363
-5.603163012683346
-8.098003867516924
-11.991423227645177
-7.702645301116781
-9.50221166730738
-11.147042085342816
-7.940920119592316
-9.079567614385136
-7.920320795884441
-7.661746720465194
-8.986546455290355
-10.558386993792661
-9.503041095881754
-8.888706534666516
-7.675378700789575
-8.509804594433934
-9.48131118302015
-10.497487844398961
-12.812211613822589
-12.858370589579465
-12.049911236320103
-12.40926498644374
-9.941769578925683
-7.975303970814649
-7.866242273391331
-6.312078953356001
-12.46419860761525
-10.930569627997155
-7.2388556840971265
-8.697853124352317
-8.977366834711383
-8.62181138679572
-6.206889455871152
-12.982540593440683
-9.076275159235085
-8.22276719623642
-11.588101988632712
-9.576593815459322
-13.39293478652939
-11.345358024921335
-11.199059835929821
-5.862190039725319
-11.04372086372991
-12.45603194479778
-10.252006534666515
-11.506216214857053
-8.500913931255734
-8.024461027800088
-8.933489455871152
-7.769405806911294
-8.411563605678863
-5.925975379970073
-8.207061403519878
-8.614363821085862
-7.5164930620121275
-9.73759860761525
-7.491332842593904
-7.472909945764476
-7.344536193959113
-11.383533251995143
-12.114361027800088
-9.543099999999999
-9.435152207263272
-12.58330289644757
-14.345840593440684
-12.22853544912314
-7.089160323251182
-12.30633479718753
-8.984126880109198
-11.273424523584012
-13.318828985484998
-9.543099999999999
-7.034627975112228
-7.374001621240773
-10.085611613822588
-7.1709578640946035
-8.566972641622678
-12.401817420733883
-9.27043745689118
-8.191761491008421
-8.29729757504528
-7.484516372290461
-6.6120048091259
-5.889455990502971
-12.37873821177778
-13.633
-10.388058014174566
-5.603163012683346
-13.002817078472473
-11.859305806911294
-8.797998386880264
-7.30728777245691
-12.680094193088705
-5.862190039725319
-12.192121616172987
-10.75106102780009
-11.657065291955256
-9.065606876605035
-9.897063545412497
-11.565266697072321
-9.00058838617741
-10.029180966146379
-7.257263601998419
-12.38719757504528
-9.243026643574993
-13.354723227645177
-8.888706534666516
-9.120488003492618
-7.334554544637724
-10.247358463542739
-11.448911613822588
-11.889675215821008
-10.770034922143951
-10.66633478652939
-8.861445817325126
-6.617283648959858
-9.605481186881368
-6.7892337444563
-8.462832409707032
-8.452457508135764
-8.955021780322053
-5.971253976523152
-6.502328985484999
-8.86187660026633
-6.0418705895794655
-8.469555135089044
-9.508600513884538
-13.222605806911293
-7.361820253650936
-10.920067412602526
-10.156650664051341
-8.071852207263273
-9.00058838617741
-12.151965642841114
-7.686656441157215
-9.50221166730738
-5.971253976523152
-9.570367152115836
-9.454505524332632
-9.202296017344255
-10.463311092340849
-7.080734841467766
-8.42518922038032
-7.766452814918647
-10.318321780322053
-8.873226602795736
-5.863594193088706
-6.543840071898324
-6.760069352323791
-6.228421780322053
-7.149315809261692
-6.250766834711383
-8.605791767176088
-11.681621780322052
-8.057102408446939
-11.889675215821008
-10.955768054979803
-12.680094193088705
-10.361053231515669
-9.815719974542471
-13.39293478652939
-9.543099999999999
-11.208846400351979
-13.01264260571628
-11.274526056305795
-10.586051969789839
-8.434855220888794
-7.39000458642046
-9.690207428152068
-8.13382758622148
-8.006518028389259
-8.1798
-8.779648827909869
-11.042751045876413
-10.715702841509193
-7.8733411257135275
-10.581871747604513
-8.804765016727627
-8.9982248155049
-9.771440599307587
-8.87820129018688
-8.892640593440683
-10.130172549021808
-8.394370823638921
-8.286564827973205
-12.84242525486047
-8.070738183899783
-6.9528301749580095
-10.920055551297702
-7.251063821085861
-8.955021780322053
-7.436045540287799
-8.138900616105484
-10.029180966146379
-9.965455684097126
-12.407658016160077
-6.74833523972893
-11.316794193088706
-12.678674918736265
-12.401817420733883
-6.407510093463798
-12.114361027800088
-12.982540593440683
-10.255940593440684
-8.779648827909869
-8.234332544906637
-7.509926602795735
-8.892640593440683
-10.168065016727626
-8.188748386962605
-8.261600440426749
-10.66633478652939
-11.233633093196213
-11.316794193088706
-10.606326643574993
-6.010701621240773
-6.203014985560333
-10.147992800703957
-13.222605806911293
-10.995698261419642
-9.897063545412497
-10.955768054979803
-10.131770589579466
-9.64307789595901
-12.572146400351977
-11.320868997910909
-8.043467842166917
-9.679451045876416
-13.769351045876414
-7.044840599307587
-10.947270008296188
-9.938412421363658
-9.754277842048563
-6.571106097183083
-11.245491841945702
-9.567269627997156
-8.854429034556471
-12.515715752675769
-11.859305806911294
-7.690012437791619
-10.439575159235085
-11.316794193088706
-5.912962248068509
-11.380492563310169
-12.070483648959858
-10.798452207263272
-10.085611613822588
-10.42852951921348
-6.186112809464352
-10.798452207263272
-9.032205579884426
-9.54905053920516
-10.131770589579466
-6.6120048091259
-11.681621780322052
-8.22276719623642
-8.828959701749845
-8.185750539205161
-7.181327587233347
-6.993729192723552
-8.071852207263273
-13.222605806911293
-8.275229635324328
-7.26638917884575
-9.455224423286943
-11.955528985484998
-9.474944738160769
-6.576434786529389
-10.854585971360796
-10.798452207263272
-7.330124242400542
-8.991190194132038
-10.5049541938739
-6.5983719060941235
-7.893507035542792
-11.369906702016255
-9.147695814329479
-12.164229517398418
-12.498040599307588
-9.979393225891595
-9.297690841388613
-9.697847194372354
-8.675376050901457
-7.637288386177411
-9.232422055600178
-7.192394706973244
-10.467118435489247
-9.624873249278053
-7.007361967369722
-8.779648827909869
-8.258184152061055
-7.757391031670582
-12.812211613822589
-12.982540593440683
-10.085611613822588
-10.592228985484999
-7.689011393359245
-9.48666935232379
-7.9207717074966295
-7.79807622308894
-6.853134797187531
-10.968781186881367
-10.798452207263272
-12.742606981142984
-8.454299575064464
-9.815719974542471
-12.89135662917516
-10.320518716672717
-12.33869660394099
-10.181834792396293
-9.561134094674827
-12.401817420733883
-10.497487844398961
-5.534997993172228
-6.78688480483968
-6.707436214034088
-11.656295450005308
-9.72033717963403
-9.103818435489247
-11.669897166159029
-12.275411414124639
-12.037982388390036
-12.296961403519877
-11.669897166159029
-5.494099000505626
-11.991423227645177
-8.57515859775326
-10.798452207263272
-9.97766382108586
-10.211105394308579
-10.496005806911294
-11.58102903455647
-9.953494193088705
-12.114361027800088
-8.593757335239848
-10.75106102780009
-9.229556219138459
-8.444034841467765
-8.955021780322053
-7.591721780322053
-9.112337628038585
-9.89760203900776
-9.387761027800089
-8.342286829643596
-8.531614455331782
-8.261600440426749
-10.881837200243089
-6.516573966977456
-9.202268144663813
-9.010138168485962
-7.900323282737807
-10.236526602795735
-11.100898607615251
-8.75894641101012
-8.602155684097127
-8.839809188867868
-8.706249444236354
-7.280022245611241
-9.798155220888795
-9.324988290914238
-9.300431705134246
-10.798452207263272
-10.865523047397208
-12.332081186881368
-10.496005806911294
-7.007361967369722
-7.593582056750654
-7.320920332118087
-12.2697
-11.179019974542472
-13.339564543196122
-13.633
-11.991423227645177
-9.952074918736264
-7.879872896699492
-12.692055684097127
-10.340666834711383
-12.187981224005137
-7.988939829173973
-10.340666834711383
-8.395222115902298
-8.90058801031335
-13.819331944797781
-7.8285067988808406
-11.271227587233346
-8.988863772014389
-11.179019974542472
-12.474233291922078
-10.224801988632713
-9.799067507692708
-11.38363547414475
-13.433783648959858
-8.820418506822287
-12.472479493191285
-5.9030890522626205
-7.702645301116781
-10.224801988632713
-11.383533251995143
-9.543099999999999
-7.509926602795735
-7.661458014174567
-8.711487403751887
-12.38719757504528
-9.240440646154086
-6.576434786529389
-9.679451045876416
-6.352977898229521
-8.616056114204705
-7.18459077549972
-9.447667767846262
-6.489307941654429
-10.226204146059086
-8.981938854860328
-7.712975159235086
-14.105775379970073
-12.600341963142794
-7.854587664724045
-11.223836407770163
-14.345840593440684
-7.648112738464224
-7.484516372290461
-7.30728777245691
-7.6941691809182355
-9.543099999999999
-6.6120048091259
-13.433783648959858
-7.784444396726091
-7.648112738464224
-10.74291932119528
-8.016202535177236
-7.3575332768069055
-7.27626224806851
-7.661458014174567
-13.769351045876414
-11.514591269776407
-11.737942794877462
-10.255940593440684
-8.22070172851088
-11.315374918736264
-11.859305806911294
-11.58102903455647
-8.589011228325184
-10.240358808194943
-10.340666834711383
-10.236526602795735
-8.722311613822589
-6.576434786529389
-11.915144676759947
-10.79746623922996
-11.410792573677089
-10.181102388070196
-8.01407746441918
-10.633700100907244
-5.753125986316696
-8.63956224806851
-11.038517420733882
-11.001819243797849
-7.760590651512917
-7.18459077549972
-8.834186005252274
-11.991423227645177
-10.892936548560211
-9.27043745689118
-7.27626224806851
-10.979401627107677
-8.252801627107678
-10.309614657706964
-12.46419860761525
-8.663195820196382
-11.451730664299598
-10.227053222018636
-11.18943240970703
-12.114361027800088
-7.431009442440866
-7.770810686943716
-8.493362675417892
-9.978898594561924
-8.839809188867868
-8.224680198440806
-11.753830141637405
-8.453359028929931
-6.175749045473971
-11.533580927669833
-8.9982248155049
-9.70667849745458
-10.674682388390035
-13.42831119075186
-9.72033717963403
-10.968781186881367
-11.02911922868851
-7.361820253650936
-14.345840593440684
-9.930272641622677
-7.150136993792662
-8.227240520991373
-5.521365025332917
-6.349675159235085
-9.369818028389258
-9.519878448533971
-10.707183648959857
-10.04279245450835
-8.452457508135764
-9.95207880775843
-8.80009700482157
-9.323107002553058
-7.30070008611201
-8.163449786785035
-7.4291735536297985
-9.570361403519879
-11.703966834711384
-7.002831944797782
-12.668369578925683
-9.911226056305795
-12.76731987970952
-7.760299061422226
-10.085611613822588
-10.217729034556472
-9.025054125042043
-10.860833394144642
-8.336500909308372
-9.543099999999999
-11.915144676759947
-9.556755551297702
-8.057102408446939
-8.590194193088706
-11.328755684097127
-7.852608282357328
-10.852126271529553
-7.484516372290461
-7.315641944317895
-12.668369578925683
-6.216647936226918
-8.608228287763533
-9.076275159235085
-8.1798
-11.621019517205635
-10.707183648959857
-9.754277842048563
-12.385035404655111
-10.164672035137269
-8.123369352323792
-9.365415973410757
-6.584739155380231
-12.27565053920516
-10.849969352323791
-12.325538869848652
-11.727188386177412
-12.114361027800088
-7.831786993792662
-8.077304577598337
-8.598970429108592
-11.13814609103829
-10.66633478652939
-8.652575379970074
-10.968781186881367
-7.686656441157215
-10.558386993792661
-10.75106102780009
-10.849969352323791
-13.401282388390037
-13.114904762945455
-8.059644070274539
-10.497487844398961
-7.0431017620308225
-7.4572512728272855
-13.033197166159031
-10.884318147956492
-12.797447395132542
-12.874839600912988
-6.993729192723552
-7.702645301116781
-7.020994819674815
-9.425365642841115
-8.171568455952158
-8.09602183526043
-9.980135948548698
-8.267722944501168
-8.531614455331782
-8.572693204648145
-10.783832361574667
-11.849113607432235
-11.58102903455647
-7.716278439489437
-13.57656935232379
-8.956888656085978
-9.134098817458387
-10.074799720082
-5.589530025882667
-11.451730664299598
-6.502328985484999
-11.72435323151567
-9.624873249278053
-13.976295262782447
-12.480877842048564
-10.798452207263272
-8.544627587233347
-8.086842214681457
-7.7997752158210085
-10.592228985484999
-10.100601621240774
-10.255940593440684
-10.236526602795735
-8.818534792396292
-8.482246400351977
-7.86665511071892
-12.58330289644757
-8.566972641622678
-10.920055551297702
-10.033909474644902
-5.644061967369722
-14.326426602795735
-10.565668036180602
-10.1697688270176
-8.123369352323792
-8.384291474380149
-9.543099999999999
-10.968781186881367
-9.5158501420292
-12.951401988632712
-8.847823691058133
-6.993729192723552
-12.742475379970074
-9.182073861891098
-6.407510093463798
-9.543099999999999
-8.384293509402179
-6.203014985560333
-10.363888386177411
-14.345840593440684
-7.484516372290461
-7.330124242400542
-8.070738183899783
-7.913107241007929
-9.68266498644374
-12.680094193088705
-11.956225952801713
-11.274526056305795
-10.83824473816077
-8.873226602795736
-7.572732367441572
-13.336504138853181
-7.429985649510655
-13.965815809261692
-11.765336793905124
-11.921686993792662
-9.570361403519879
-9.434018485537761
-9.570361403519879
-6.871031895710529
-8.280217342515245
-8.261600440426749
-11.830418435489246
-9.134098817458387
-12.489397034597898
-9.33862073726517
-7.7435429035458965
-8.1798
-12.2697
-8.1798
-6.971247194372355
-8.026742624716734
-6.012153068475165
-9.106842903545896
-8.697853124352317
-11.637274688115511
-13.354723227645177
-12.982540593440683
-10.647302902168875
-9.519878448533971
-11.751358014174567
-12.2697
-12.037982388390036
-10.115981022732303
-11.192688200651645
-8.234332544906637
-6.617283648959858
-13.046678676766042
-12.572146400351977
-13.433783648959858
-8.452457508135764
-10.662400727755221
-6.889099903468714
-7.198224519241647
-6.257546949962246
-7.838974803573972
-7.865628985484999
-6.5983719060941235
-8.7251157920004
-11.305069578925682
-5.943988043729351
-10.633700100907244
-11.406092454508348
-9.97766382108586
-7.865628985484999
-9.842986290701006
-8.711487403751887
-5.984886967741197
-7.716278439489437
-7.787745172883001
-8.986546455290355
-6.066684982034173
-9.990128990276236
-9.754277842048563
-6.462041953996119
-9.2394706348845
-8.275229635324328
-8.316128684206275
-6.576434786529389
-10.694630380123881
-8.697853124352317
-8.707691768133984
-7.865628985484999
-8.602279007087283
-8.048630655797245
-10.085611613822588
-7.225593061741181
-8.466088200651646
-6.834534094674828
-7.405170589579465
-6.489307891714683
-5.480465991333609
-7.93973478652939
-8.342286829643596
-10.962889858003491
-7.455234792396293
-7.170463545412497
-13.318828985484998
-11.479125254860469
-9.611232408236749
-7.258761259627948
-7.961671906094123
-8.768470589579465
-11.562809945764474
-7.570189455871152
-10.415577795908094
-12.2697
-10.403048021592753
-8.002572265200442
-7.1189464003519785
-8.319364986443741
-12.213269352323792
-10.252006534666515
-10.783832361574667
-13.046678676766042
-9.6385574609502
-9.093200501400167
-10.633700100907244
-8.63956224806851
-13.251419173750133
-8.06109582498762
-10.798452207263272
-10.72000885079567
-11.451730664299598
-8.636993594724334
-8.438830878094722
-9.529462945372579
-10.070991768133984
-9.27043745689118
-9.049956441157216
-7.570189455871152
-7.252756114204704
-10.628123227645178
-9.660597575045278
-11.72247064275252
-8.452457508135764
-8.002572265200442
-7.525416337291823
-7.729911578653784
-9.369818028389258
-6.898297721255684
-6.905798261419644
-8.002572265200442
-12.812211613822589
-6.166040593440684
-13.222605806911293
-8.37913478946284
-10.439575159235085
-10.085611613822588
-10.020233251995142
-11.703966834711384
-6.576434786529389
-11.208846400351979
-7.048260978449746
-8.869419041974655
-6.175749045473971
-8.875082124910065
-8.002993769964693
-11.363083746206676
-9.022296165857682
-7.79807622308894
-12.714214873262147
-8.2070676032766
-6.898297721255684
-7.529340593440684
-6.865868054979804
-10.496005806911294
-5.603163012683346
-7.036197034597899
-8.62181138679572
-8.944157738501202
-7.634479158876101
-8.970506795015325
-8.861445817325126
-6.941262373762737
-12.2697
-10.497487844398961
-8.875082124910065
-11.208846400351979
-13.633
-12.01405300128365
-7.116425593277753
-7.549412809464353
-11.619240593440683
-12.213269352323792
-12.480877842048564
-9.497533394144641
-8.977366834711383
-10.265690976688704
-13.114904762945455
-9.00058838617741
-7.9015232276451774
-11.519907342905995
-8.084367767846263
-10.592228985484999
-8.57515859775326
-12.070483648959858
-7.961671906094123
-7.661458014174567
-10.995698261419642
-6.8165
-11.32899739615077
-13.305740145678826
-9.6930523847255
-12.114361027800088
-8.4072705423293
-12.965039605000122
-7.020994819674815
-13.196827924774844
-6.617283648959858
-8.836209945764477
-6.377218435489247
-7.980583648959858
-9.953494193088705
-8.873226602795736
-9.556743498267387
-9.435152207263272
-11.308562649040862
-8.614363821085862
-6.933997575045279
-13.769351045876414
-13.90561997454247
-12.828601719186588
-7.784444396726091
-8.797998386880264
-8.997776801796418
-8.854429034556471
-13.61953654856021
-9.570361403519879
-5.712227026625173
-13.387434394388846
-12.719633484603737
-10.197539648880705
-11.232368584937221
-9.27603000387049
-10.56168546286511
-8.997776801796418
-11.547228160518735
-7.30728777245691
-12.401817420733883
-7.712975159235086
-6.541935300413928
-13.222605806911293
-8.016202535177236
-8.316128684206275
-6.058092800703957
-13.433783648959858
-10.439575159235085
-7.944490423881597
-8.024461027800088
-10.496005806911294
-6.4211428784658535
-8.34339410730093
-12.812211613822589
-14.175511613822588
-11.545134792396293
-8.173908671122124
-11.888119173750132
-10.79746623922996
-10.217729034556472
