-9.544493010547093
-9.143158829161885
-9.628965940693218
-9.660597575045278
-11.670757738501202
-9.996461389325127
-9.310982203402054
-7.036032306582042
-9.494798637933005
-9.605481186881368
-9.1066445681448
-9.705586829643597
-9.771440599307587
-9.435152207263272
-9.91343528897046
-9.119531807282296
-9.215159209816331
-9.420532361574669
-8.150912628577952
-9.758522115902297
-9.483984206373794
-9.519878448533971
-9.528480154311396
-9.592468054979804
-8.72652287729498
-9.860536407770164
-9.537208671122123
-9.068255980206443
-8.210169408909714
-8.851660173701113
-7.361820253650936
-8.1798
-6.680170193667171
-10.361053231515669
-7.907141192619206
-7.498149561913176
-8.997776801796418
-8.861445817325126
-8.997776801796418
-7.907141192619206
-7.770810686943716
-9.27043745689118
-8.7251157920004
-8.861445817325126
-9.27043745689118
-9.543099999999999
-10.633700100907244
-9.134098817458387
-7.907141192619206
-8.452457508135764
-10.0884306642996
-7.634479158876101
-5.862190039725319
-9.406781951308531
-7.089160323251182
-8.7251157920004
-7.907141192619206
-7.498149561913176
-7.907141192619206
-9.27043745689118
-7.498149561913176
-11.4517306642996
-9.543099999999999
-7.089160323251182
-5.589530025882667
-8.043467842166917
-8.588786731975965
-7.907141192619206
-8.452457508135764
-7.907141192619206
-5.589530025882667
-8.043467842166917
-7.907141192619206
-5.4532
-5.862190039725319
-9.815719974542471
-7.634479158876101
-8.11163392108346
-5.4532
-8.861445817325126
-8.043467842166917
-9.406781951308531
-7.907141192619206
-8.7251157920004
-9.27043745689118
-9.543099999999999
-10.497487844398961
-8.452457508135764
-8.7251157920004
-9.27043745689118
-9.27043745689118
-7.907141192619206
-9.815719974542471
-9.134098817458387
-7.770810175747654
-8.043467842166917
-9.543099999999999
-10.224801988632713
-8.316128684206275
-8.7251157920004
-8.7251157920004
-7.498149561913176
-8.452457508135764
-8.043467842166917
-8.1798
-8.043467842166917
-9.338609704099856
-8.7251157920004
-7.907141192619206
-8.043467842166917
-11.588101988632712
-7.907141192619206
-9.406781951308531
-8.1798
-8.452457508135764
-7.770810686943716
-10.497487844398961
-7.907141192619206
-7.498149561913176
-8.043467842166917
-9.543099999999999
-8.043467842166917
-7.770810686943716
-5.589530025882667
-8.316128684206275
-11.179019974542472
-7.634479158876101
-8.316128684206275
-9.134098817458387
-7.770810686943716
-7.770810686943716
-8.861445817325126
-7.770810686943716
-8.316128684206275
-7.770810686943716
-8.452457508135764
-8.043467842166917
-8.588786731975965
-6.407510093463798
-8.043467842166917
-7.770810686943716
-5.862190039725319
-8.7251157920004
-8.452457508135764
-7.907141192619206
-10.9064
-8.452457508135764
-8.1798
-7.361820253650936
-8.7251157920004
-9.543099999999999
-8.316128684206275
-10.497487844398961
-7.634479158876101
-8.043467842166917
-8.043467842166917
-7.634479158876101
-8.043467842166917
-7.770810686943716
-7.907141192619206
-7.770810686943716
-10.0884306642996
-7.907141192619206
-8.316128684206275
-8.316128684206275
-8.043467842166917
-7.907141192619206
-6.407510093463798
-8.997776801796418
-9.543099999999999
-9.679451045876416
-8.588786731975965
-7.498149561913176
-8.7251157920004
-8.452457508135764
-7.907141192619206
-11.4517306642996
-8.316128684206275
-7.907141192619206
-7.498149561913176
-8.452457508135764
-8.043467842166917
-8.7251157920004
-8.316128684206275
-7.907141192619206
-11.4517306642996
-5.862190039725319
-9.815719974542471
-9.406781951308531
-9.543099999999999
-7.089160323251182
-8.452457508135764
-7.770810686943716
-11.042751045876416
-8.452457508135764
-5.99851995620652
-6.9528301749580095
-9.406781951308531
-8.316128684206275
-6.8165
-8.043467842166917
-7.634479158876101
-7.634479158876101
-9.406781951308531
-9.134098817458387
-8.043467842166917
-8.861445817325126
-6.134849936373283
-7.907141192619206
-8.7251157920004
-7.907141192619206
-8.452457508135764
-9.815719974542471
-8.043467842166917
-7.498149561913176
-8.452457508135764
-6.271180101710602
-7.907141192619206
-8.1798
-8.7251157920004
-9.27043745689118
-8.7251157920004
-10.0884306642996
-9.679451045876416
-10.770034922143951
-8.452457508135764
-12.951401988632712
-8.043467842166917
-8.7251157920004
-7.498149561913176
-9.134098817458387
-8.588786731975965
-5.862190039725319
-6.9528301749580095
-5.99851995620652
-9.134098817458387
-9.543099999999999
-6.543840071898324
-7.907141192619206
-6.134849936373283
-6.543840071898324
-7.907141192619206
-7.770810686943716
-8.1798
-8.588786731975965
-9.27043745689118
-7.907141192619206
-8.929612094433573
-9.27043745689118
-10.9064
-8.043467842166917
-8.452457508135764
-10.224801988632713
-6.543840071898324
-8.043467842166917
-10.361053231515669
-8.997776801796418
-9.27043745689118
-8.043467842166917
-7.634479158876101
-7.907141192619206
-8.7251157920004
-8.1798
-8.316128684206275
