-8.330714988973147
-13.463640915923754
-7.8220004293705045
-8.985391189231766
-7.650459425445473
-7.935800727755222
-8.597342050532392
-13.023389455871152
-8.370201195641764
-8.22276719623642
-12.200343957914585
-5.563520836663699
-10.828821616172986
-9.163075215821008
-8.898591132645844
-10.66633478652939
-11.511292800703956
-9.729431944797781
-7.549412809464353
-9.22200406833094
-7.611793996345721
-5.887763821085861
-12.111224645900485
-9.514212628577953
-9.990128990276236
-9.734157573726298
-11.994328421064782
-8.774906236281799
-11.39248096614638
-8.264298564410682
-8.873417625112985
-8.818534792396292
-11.029910703520336
-9.013299766694464
-9.666682565833753
-11.727188386177412
-8.462832409707032
-8.55681288231443
-9.953380536765225
-7.929948222107233
-9.918994706973244
-8.836209945764477
-8.706249444236354
-10.178444314239703
-12.298531721728239
-7.526191257998326
-6.971247194372355
-13.139856441157216
-8.024461027800088
-9.178864782668171
-10.088166674932202
-6.538223227645177
-10.9064
-7.627018334863529
-11.249695262782446
-11.562809945764474
-11.727188386177412
-9.865618616375647
-7.845765773523221
-10.23308186238974
-9.713428979618095
-9.918994706973244
-10.25701972338263
-8.967430964105816
-8.61547500126909
-10.968781186881367
-7.570189455871152
-8.504145307119042
-11.859305806911294
-9.612096603940989
-11.545134792396293
-6.127829034556472
-6.406105806911294
-6.436475215821008
-6.878881186881368
-10.662400727755221
-8.295497953493584
-9.596342051356068
-9.573469408909714
-7.595240802076202
-7.387514262382358
-6.971247194372355
-6.9268208366636985
-10.554926128872125
-10.796607735043573
-10.883178448533972
-7.1390186163756475
-11.889675215821008
-9.470738157999053
-6.273988386177411
-8.867524404622927
-9.228928985484998
-8.680870973564565
-8.670646739408365
-7.9844651575096846
-6.538223227645177
-11.889675215821008
-8.920936187035176
-6.85946719623642
-7.305278345149761
-10.728472421909082
-8.459974445989554
-7.027677842048563
-8.818534792396292
-11.723760616305213
-8.492197452528265
-9.134098817458387
-8.106391166272324
-10.320518716672717
-8.80341629389206
-9.901385270200631
-8.948479463289337
-8.228524846152636
-6.994936438029018
-7.568500228856025
-7.74746202982473
-7.662198569201919
-9.331330380123882
-7.8285067988808406
-6.538223227645177
-7.455234792396293
-7.202535131825758
-11.228918616375648
-11.117577842048563
-11.016720836663698
-8.246804206097243
-7.858359939482437
-7.438072035137269
-12.1365423593268
-12.827201621240773
-11.271227587233346
-9.470738157999053
-8.1798
-11.495070589579464
-11.18943240970703
-10.877512628577954
-12.161752207263273
-7.846439733376504
-7.90713745689118
-7.712168336034358
-8.511577993628435
-6.785810957603286
-9.855497452528263
-13.987355258117468
-11.464291143446431
-7.330124242400542
-6.576434786529389
-7.65167144975241
-5.818027587233347
-9.762797034597899
-8.217064998063611
-9.897063545412497
-7.8278529350184956
-6.708552207263272
-6.978986829643597
-6.538223227645177
-6.576434786529389
-8.493402896447572
-6.896607526046232
-7.5997853547171115
-7.959398816623635
-9.574290593440683
-7.434193993551012
-6.832333614272099
-11.619240593440683
-11.562809945764474
-11.463901621240772
-9.126814478033419
-7.993408850795671
-7.926464287239648
-11.247584480984699
-8.581962649040863
-9.669326091856007
-6.482205176253357
-7.393722238267468
-7.44254138068327
-11.921686993792662
-11.076728979618094
-11.830418435489246
-10.069549444236355
-10.75106102780009
-11.218797452528264
-12.161752207263273
-8.867524404622927
-8.578469578925683
-7.936585451087032
-6.436475215821008
-6.436475215821008
-10.236526602795735
-7.128897452528265
-7.486888725495034
-10.188841663134426
-7.864585070432585
-8.96608890006195
-10.888899011559438
-9.415738216618324
-8.12904657730621
-9.47600106969374
-6.250766834711383
-11.08467639649076
-12.070483648959858
-8.701943434949879
-8.209546501259224
-5.9780525685600585
-8.19661458102601
-9.533494247485702
-9.049956441157216
-12.602515809261693
-6.760069352323791
-10.227053222018636
-7.570189455871152
-6.538223227645177
-5.655979493191285
-8.390977842048564
-10.606326643574993
-8.738821708512662
-8.42851313167915
-6.840669627997156
-9.291310172366368
-9.430238704647584
-7.139120706843558
-6.971016561245822
-10.592228985484999
-6.418098536169877
-7.010998607615252
-8.722311613822589
-11.117577842048563
-10.467118435489247
-8.96608890006195
-10.91836149100842
-7.3893810227323025
-11.562809945764474
-11.117577842048563
-8.865635810781786
-11.366162248068509
-10.318321780322053
-11.39248096614638
-7.896732066938628
-7.275579141360386
-7.4104634072805915
-8.882854029018526
-10.936769408909713
-8.320114921524597
-7.963904414526547
-6.9560649864437405
-6.538223227645177
-6.436475215821008
-8.225255306467744
-8.060611511122433
-7.3893810227323025
-9.660597575045278
-8.662927974153734
-8.696250375056094
-8.139741095881753
-8.1798
-6.900998564410683
-8.134343047569748
-7.108286928407531
-8.354884616970304
-7.330124242400542
-7.740518435489247
-6.298158014174567
-8.818534792396292
-8.047682579266116
-9.660597575045278
-7.405170589579465
