-9.89709436346473
-11.379175379970073
-7.529340593440684
-10.227053222018636
-10.798452207263272
-10.525147694365234
-9.798155220888795
-9.323107002553058
-7.559710002350398
-7.712975159235086
-9.694014988973146
-11.448911613822588
-11.208846400351979
-9.941769578925683
-8.977366834711383
-8.350128979618095
-9.089886647597055
-8.628037579617542
-12.32229462245921
-6.026081022732303
-13.222605806911293
-12.029634786529389
-12.742475379970074
-7.289275379970073
-11.723657089829208
-11.02275508324973
-8.434855220888794
-8.72652287729498
-11.559162628577953
-8.56300088195594
-12.610884480984698
-9.558090007418183
-9.704104213959553
-8.862851701224468
-12.134747424604376
-9.494798637933005
-12.137582579266116
-11.316794193088706
-11.843105220888795
-11.52797203513727
-10.48138596122269
-13.222605806911293
-8.892640593440683
-10.462976451727823
-9.748297096544352
-9.845546400351978
-9.798155220888795
-11.93130363552957
-8.002115973410758
-9.558090007418183
-11.076728979618094
-10.255940593440684
-10.389797706743892
-10.869173011361296
-10.31619746794144
-8.884529487878439
-9.924606821666659
-12.033793876055636
-12.517436667450133
-8.290120836663698
-10.686407002553057
-12.079188039033575
-11.944470296720342
-8.79297368627999
-13.078763772014389
-13.55025063424592
-10.093106617531681
-13.002612809464352
-11.727188386177412
-8.652575379970074
-10.936769408909713
-8.973019666528492
-6.103754145925415
-9.754277842048563
-10.9064
-8.434855220888794
-8.872764886819235
-9.084021201189952
-9.081831800999211
-10.050743496896331
-9.27184001041383
-8.453862035255622
-13.05934978136944
-8.944157738501202
-8.482246400351977
-8.08080059422588
-8.1798
-8.320114921524597
-10.9064
-11.636412975127522
-9.089886647597055
-9.246604138853183
-8.05029345154221
-12.161752207263273
-12.467083761720005
-12.440028979618095
-7.45029250712256
-9.845546400351978
-10.701202903455647
-8.482246400351977
-9.760803403163962
-8.602155684097127
-10.542164782668172
-10.98546042131468
-9.639323178573704
-12.860775766890459
-12.918976441795794
-10.849969352323791
-12.891272035137268
-7.938554365004744
-8.311917420733883
-12.300069408909714
-9.82759927927189
-9.077961983363588
-9.052203410833329
-9.546075269602579
-12.741817885546949
-7.4296736862799895
-12.524755220888794
-13.222605806911293
-10.42502461927719
-10.063815029752403
-10.364837222994776
-11.412298486653508
-8.56300088195594
-10.227053222018636
-9.387761027800089
-9.203367879368695
-9.155335580549766
-10.776660397942221
-8.573744270410435
-8.188934754196374
-12.770143527576929
-13.383148222107232
-11.281178639409632
-11.599826602795735
-9.246604138853183
-10.113734440602109
-9.57973479718753
-9.701704365455074
-9.570361403519879
-10.04971737166241
-10.24876315195705
-9.220347606855487
-9.091975382903525
-9.404888177438425
-10.134331397696235
-10.542164782668172
-9.869962399907237
-9.020168203885081
-9.910835183539579
-9.512205591510074
-10.75106102780009
-11.859305806911294
-12.029634786529389
-10.48138596122269
-11.562809945764474
-9.84063289773629
-9.883760887410077
-10.2085494139775
-12.891272035137268
-8.14809992178136
-11.453145238965119
-8.741417393264694
-8.717153503202107
-8.242181186881368
-9.537237692918488
-9.984684786529389
-10.496005806911295
-12.186950634245921
-7.4640064145666685
-9.343883648959858
-9.343883648959858
-11.619240593440683
-9.066929946802937
-9.996461389325127
-9.11808596122269
-9.570361403519879
-9.897063545412497
-9.897063545412497
-7.815564782668171
-10.413256441157214
-11.448911613822588
-9.697847194372356
-8.842523053056397
-8.533763545412496
-10.227053222018636
-8.202429773638471
-10.296789455871153
-10.10824138746106
-11.386576686310576
-11.751358014174567
-11.362132583326634
-8.659190797029694
-9.435152207263272
-10.340666834711383
-9.132705806911295
-12.029634786529389
-8.024461027800088
-9.222344490201644
-8.264964489809048
-11.097153410833329
-7.831786993792662
-8.96608890006195
-9.798155220888795
-9.67870708982921
-9.163075215821008
-9.996769600527966
-9.733501195641763
-11.113363776805626
-10.774282579266117
-10.340868726978329
-8.96608890006195
-8.453829115232656
-10.015875379970073
-9.543099999999999
-9.953494193088705
-10.467118435489247
-10.48138596122269
-10.82365063424592
-10.276012809464353
-11.806654940125263
-10.60990413885318
-12.0566895686313
-10.1238231727068
-10.592228985484999
-11.727188386177412
-12.029634786529389
-12.029634786529389
-11.793247096544352
-12.591252179794084
-12.240812628577952
-11.660089455871152
-12.186950634245921
-10.82365063424592
-12.114361027800088
-11.316794193088706
-10.400523183364943
-6.626349697095496
-11.51957368627999
-8.482246400351977
-9.779487689985036
-8.107438157999054
-8.517832351087758
-7.289275379970073
-10.82365063424592
-11.161455220888794
-9.644489746595642
-9.387761027800089
-11.038517420733882
-9.605481186881368
-7.257263601998419
-8.119722035137269
-8.946614489809047
-10.526375215821009
-11.594786906409812
-8.572693204648145
-9.543099999999999
-8.2504620724574
-9.049956441157216
-9.798155220888795
-9.323107002553058
-10.15627368627999
-10.66633478652939
-6.4851662282259745
-8.80137203513727
-8.866579354674188
-11.562809945764474
-11.955528985484998
-11.39248096614638
-11.117577842048563
-9.522731821127289
-10.318321780322053
-9.178864782668171
-9.48666935232379
-10.413046659525484
-7.226894193088706
-8.729759179532445
-9.343883648959858
-9.897063545412497
-8.422168435489247
-9.163896400351977
-9.049956441157216
-9.745879493191284
-10.63307915448583
-10.058238500605423
-10.5963550011752
-10.44513180099921
-9.543099999999999
-9.264823227645177
-9.28362079588444
-7.251063821085861
-11.260363545412497
-9.68942991796491
-8.507444827334627
-12.911927862511472
-11.002623178573705
-11.316794193088706
-11.053945676690415
-11.619240593440683
-8.899714192333295
-10.050743496896331
-8.646033062937358
-9.845546400351978
-9.845546400351978
-9.817176144397237
-8.079050005550242
-13.249867210431171
-12.680094193088705
-12.982540593440683
-13.100038168485963
-12.980570296556913
-12.440028979618095
-8.722311613822589
-7.559710002350398
-9.330954221453716
-9.10281321607318
-9.72137639649076
-10.936769408909713
-11.208846400351979
-9.82567069373053
-10.170776103631637
-10.067664492742498
-8.43661212120027
-10.444462126413049
-11.619240593440683
-10.60990413885318
-9.049956441157216
-9.135509985089106
-9.544493010547093
-7.908543755001881
-10.388058014174566
-9.27184001041383
-8.317535385707911
-10.496005806911294
-11.727188386177412
-9.203367879368695
-12.046246359267046
-10.936769408909713
-9.713428979618095
-10.093059179532446
-11.161455220888794
-10.100601621240774
-8.714956566851443
-6.846869408909714
-12.645594706973245
-12.377884669582125
-11.316794193088706
-12.332081186881368
-11.681621780322052
-10.212215551649969
-11.225767396198147
-13.39293478652939
-9.489126103631637
-12.300069408909714
-12.161752207263273
-12.680094193088705
-12.137582579266116
-12.812211613822589
-9.274147415107343
-12.480877842048564
-11.038517420733882
-9.953494193088705
-7.769405806911294
-10.66633478652939
-12.332081186881368
-12.401817420733883
-13.09048838617741
-13.084597057299533
-11.727188386177412
-11.776556441157215
-12.092015973410756
-11.859305806911294
-12.713588008548026
-14.336054029018527
-9.869070722023492
-10.30453629867122
-9.754277842048563
-9.798155220888795
-9.897063545412497
-10.352163772014388
-8.56300088195594
-11.161455220888794
-10.707183648959857
-10.226114167631177
-12.812211613822589
-12.081367270260106
-10.526375215821009
-7.834589519515847
-9.33757374553844
-9.159967210431173
-9.573469408909714
-12.830245708497417
-9.132705806911295
-8.317535385707911
-7.908543755001881
-10.032554614403386
-9.897063545412497
-10.035947595993743
-11.921686993792662
-11.687129482059165
-12.332081186881368
-11.52797203513727
-11.731109024767218
-13.739764827973206
-11.719190447840699
-10.910857288307257
-13.09048838617741
-12.137582579266116
-8.047682579266116
-8.097050634245921
-8.044873351964807
-12.887898386880263
-12.406590431578877
-13.015725171466556
-12.365923178573704
-12.137582579266116
-9.84063289773629
-11.97320413885318
-12.186950634245921
-9.558090007418183
-9.264823227645177
-12.573134013036652
-12.827961177043699
-9.811279693349867
-8.776526137886488
-11.889675215821008
-13.39293478652939
-12.095693496896331
-10.968781186881367
-7.769405806911294
-13.122105579884424
-12.836381241819744
-10.66633478652939
-7.289275379970073
-7.883304138853182
-10.310902927567358
-12.186950634245921
-13.222605806911293
-8.467626554663374
-7.337215029752404
-8.882854029018526
-9.089886647597055
-10.66633478652939
-11.316794193088706
-11.448911613822588
-12.2697
-9.573469408909714
-11.002623178573705
-6.686246398733413
-12.213269352323792
-8.304562373762737
-9.28362079588444
-7.779708193448777
-9.675217420733883
-9.264823227645177
-10.060779604908166
-10.968781186881367
-10.510995814329478
-11.076728979618094
-11.649610002350398
-9.947602864210829
-8.976229324914463
-10.08984523896512
-11.968201676179149
-13.633
-12.891272035137268
-13.39293478652939
-11.58102903455647
-8.77733775373281
-12.065617384108299
-10.255940593440684
-9.573469408909714
-10.82365063424592
-8.79297368627999
-9.514212628577953
-9.460910779793533
-9.049956441157216
-8.72652287729498
-10.936769408909713
-9.48666935232379
-9.28362079588444
-7.772214446739642
-7.908543755001881
-13.114658014174566
-10.388058014174566
-12.365923178573704
-12.365923178573704
-12.234921299700076
-14.77630700255306
-10.64692079588444
-8.317535385707911
-7.3632243680467155
-8.999180925064671
-10.575066228225975
-9.775810166499463
-10.236526602795736
-6.390302996459168
-11.97320413885318
-8.927554969736297
-9.396651690978286
-9.785166511104496
-10.496005806911295
-10.226114167631177
-11.316794193088706
-10.686407002553057
-10.82365063424592
-11.260363545412497
-7.686656441157215
-12.543259028929931
-7.470850245533283
-12.473731676246341
-12.054627310652311
-12.863190754605126
-11.939414020742248
-7.772214446739642
-11.17995902892993
-10.575066228225975
-10.204012428809907
-9.00058838617741
-11.002623178573705
-9.374253057869572
-10.085611613822588
-10.64692079588444
-9.012549877185833
-13.318828985484998
-12.66605226220165
-8.892640593440683
-9.543099999999999
-10.058842576206494
-8.176847008007353
-9.601848787522638
-9.099156341758164
-11.816486647597054
-8.897595213710973
-9.007295009038163
-9.981413628013032
-9.090046797362167
-10.858658688226823
-8.933489455871152
-8.382162686650187
-11.076728979618094
-10.296789455871153
-10.363888386177411
-10.363888386177411
-11.703966834711384
-9.845546400351978
-9.897063545412497
-12.440028979618095
-9.024758014174568
-13.222605806911293
-9.967714455322122
-7.539291645616971
-8.454770409019439
-8.405967849466748
-10.255940593440684
-10.085611613822588
-10.363888386177411
-9.959444732293866
-9.713428979618095
-11.599826602795735
-13.09048838617741
-11.117577842048563
-9.27184001041383
-9.798155220888795
-6.787612628577953
-9.418659815565505
-9.104490483073189
-8.62138478652939
-8.047682579266116
-9.376483093150656
-9.632398261419644
-9.555061491008422
-9.33966958371692
-9.576593815459322
-9.064286756398875
-9.348127922813593
-9.297143457651513
-9.754277842048563
-9.076275159235085
-12.680094193088705
-8.654552255486696
-12.300069408909714
-10.921390007418184
-10.199509945764476
-10.592228985484999
-9.923400967316724
-13.633
-13.633
-11.288578869250601
-9.27184001041383
-9.48666935232379
-9.176924963931018
-8.722311613822589
-9.30601005613197
-8.275849090457196
-9.037223183364942
-10.363888386177411
-11.52797203513727
-11.076728979618094
-9.919944727935576
-8.11349455696977
-9.392333047949034
-11.763823183364941
-12.572146400351977
-11.385790797029696
-11.991423227645177
-11.78956957305878
-11.991423227645177
-12.240812628577952
-12.680094193088705
-12.070483648959858
-12.161752207263273
-8.714956566851443
-8.202879487878437
-9.750063776805627
-10.02918096614638
-10.181834792396293
-10.063815029752403
-13.09048838617741
-12.719886723986201
-9.246604138853183
-10.125141824479929
-9.532915910563645
-8.729759179532445
-11.002623178573705
-8.431222855709526
-11.379175379970073
-9.47600106969374
-9.543099999999999
-10.628123227645178
-11.921686993792662
-11.889675215821008
-11.98902280094432
-7.226894193088706
-9.147695814329479
-8.95775001471211
-9.384537996746175
-10.100796318277446
-9.996461389325127
-10.841419403499692
-8.317535385707911
-10.82365063424592
-11.609454029018526
-12.114361027800088
-12.092015973410756
-10.82365063424592
-10.82365063424592
-12.982540593440683
-11.727188386177412
-10.48138596122269
-8.259537463889519
-11.776556441157215
-10.092634929652892
-10.022490797029695
-10.707183648959857
-10.82365063424592
-12.758478345149761
-12.186950634245921
-12.842581022732302
-12.524755220888794
-12.440028979618095
-12.440028979618095
-12.161752207263273
-9.30303478652939
-11.379175379970073
-10.340666834711383
-10.798452207263272
-11.316794193088706
-10.82365063424592
-11.049724196959199
-10.501059943723911
-12.300069408909714
-11.591025269602579
-12.240812628577952
-11.97320413885318
-12.092015973410756
-12.213269352323792
-12.213269352323792
-12.213269352323792
-13.222605806911293
-8.276023178573704
-10.968781186881367
-6.512870634884499
-7.9134847186536
-12.982540593440683
-12.092015973410756
-12.070483648959858
-11.39700604785466
-9.11090922284111
-13.888055220888795
-9.983863601998419
-9.953494193088705
-8.276023178573704
-11.739149877185833
-12.04970700255306
-8.317535385707911
-8.346194920843928
-11.90546478266817
-10.686407002553057
-10.276012809464353
-10.439575159235085
-9.387761027800089
-9.115805369892426
-9.82613240970703
-9.573469408909714
-9.897063545412497
-8.370201195641764
-8.47245983592982
-9.272270793355036
-10.496005806911294
-10.15627368627999
-9.733501195641763
-12.742475379970074
-12.092015973410756
-12.114361027800088
-12.247618147956493
-11.955528985484998
-12.092015973410756
-12.114361027800088
-12.480877842048564
-12.300069408909714
-13.618380154311396
-9.771440599307587
-8.487201020622267
-9.380835873802257
-10.255940593440684
-12.383598331941887
-9.664218832004789
-9.92324055721603
-13.036514489809047
-11.379175379970073
-11.97320413885318
-12.186950634245921
-12.04970700255306
-12.240812628577952
-12.2697
-9.675217420733883
-9.845546400351978
-8.72652287729498
-13.081090194132038
-12.365923178573704
-9.713428979618095
-7.366459179532446
-8.350128979618095
-9.024758014174568
-7.446591227686604
-10.400523183364943
-9.625553402905037
-12.842581022732302
-10.968781186881367
-8.590194193088706
-9.622402182727537
-7.090564386755876
-6.954234264987029
-10.9064
-10.085611613822588
-11.234044827334627
-11.038517420733882
-6.649988500605423
-8.444034841467765
-9.195086993792662
-10.015875379970074
-11.938366228225975
-11.889675215821008
-9.76853092713696
-13.803328979618096
-12.081151931589908
-10.56466987859576
-9.015639122214262
-12.440028979618095
-7.549412809464354
-7.071555220888794
-9.48666935232379
-8.804765016727627
-11.316794193088706
-11.208846400351979
-11.727188386177412
-8.760523172706801
-8.311917420733883
-9.363227158839628
-10.015875379970073
-9.899520296720342
-9.544493010547093
-9.711331278485968
-11.488441824479928
-10.02918096614638
-10.246154029018527
-10.60990413885318
-11.161455220888794
-12.213269352323792
-12.680094193088705
-8.460449816281793
-10.548600429370504
-10.783832361574667
-10.88603182112729
-11.938366228225975
-12.029634786529389
-9.769780694662563
-6.010701621240773
-8.98308739773685
-12.2697
-11.999245642159693
-12.033992658554459
-10.686407002553057
-7.692737006423551
-11.260363545412497
-12.891272035137268
-6.846869408909714
-8.403803043884377
-8.700515029752404
-9.163075215821008
-9.08183180099921
-8.928226544176464
-9.184464038775491
-8.402507949673836
-8.458076772354822
-12.818910193136322
-9.926244335117905
-8.283030049311837
-9.024758014174568
-12.186950634245921
-12.480877842048564
-9.143761755555312
-12.894665016727625
-12.982540593440683
-12.793992525030593
-12.791128801589517
-10.164672035137269
-12.742475379970074
-8.892640593440683
-8.236211405907376
-9.114758685831205
-8.945235215899894
-7.772214446739642
-10.46290437024631
-10.828821616172986
-11.921686993792662
-11.511292800703956
-11.816486647597054
-10.66372073653789
-12.827961177043699
-12.48051973098404
-12.989488729625206
-8.862851701224468
-8.317535385707911
-6.468486993792662
-9.713428979618095
-12.255256314288975
-11.859305806911294
-12.2697
-11.52797203513727
-11.316794193088706
-8.46970012873643
-9.135128392606198
-12.231303446998618
-8.311917420733883
-9.953494193088705
-9.817176144397237
-11.52797203513727
-8.854429034556471
-9.953494193088705
-9.897063545412497
-10.707183648959857
-11.076728979618094
-11.39248096614638
-11.660089455871152
-9.817176144397237
-7.262144904992016
-12.812211613822589
-11.859305806911294
-12.2697
-11.859305806911294
-9.460350634245922
-11.463901621240772
-10.227053222018636
-11.874295814329479
-11.316794193088706
-7.769405806911294
-10.147992800703957
-9.496621107340728
-9.261134283205779
-12.125971803533101
-9.264823227645177
-10.115981022732303
-7.872635856223131
-8.15943182112729
-7.871227832569822
-7.170463545412497
-12.866426137886487
-12.186950634245921
-13.200809222841109
-8.277767137617149
-12.463229396124385
-8.590194193088706
-10.363888386177411
-9.694014988973146
-9.628965940693218
-11.511292800703956
-10.82365063424592
-10.798452207263272
-10.849969352323791
-8.442090135488412
-8.638276528416293
-9.522731821127289
-9.754277842048563
-12.565766763267307
-12.701188106807114
-11.892329909004307
-12.179277865953933
-8.737301621240773
-10.558386993792661
-6.708552207263272
-9.642816248688884
-9.635850595791082
-10.400523183364943
-10.164672035137269
-8.350128979618095
-8.98000611073898
-11.955528985484998
-12.680094193088705
-12.010220795884441
-7.334368516254276
-13.025507789677103
-10.070991768133984
-10.276012809464353
-9.410982579266117
-11.2347331372762
-9.79536568944901
-10.124297210972365
-7.894899587397284
-6.39148596122269
-8.30091883200479
-9.953494193088705
-10.217729034556472
-10.877512628577954
-12.010220795884441
-8.752681022732302
-8.628721608831398
-10.877512628577954
-9.605481186881368
-8.094481980901746
-11.18943240970703
-13.273584947693832
-9.195086993792662
-7.699669573058779
-9.435152207263272
-10.728715973410758
-11.049724196959199
-11.62919164561697
-10.4721451657345
-11.78956957305878
-9.30303478652939
-11.448911613822588
-11.599826602795735
-8.63956224806851
-8.181204880032421
-7.949685838705675
-8.434855220888794
-10.877512628577954
-12.092015973410756
-12.2697
-12.070483648959858
-11.463901621240772
-11.816486647597054
-13.225573600930646
-13.168872538238467
-11.824806320795833
-8.43942724103774
-8.435766804852056
-6.018818314137385
-7.405170589579465
-8.703375294576828
-10.388058014174566
-9.798155220888795
-13.09048838617741
-9.376483093150656
-10.09027370755367
-11.076728979618094
-12.2697
-8.390977842048564
-12.332081186881368
-13.39293478652939
-9.625553402905037
-9.27184001041383
-7.567719535472751
-6.64067514995729
-12.014822427860004
-8.099630480014735
-12.332081186881368
-12.401817420733883
-13.400882203402054
-11.18943240970703
-12.010220795884441
-8.569826014215995
-8.809891227686604
-9.422944070274538
-7.865628985484999
-8.883825438042306
-10.90119143665179
-9.27184001041383
-11.04409429399595
-11.938366228225975
-10.803406827533562
-9.845546400351978
-10.131770589579466
-10.413256441157214
-11.938366228225975
-9.996461389325127
-10.510995814329478
-11.802875159235086
-11.991423227645177
-7.908543755001881
-11.260363545412497
-9.163075215821008
-9.211766228225974
-10.9064
-7.257263601998419
-10.64692079588444
-9.713428979618095
-10.439575159235085
-11.316794193088706
-7.485921403116622
-10.429947096544353
-9.754277842048563
-9.845546400351978
-11.28960088195594
-11.002623178573705
-10.82365063424592
-12.56447613591988
-11.97320413885318
-10.318321780322053
-12.873771046696707
-8.044873351964807
-11.002623178573705
-8.633161389325126
-11.161455220888794
-11.038517420733882
-10.983677496930962
-8.044873351964807
-10.75106102780009
-11.382852903455646
-7.6918274230842805
-8.317535385707911
-7.93973478652939
-8.497236407770163
-8.722311613822589
-8.390977842048564
-13.09048838617741
-8.923010002350397
-10.66633478652939
-11.113363776805626
-7.7843958143294785
-10.849969352323791
-9.408619008593606
-6.01834138746106
-12.070483648959858
-12.186950634245921
-12.092015973410756
-12.161752207263273
-12.910178751439737
-11.003320145890418
-12.827961177043699
-10.085611613822588
-12.2697
-9.754277842048563
-13.233058829161887
-11.720167420733883
-12.468364242402867
-9.230672944528443
-12.891272035137268
-9.186920330975193
-10.236526602795736
-9.401584387220742
-9.48666935232379
-9.033455999920847
-9.147695814329479
-9.897063545412497
-8.862851701224468
-8.72652287729498
-11.379175379970073
-12.888739998489179
-12.2697
-11.609454029018526
-8.590194193088706
-8.024461027800088
-8.539170648446254
-8.561306821666658
-10.877512628577954
-10.48138596122269
-11.859305806911294
-12.401817420733883
-11.944145919452117
-9.690207428152068
-10.421029948888616
-11.84468596122269
-12.070483648959858
-12.04970700255306
-7.257263601998419
-12.524755220888794
-8.097050634245921
-11.820909253909914
-10.66633478652939
-8.150912628577952
-10.60990413885318
-9.798155220888795
-10.255940593440684
-10.085611613822588
-12.092015973410756
-13.222605806911293
-12.419470147493962
-12.071330073217208
-13.35103428320578
-10.628123227645178
-12.2697
-12.2697
-12.186950634245921
-11.41301737166241
-8.808177554515808
-9.120981192748273
-11.260363545412497
-11.619240593440683
-11.379175379970073
-8.822027862511472
-9.543099999999999
-8.533763545412496
-8.672647595993743
-8.988863772014389
-10.296789455871153
-11.448911613822588
-7.356132267413366
-10.9064
-9.306995160273546
-10.373438168485963
-11.002623178573705
-9.713428979618095
-10.375849877185832
-10.686407002553057
-11.991423227645177
-11.830418435489246
-8.55013528897046
-8.977366834711383
-11.379175379970073
-8.590194193088706
-8.181204880032421
-8.912712809464354
-7.170463545412497
-13.034057738501202
-9.089886647597055
-10.592228985484999
-10.276012809464353
-10.9064
-7.071555220888794
-7.1189464003519785
-8.453862035255622
-8.590194193088706
-7.9015232276451774
-6.681574294799308
-8.317535385707911
-10.968781186881367
-9.544493010547093
-10.08984523896512
-8.72652287729498
-9.996461389325127
-10.728715973410758
-12.982540593440683
-12.982540593440683
-11.287906821666658
-8.955021780322053
-8.002115973410758
-10.181834792396293
-9.27184001041383
-10.08984523896512
-10.226114167631177
-9.675217420733883
-8.181204880032421
-7.908543755001881
-10.907882037487667
-8.482246400351977
-12.94990590781854
-8.72652287729498
-6.684382579266117
-9.152267834478424
-8.507444827334627
-8.752681022732302
-11.04409429399595
-10.936769408909713
-8.707691768133984
-11.316794193088706
-11.456359179532447
-10.75106102780009
-9.845546400351978
-9.211766228225974
-5.881628287763533
-12.680094193088705
-8.210169408909714
-7.963082660519297
-9.076275159235085
-9.68266498644374
-12.010220795884441
-10.968781186881367
-12.021792636554892
-9.845546400351978
-10.186204359588169
-12.921641444046983
-11.463901621240772
-12.9351494139775
-13.327600607655373
-13.293267879368697
-13.050429482059165
-10.907882037487667
-9.675217420733883
-8.482246400351977
-7.686656441157215
-7.511552260336789
-9.037223183364942
-8.330714988973147
-9.875915809261691
-8.784692800703956
-10.015875379970073
-9.953494193088705
-9.754277842048563
-9.460350634245922
-9.865618616375647
-9.953494193088705
-8.047682579266116
-8.80137203513727
-11.316794193088706
-8.898491465333567
-12.114361027800088
-9.713428979618095
-11.448911613822588
-11.84468596122269
-13.09048838617741
-8.379667990541508
-12.891272035137268
-9.365415973410759
-9.639323178573704
-12.010220795884441
-11.385790797029696
-11.097381823994027
-11.889675215821008
-11.299293204648142
-9.408170994885122
-8.507444827334627
-9.211766228225974
-12.572146400351977
-7.715672538238466
-7.539291645616971
-11.859305806911294
-8.317535385707911
-12.010220795884441
-8.112965447312414
-9.103818435489247
-9.514212628577953
-12.572146400351977
-13.023389455871152
-8.43942724103774
-10.217729034556472
-10.82365063424592
-9.037223183364942
-9.228928985484998
-7.3972231727068
-8.836209945764477
-7.4731791313418245
-8.80137203513727
-6.298158014174567
-12.933330445827378
-10.056724242400541
-12.540914179658417
-11.97320413885318
-12.623663545412496
-9.870744827334626
-12.2697
-10.965500991969545
-11.97320413885318
-9.68266498644374
-9.798155220888795
-8.69342424240054
-8.633161389325126
-9.543099999999999
-9.543099999999999
-10.9064
-11.256607741544741
-12.965039605000124
-9.413355623193087
-11.907548704590287
-12.982540593440683
-10.972741560625526
-12.611938931249474
-12.314580198440808
-12.48982622901117
-11.62919164561697
-11.739149877185833
-11.703966834711384
-7.359011613822588
-9.28362079588444
-11.161455220888794
-11.39248096614638
-13.986963545412497
-8.276720145890419
-12.010220795884441
-12.04970700255306
-12.821911840463592
-8.533763545412496
-7.807617365795506
-12.680094193088705
-12.401817420733883
-12.623663545412496
-13.39293478652939
-11.619240593440683
-12.2697
-12.029634786529389
-11.208846400351979
-12.953653222018637
-7.257263601998419
-13.034057738501202
-13.02338945587115
-11.371722880333547
-12.680094193088705
-12.863190754605126
-9.132705806911295
-13.014991107013874
-13.21818182368453
-12.642252795934073
-13.117130141637404
-11.675621903700325
-11.161455220888794
-12.680094193088705
-12.812211613822589
-13.09048838617741
-12.753765965901405
-13.783914988973146
-12.213269352323792
-11.929967879368697
-11.599826602795735
-12.300069408909714
-11.763823183364941
-12.896368827017602
-12.114361027800088
-11.938366228225975
-12.240812628577952
-13.04164158541023
-12.092015973410756
-12.213269352323792
-12.2697
-12.079432035922464
-10.9064
-10.9064
-10.227053222018636
-11.097209663175851
-12.21273134804581
-12.926109945764475
-12.029634786529389
-12.240812628577952
-12.539044963686996
-10.015875379970073
-11.987182918583738
-12.90323352614569
-9.543099999999999
-12.680094193088705
-12.79255893191572
-11.860789964254984
-11.621019484114404
-12.240812628577952
-12.092015973410756
-11.751358014174567
-12.010220795884441
-12.440028979618095
-12.161752207263273
-12.240812628577952
-8.612116976307782
-12.168700343447796
-9.251649228016179
-12.010220795884441
-13.09048838617741
-11.991423227645177
-11.859305806911294
-10.558386993792661
-13.354723227645177
-12.40329945822155
-9.680047668843821
-10.82365063424592
-11.002623178573705
-12.655670792705115
-12.812211613822589
-12.029634786529389
-12.186950634245921
-12.186950634245921
-12.440028979618095
-12.572146400351977
-12.812211613822589
-12.480877842048564
-11.366162248068509
-11.830418435489246
-11.90546478266817
-12.953653222018637
-14.430566834711383
-12.000747415107343
-12.174217376453647
-12.572146400351977
-11.955528985484998
-12.161752207263273
-12.300069408909714
-11.97320413885318
-12.300069408909714
-12.365923178573704
-11.921686993792662
-11.921686993792662
-12.240812628577952
-12.114361027800088
-12.83484138746106
-12.979594929001745
-12.04970700255306
-12.092015973410756
-11.161455220888794
-11.553906414566669
-12.137582579266116
-12.742475379970074
-12.365923178573704
-11.78956957305878
-12.2697
-11.219299422602571
-9.355521572968417
-11.595639629166302
-12.742475379970074
-11.874295814329479
-12.186950634245921
-12.918976441795794
-13.163490013285088
-10.352163772014388
-6.399628556494083
-6.5633573022917835
-6.740742182364853
-10.75106102780009
-13.340103381956572
-13.067266834711383
-12.524755220888794
-12.812211613822589
-12.365923178573704
-11.47154138746106
-12.137582579266116
-11.830418435489246
-11.616287601448036
-12.443989353362253
-12.365923178573704
-12.300069408909714
-6.599782660519296
-9.403919986569713
-8.047682579266116
-9.132705806911295
-6.391341570619078
-12.174721483480422
-9.941769578925683
-12.112542059649966
-12.694477256663705
-12.912804359588169
-12.20260106969374
-9.070916989931444
-6.781163266042198
-6.73015763174108
-12.213269352323792
-12.401817420733883
-6.592032360616773
-10.34638739773685
-8.245479655953817
-6.751254196925414
-7.165639016223556
-6.123496881289905
-11.910284947693832
-10.496005806911294
-7.585179463289338
-7.380105527540996
-7.6349248155049
-9.605481186881368
-7.472909945764476
-10.66633478652939
-13.222605806911293
-7.539291645616971
-6.708552207263272
-7.170463545412497
-8.892640593440683
-5.829094706973244
-10.255940593440684
-6.538223227645177
-8.602155684097127
-8.63956224806851
-7.781367297919716
-6.760069352323791
-6.206889455871152
-9.514212628577953
-9.1416541938739
-9.30303478652939
-6.1466266027957355
-7.359011613822588
-6.8165
-6.406105806911294
-11.591025269602579
-10.97539660394099
-13.067266834711383
-12.612995262782446
-10.439575159235085
-8.434855220888794
-10.628123227645178
-10.199509945764476
-10.849969352323791
-9.886395262782447
-10.00286224806851
-8.923010002350397
-10.276012809464353
-10.164672035137269
-9.374253057869572
-5.966824242400541
-6.576434786529389
-6.074772035137269
-6.9560649864437405
-7.637288386177411
-8.24879660394099
-9.573469408909714
-9.953494193088705
-9.754277842048563
-9.762797034597899
-7.3893810227323025
-8.342286829643596
-7.159795262782446
-6.99477639649076
-11.511292800703956
-11.002623178573705
-10.75106102780009
-12.114361027800088
-8.836209945764477
-9.195086993792662
-5.925975379970073
-6.634446406218882
-6.661161027800089
-12.668369578925683
-9.343883648959858
-10.849969352323791
-10.849969352323791
-9.387761027800089
-6.9560649864437405
-7.976369583716921
-7.071555220888794
-8.69342424240054
-6.553213235063363
-10.798452207263272
-9.57973479718753
-8.892640593440683
-8.66588096614638
-6.109609945764476
-10.798452207263272
-10.340666834711383
-9.070916989931444
-10.962238869848653
-7.159795262782446
-10.363888386177411
-10.66633478652939
-10.181834792396293
-11.479281022732302
-9.875915809261691
-11.328755684097127
-11.751358014174567
-11.639312809464354
-10.236526602795736
-9.82613240970703
-10.849969352323791
-10.628123227645178
-10.628123227645178
-9.618786773057675
-8.714956566851443
-9.109484255445267
-10.849969352323791
-10.798452207263272
-12.401817420733883
-11.282294706973245
-9.343883648959858
-10.467118435489247
-8.427612639236095
-7.006085104999562
-10.00286224806851
-7.7997752158210085
-7.712975159235086
-6.406105806911294
-10.388058014174566
-9.359545703961984
-9.195086993792662
-7.438072035137269
-6.892186773057675
-6.872338869848653
-6.377218435489247
-9.057729948888616
-10.558386993792661
-10.628123227645178
-8.134233394144642
-10.643113235063362
-9.22200406833094
-10.94303479718753
-8.1798
-9.144667297919716
-9.697847194372356
-9.024758014174568
-5.966824242400541
-8.533763545412496
-10.526375215821009
-6.010701621240773
-9.175673003147715
-7.732120086631968
-7.291912683516331
-11.228918616375648
-9.519878448533971
-7.149315809261692
-8.242181186881368
-8.210169408909714
-9.48666935232379
-8.768470589579465
-8.123369352323792
-10.340666834711383
-10.467118435489247
-6.436475215821008
-8.752681022732302
-10.413256441157214
-7.404051508465895
-6.8165
-5.681540599307588
-9.705586829643597
-9.771440599307587
-9.098206320795832
-9.378721559587065
-9.61209660394099
-9.57973479718753
-7.361820253650936
-9.679451045876416
-9.27043745689118
-8.588786731975965
-9.163075215821008
-5.912962248068509
-11.859305806911294
-10.181834792396293
-7.225490275993837
-6.273988386177411
-11.619240593440683
-8.854429034556471
-8.873226602795736
-10.318321780322053
-7.289275379970073
-5.966824242400541
-10.056724242400541
-11.316794193088706
-10.340666834711383
-11.117577842048563
-8.642142093837325
-9.503041095881754
-10.526375215821009
-11.463901621240772
-10.798452207263272
-10.466447910098191
-9.076275159235085
-8.269098261419645
-8.334547194372355
-7.637288386177411
-8.955021780322053
-6.617283648959858
-6.898953402905038
-7.099532409707031
-11.218797452528264
-9.00058838617741
-11.239215809261692
-9.425365642841115
-6.679664835841227
-11.038517420733882
-10.100601621240774
-10.66633478652939
-9.024758014174568
-8.452457508135764
-8.588786731975965
-10.628123227645178
-10.217729034556472
-11.260363545412497
-11.316794193088706
-9.918994706973244
-6.206889455871152
-8.752681022732302
-9.941769578925683
-10.056724242400541
-10.592228985484999
-8.197834094674828
-6.576434786529389
-7.980583648959858
-10.363888386177411
-8.722311613822589
-6.091934792396293
-6.538223227645177
-11.545134792396293
-11.703966834711384
-7.549412809464354
-8.555694706973243
-8.262253402905037
-10.413256441157214
-11.038517420733882
-12.029634786529389
-12.380020836663698
-13.39293478652939
-10.00286224806851
-11.038517420733882
-7.2388556840971265
-8.492197452528265
-8.46666461510624
-9.150739901586123
-8.651261120457775
-6.406105806911294
-10.318321780322053
-10.085611613822588
-6.250766834711383
-8.462832409707032
-11.639312809464354
-9.503041095881754
-10.526375215821009
-7.491129034556471
-7.980583648959858
-9.58606719623642
-7.838402410852285
-9.218571747604514
-10.849969352323791
-7.330124242400542
-6.166040593440684
-13.298292579968969
-11.859305806911294
-9.48666935232379
-6.919730049311836
-11.562809945764474
-9.816659028929932
-9.886395262782447
-9.48666935232379
-6.377218435489247
-10.66633478652939
-8.51993190529916
-10.849969352323791
-6.941262373762737
-10.413256441157214
-12.680094193088705
-8.150912628577952
-9.543099999999999
-6.708552207263272
-6.406105806911294
-11.681621780322052
-10.558386993792661
-7.858359939482437
-7.344391768133985
-7.374001621240773
-6.250766834711383
-10.707183648959857
-9.83575983592982
-10.070991768133984
-6.502328985484999
-8.311917420733883
-9.48131118302015
-8.390977842048564
-12.926109945764475
-10.995698261419642
-12.2697
-11.545134792396293
-11.889675215821008
-10.318321780322053
-8.47245983592982
-9.024758014174568
-8.269098261419645
-8.955021780322053
-9.58606719623642
-11.208846400351979
-10.085611613822588
-10.015875379970073
-9.83575983592982
-9.845546400351978
-7.865628985484999
-8.578469578925683
-7.570189455871152
-6.8165
-10.276012809464353
-10.798452207263272
-11.316794193088706
-11.08467639649076
-11.776556441157215
-11.448911613822588
