-7.2586987815329
-7.054496573647127
-7.43285104164623
-7.038776880366715
-8.0505313754623
-7.584854237427175
-9.959444732293866
-8.190855948644016
-8.45665749800238
-9.144667297919716
-6.9617127908003384
-8.257171194299554
-8.055310042784775
-7.160324136124605
-8.225319241856518
-7.604578995657409
-7.580857738501202
-7.054939245568442
-7.789886490469052
-6.9617127908003384
-8.933489455871152
-7.907141192619206
-8.566972641622678
-9.58606719623642
-7.634479158876101
-7.3273115356039495
-7.634479158876101
-8.60242157278432
-8.334547194372355
-8.1798
-8.31712086372991
-8.752385059883261
-7.995140061582261
-7.795980055016035
-7.634479158876101
-7.35028768866329
-7.634479158876101
-7.549412809464353
-11.054705471756506
-7.831786993792662
-8.1798
-9.132705806911295
-7.976789643094014
-8.717887630595825
-7.87759047649342
-8.24879660394099
-6.82245053920516
-11.179019974542472
-7.661458014174567
-8.57515859775326
-8.616056114204705
-7.907141192619206
-7.359011613822588
-6.8854966039409895
-8.42581575267577
-8.334547194372355
-7.836078597569055
-8.793290655608264
-6.828461491008421
-7.980583648959858
-8.420457583372128
-7.27626224806851
