-8.278041866968616
-8.230801637197265
-9.343883648959858
-9.514212628577953
-8.352901906119213
-9.701704365455072
-9.037223183364942
-7.314356932474174
-8.8452494139775
-9.365415973410757
-11.038517420733882
-8.047682579266116
-8.656993922199481
-8.889973510525397
-7.73842289063953
-8.15924161282583
-11.24626957838785
-11.466323624719687
-11.821532522746422
-9.323107002553058
-8.35529636916701
-8.212079159178552
-10.15627368627999
-10.801635207443171
-9.924150163005288
-9.42368379115483
-9.521291520148578
-9.103818435489247
-11.207001928132279
-9.644031452904862
-7.867372944528443
-6.401681823684531
-8.51492382442333
-7.799628013052483
-6.944928476294485
-10.42539663899717
-8.390977842048564
-9.605481186881368
-9.7492375660329
-9.543099999999999
-10.085611613822588
-7.636586427629977
-9.639323178573704
-10.085611613822588
-7.786057575233887
-7.980583648959858
-8.482246400351977
-7.985017242427543
-7.5568980654824625
-8.758049458892812
-8.5482794141924
-9.612096603940989
-9.811978580309448
-11.105024573212585
-6.131541107325222
-8.485205698389898
-9.605481186881368
-8.978105658354032
-8.775882434538161
-8.869941057640329
-11.088813793616673
-9.733501195641763
-10.062390062356561
-10.04971737166241
-8.55013528897046
-7.740518435489247
-10.00613301796294
-8.533807587225644
-8.923010002350397
-10.292925522938209
-7.317570973564566
-8.752681022732302
-9.455418089782267
-9.64805523508787
-8.69006761799335
-9.861285610861891
-7.848466228225974
-8.944157738501202
-10.317226361568919
-8.242181186881368
-11.590353222018637
-9.43762433472611
-9.589258975756877
-10.891780154311396
-10.674282203402054
-11.125289802039692
-8.58197301429475
-9.905284631823402
-8.080208741353763
-10.617280670681996
-11.068886829643597
-10.535041661895532
-7.712975159235086
-9.592468054979804
-9.132705806911295
-10.71970544080625
-11.619240593440683
-12.314580198440808
-11.924985462865113
-8.139741095881753
-11.371333229995574
-8.707691768133984
-10.987682369599614
-12.716728990276236
-11.139110166499464
-9.20503804596895
