-7.405170589579465
-5.875555684097127
-10.66633478652939
-8.706589080330497
-11.603130625531096
-8.482246400351977
-7.594772325380294
-8.27732784093271
-8.195806507850302
-7.438072035137269
-10.246154029018527
-9.543099999999999
-7.591721780322053
-13.39293478652939
-9.935993204648144
-8.896355715991714
-11.448911613822588
-8.123369352323792
-5.863594193088706
-6.576434786529389
-5.863594193088706
-6.628049811185307
-8.53622029672034
-6.387169487665535
-9.264823227645177
-7.529340593440684
-7.036197034597899
-8.830646978376077
-10.226114167631177
-7.461816389094456
-6.217557738501203
-5.863594193088706
-9.92885098600325
-7.883304138853182
-8.183243225542716
-7.114529996157128
-8.646115898184487
-8.097169981433945
-9.029349141495294
-10.448452663077497
-5.879495862563475
-7.299680662779183
-8.611481339648718
-7.472918067180196
-11.049396917909327
-7.040503043884376
-7.529340593440684
-6.6304086828977535
-7.421392800703957
-6.349675159235085
-8.216359686124173
-8.713626221192301
-7.887977672136674
-9.897063545412497
-7.6732538707723705
-7.528354625407371
-8.346194920843928
-9.959444732293866
-9.645103228776845
-8.590194193088706
-9.037223183364942
-7.570189455871152
-6.508017204450002
-9.794911260937516
-8.928910799455847
-7.438072035137269
-8.710278662558752
-5.839334394164704
-6.786206275179657
-6.998790470626516
-7.25168088593294
-6.967723200175989
-6.6388159734107575
-11.260363545412497
-11.619240593440683
-7.673923183364942
-9.205707434018972
-7.681530230198237
-12.440028979618095
-9.22120205922235
-7.769405806911294
-8.123369352323792
-8.892640593440683
-7.5195540290185265
-9.016300384243296
-7.232844732293866
-8.434855220888794
-8.1798
-11.340963821085861
-8.110209993284856
-7.226894193088706
-6.180524987015056
-7.446591227686604
-6.982894920843927
-7.614066834711383
-8.123369352323792
-7.559710002350398
-7.170463545412497
-9.0749310640672
-11.39248096614638
-7.836391080894073
-8.097050634245921
-12.629070648446254
-11.727188386177412
-12.850423172706801
-7.882291274578459
-6.78230892322642
-7.32311737166241
-12.623663545412496
-8.710291668600885
-6.820223782854928
-10.009333062937358
-7.914432275443161
-6.576434786529389
-7.776853372621152
-9.589258975756877
-8.487201020622267
-9.382590547276088
-11.08870417064427
-8.104571123101035
-7.742733586607838
-8.218345826545049
-7.712975159235086
-10.82365063424592
-10.04279245450835
-9.338599408729193
-10.72167755946541
-6.3363695730587795
-8.002115973410758
-6.7276579867053785
-6.332435514284611
-8.311917420733883
-7.053612221477963
-10.87050575783982
-9.626532815012542
-6.206889455871152
-7.920320795884441
-9.178864782668171
-7.883304138853182
-8.434855220888794
-8.1798
-6.787612628577953
-9.78336140286778
-7.1189464003519785
-7.574859835297202
-7.848466228225974
-10.373761208562607
-6.049926137886488
-8.507444827334627
-9.836975594655327
-7.292583088499884
-10.936769408909713
-9.618786773057675
-9.913693971994249
-8.995870642752521
-7.006901195641763
-9.58606719623642
-6.323356441157215
-7.699669573058779
-6.912723178573704
-10.81277256998414
-10.918855091512253
-7.041368016524965
-6.4851662282259745
-8.323124196959197
-9.890875206542976
-7.769405806911294
-6.661161027800089
-11.660089455871152
-6.543840071898324
-7.770808453466987
-8.386763776805626
-9.697847194372356
-8.47733289773629
-11.218797452528264
-11.100898607615251
-10.592228985484999
-6.406105806911294
-6.576434786529389
-6.963607428152068
-8.283030049311837
-5.4532
-10.279288467430591
-10.033909474644902
-7.477403787039955
-8.425367381834821
-9.138656346116454
-11.495070589579464
-9.816659028929932
-7.498149561913176
-10.496005806911294
-9.875915809261691
-10.102121708512662
-7.034627975112228
-7.455234792396293
-7.359011613822588
-11.545134792396293
-10.682337751709076
-8.69342424240054
-11.016720836663698
-9.47600106969374
-10.030528119553916
-8.189349782308552
-8.524153482308439
-10.968781186881367
-7.980583648959858
-8.892640593440683
-11.218797452528264
-8.203353205591473
-10.199509945764476
-10.129375143288913
-9.695261147663237
-11.04706604375143
-11.1260970345979
-8.958540802076202
-6.8165
-10.968781186881367
-6.091934792396293
-6.617283648959858
-6.9560649864437405
-11.727188386177412
-10.839301069693741
-10.968781186881367
-7.865628985484999
-5.692082248707088
-9.865618616375647
-5.483569408909714
-6.986828979618095
-10.6027706348845
-7.089160323251182
-11.599826602795735
-9.675217420733883
-10.185327862511473
-9.078972538238466
-10.82365063424592
-9.675217420733883
-7.769405806911294
-9.675217420733883
-6.9528301749580095
-6.9528301749580095
-9.103818435489247
-7.405170589579465
-11.545134792396293
-8.290120836663698
-7.661458014174567
-12.069765722053011
-7.225490275993837
-11.830418435489246
-10.439575159235085
-8.854429034556471
-7.908970793355036
-10.592228985484999
-9.034809029925546
-9.675217420733883
-12.170091824479929
-9.543099999999999
-8.620293904839032
-8.175669922794253
-7.283384051092197
-7.675121007926204
-7.255399775273558
-6.592437751709077
-8.723793651310256
-9.662541124353544
-9.435152207263272
-11.117577842048563
-9.953494193088705
-8.366131944797782
-10.798452207263272
-9.48855622652274
-6.8165
-6.271180101710602
-6.407510093463798
-6.543840071898324
-12.114361027800088
-6.617283648959858
-6.680170193667171
-12.114361027800088
-11.921686993792662
-7.823295995898784
-6.680170193667171
-5.99851995620652
-7.245294632211962
-11.366162248068509
-10.347538172962446
-10.296789455871153
-10.66633478652939
-11.353428990276235
-11.660089455871152
-11.009630049311836
-11.619240593440683
-11.830418435489246
-10.131770589579466
-10.496005806911294
-10.236526602795736
-8.836209945764477
-8.443110448356995
-10.033909474644902
-6.407510093463798
-10.783832361574667
-12.332081186881368
-7.761466284406821
-9.235935856223131
-7.830801025759349
-8.022188189434427
-11.991423227645177
-11.511292800703956
-12.161752207263273
-10.707183648959857
-6.978986829643597
-7.0900590289299315
-10.9064
-13.114658014174566
-6.407510093463798
-6.407510093463798
-6.948617420733883
-7.225490275993837
-9.729431944797781
-5.655979493191285
-7.47088421721503
-8.298743421104884
-10.496005806911294
-9.598938869848652
-10.818524423286942
-11.316794193088706
-8.566972641622678
-7.472909945764476
-7.9015232276451774
-7.053612221477963
-6.576434786529389
-10.255940593440684
-8.652575379970074
-11.319167237015677
-8.979648431628029
-9.883231905299159
-8.192365956264782
-7.27626224806851
-7.289275379970073
-8.185750539205161
-11.406092454508348
-10.255940593440684
-11.991423227645177
-5.4532
-7.128897452528265
-6.436475215821008
-5.4532
-7.263528990276237
-6.933997575045279
-8.071852207263273
-7.036197034597899
-7.089160323251182
-11.316794193088706
-10.357654814794422
-11.729566204853516
-11.1260970345979
-9.57973479718753
-10.276012809464353
-11.921686993792662
-11.316794193088706
-10.496005806911294
-8.797998386880264
-11.379175379970073
-9.787324302996856
-7.724936650243508
-6.617283648959858
-8.024461027800088
-5.4532
-6.905798261419644
-8.523095262782446
-10.085611613822588
-6.933997575045279
-6.892186773057675
-7.614066834711383
-6.933997575045279
-10.496005806911294
-11.619240593440683
-14.345840593440684
-11.208846400351979
-10.930569627997155
-8.358877037136333
-11.58102903455647
-12.502119602731648
-10.146350431642016
-12.668369578925683
-12.213269352323792
-8.590194193088706
-7.815884909016699
-12.114361027800088
-11.991423227645177
-9.845546400351978
-9.924606821666659
-6.617283648959858
-7.170463545412497
-7.9015232276451774
-10.613503381956573
-11.156838893785636
-6.661161027800089
-8.035957965103094
-8.80137203513727
-12.161752207263273
-6.979766386921692
-7.686656441157215
-6.948617420733883
-8.1798
-6.834534094674828
-7.7997752158210085
-8.892640593440683
-9.543099999999999
-10.085611613822588
-7.907141192619206
-7.361820253650936
-11.683378676766042
-9.410982579266117
-6.978986829643597
-9.855497452528265
-10.126277397844444
-10.436890013285089
-8.124986304627397
-9.30303478652939
-10.413256441157214
-7.9717684935614805
-10.66633478652939
-10.63933000387049
-9.713428979618095
-6.802866995533672
-10.818524423286942
-6.911931026574563
-6.5983719060941235
-7.361820253650936
-6.680170193667171
-7.907141192619206
-6.543840071898324
-6.680170193667171
-8.561870970034427
-5.69921575267577
-6.824247425765484
-5.93928096614638
-7.036197034597899
-6.543840071898324
-8.492197452528265
-10.320518716672717
-7.215169578925683
-7.089160323251182
-7.770810686943716
-7.498149561913176
-7.351656566851442
-10.100601621240774
-9.68266498644374
-8.80137203513727
-10.75106102780009
-8.703375294576828
-10.413256441157214
-8.80137203513727
-10.53833670682943
-7.689011393359245
-7.089160323251182
-6.228421780322053
-8.722311613822589
-9.343883648959858
-6.406105806911294
-7.128897452528265
-7.928010172366368
-10.181834792396293
-9.450142214681458
-7.7997752158210085
-8.465704235873481
-11.859305806911294
-10.00286224806851
-10.236526602795736
-8.931378674073404
-10.526375215821009
-7.068828859967692
-7.487440090117073
-9.264823227645177
-11.562809945764474
-6.981719782514696
-9.479181419330951
-9.514212628577953
-9.72137639649076
-9.754277842048563
-7.591721780322053
-8.925091107013873
-7.374001621240773
-11.117577842048563
-7.472909945764476
-11.143512221477962
-9.71659515650651
-9.306995160273546
-9.823274445989554
-10.056724242400541
-9.070916989931444
-8.469555135089044
