-9.953494193088705
-10.363888386177411
-10.363888386177411
-10.9064
-10.9064
-10.9064
-10.9064
-10.9064
-10.9064
-10.363888386177411
-9.953494193088705
-10.9064
-9.953494193088705
-10.363888386177411
-9.755649140267025
-9.953494193088705
-10.363888386177411
-9.953494193088705
-9.874693263620825
-10.37765133685347
-9.613108844351201
-10.139540720627222
-9.763481800999209
-10.596103048195877
-10.349790197740187
-5.863594193088706
-10.170283529410694
-10.281699165970943
-10.413914312472627
-9.581785597149777
-9.843497694365233
-9.69753748050047
-9.598728417010369
-10.290438895411178
-10.071665540991606
-10.363888386177411
-10.363888386177411
-9.953494193088705
-10.9064
-10.9064
-10.363888386177411
-10.363888386177411
-9.258750198047844
-10.9064
-9.953494193088705
-10.363888386177411
-10.9064
-9.816252572289494
-10.9064
-10.9064
-9.503662315311091
-10.477195591019225
-10.089968067493182
-9.969972863029554
-9.896648803373521
-10.10687937281683
-10.363888386177411
-9.953494193088705
-9.953494193088705
-10.9064
-9.271323794020859
-10.9064
-9.953494193088705
-9.953494193088705
-9.628513517983906
-10.9064
-9.953494193088705
-10.363888386177411
-10.22475
-10.363888386177411
-9.953494193088705
-10.363888386177411
-8.024461027800088
-9.683424908140896
-9.962746722860876
-10.363888386177411
-10.9064
-10.9064
-10.363888386177411
-10.9064
-10.9064
-9.953494193088705
-9.953494193088705
-9.953494193088705
-10.363888386177411
-10.9064
-10.9064
-10.9064
-10.363888386177411
-10.363888386177411
-9.953494193088705
-10.363888386177411
-10.9064
-10.363888386177411
-9.953494193088705
-10.363888386177411
-9.953494193088705
-9.953494193088705
-10.9064
-10.9064
-9.953494193088705
-10.9064
-10.9064
-9.953494193088705
-9.953494193088705
-10.9064
-10.363888386177411
-10.363888386177411
-9.953494193088705
-10.363888386177411
-10.9064
-10.363888386177411
-9.953494193088705
-10.363888386177411
-10.363888386177411
-10.9064
-10.363888386177411
-10.9064
-10.363888386177411
-10.9064
-10.9064
-10.9064
-10.9064
-10.9064
-10.9064
-10.363888386177411
-10.9064
-9.953494193088705
-10.9064
-10.363888386177411
-10.363888386177411
-9.953494193088705
-10.9064
-10.9064
-10.9064
-10.9064
-9.953494193088705
-10.9064
-9.953494193088705
-10.363888386177411
-9.953494193088705
-9.953494193088705
-9.953494193088705
-9.953494193088705
-10.9064
-10.9064
-9.953494193088705
-10.363888386177411
-9.953494193088705
-9.953494193088705
-10.363888386177411
-10.363888386177411
-10.9064
-10.363888386177411
-9.953494193088705
-9.953494193088705
-10.363888386177411
-10.363888386177411
-9.953494193088705
