-6.708552207263272
-11.6207465032487
-11.989020194699279
-11.422916836260757
-11.399107526062553
-11.568013773096743
-12.417245676690415
-12.450458248664416
-9.639821069440298
-12.322374191558893
-12.661729432390434
-6.793278448533972
-11.812826914252021
-10.428812772321873
-12.189988089928676
-10.844414802754496
-10.967799681095505
-12.434118687842611
-12.774072338379973
-12.104033114112987
-11.400508077033033
-6.804775385836977
-9.246245415020834
-9.723380031794381
-10.374642794877461
-12.524755220888794
-11.776556441157215
-11.121822115902297
-11.141815409421161
-9.548266255307137
-9.44051598326669
-12.466442781475257
-12.512740483073191
-11.2768128701459
-11.74745652790564
-10.74940284358951
-11.258387577888728
-7.094776772354822
-12.663963683249179
-12.067478173058227
-11.290100635431223
-10.313441690088261
-10.61589742587861
-8.436612121200271
-10.206942223160464
-9.48157794295581
-11.042229493502635
-10.581871747604513
-9.52584786894793
-10.404218129177735
-9.169264776154328
-10.17667168273779
-9.817381240013862
-11.859305806911294
-10.450223546335067
-9.97336228097135
-8.863160101996982
-8.47733289773629
-11.830418435489246
-7.3459823931812736
-11.870554800384674
-7.226894193088706
-11.379175379970073
-10.950189806932007
-9.408623707553671
-8.097050634245921
-10.265027668689006
-7.747038824273699
-6.982894920843927
-9.695249763791825
-6.878881186881368
-12.300069408909714
-12.137582579266116
-11.34716360199842
-10.124613131019023
-11.825668377980966
-11.024894258758064
-9.191743551834708
-11.378919656151478
-9.132705806911295
-7.071555220888794
-7.583014657706965
-9.62216042131468
-10.849969352323791
-7.067018235721202
-10.525336351753248
-7.951696277537811
-10.242284252711952
-8.949564841534958
-9.535515828624995
-11.18943240970703
-11.65291894992544
-9.680831649979885
-12.166579893863396
-11.24133068547609
-12.365923178573704
-6.9987415877320736
-11.279880636807063
-10.562991080894072
-8.641809217744623
-7.356132267413366
-10.029854159700632
-11.538468873279658
-10.453186647597056
-9.473890287895992
-10.121459602034289
-9.670426260027334
-11.260363545412497
-9.748297096544352
-9.132705806911295
-13.663533463684534
-10.66047247944788
-10.347085828753942
-12.27267526960258
-9.634245235313259
-12.050136349797612
-11.976845623659498
-11.7607567982942
-10.291549729110773
-10.20196669707232
-10.09501039794222
-12.050059217744623
-13.143078081583646
-13.533391824479928
-10.22475
-8.049583303828339
-10.686407002553057
-10.467118435489247
-9.049956441157216
-10.217144188241921
-10.27703450715909
-11.166027241037739
-10.847284206373793
-8.024461027800088
-7.740518435489247
-7.509926602795735
-6.576434786529389
-10.637009166568994
-11.628478139761945
-11.222638597306359
-10.670295160273547
-10.570785740411893
-11.52797203513727
-11.170634841467766
-10.204012428809907
-10.70930198276581
-7.309347595993743
-12.245281117814141
-11.535248553366607
-12.399365738410168
-11.862281076513874
-9.548959938796315
-6.8165
-6.576434786529389
-10.707183648959857
-9.645795601529974
-10.292664746751317
-10.987663661107591
-9.165380297361654
-11.457285067687417
-11.962469753874911
-10.363888386177411
-10.056724242400541
-11.463851560551069
-11.653535970970877
-7.226894193088706
-10.22475
-7.815564782668171
-12.133930067027496
-11.875717392200617
-7.686656441157215
-12.742621607107445
-10.197883365663586
-12.549591609078709
-11.588049999999999
-11.880430448013966
-11.708005842090701
-12.02806011880821
-7.216797114083751
-10.82365063424592
-10.595722055600177
-10.803406827533562
-12.766049168904395
-12.549591609078709
-12.300069408909714
-11.562809945764474
-13.222605806911293
-7.3972231727068
-7.381641387461061
-8.482246400351977
-7.824107166963028
-12.684388114464413
-12.753192815862834
-12.338771925555925
-11.78956957305878
-12.240812628577952
-9.583209232518945
-11.453667702421452
-11.448911613822588
-10.877512628577954
-11.303663276098895
-7.002831944797782
-10.44362585006693
-8.38174617332511
-7.916892891163052
-9.972750318470172
-10.20763923137369
-9.655206882262974
-12.010220795884441
-11.121822115902297
-11.234044827334627
-11.670757738501202
-10.987643414821799
-9.228928985484998
-10.47994363732506
-9.602200991969546
-10.588756402702376
-11.088690470626517
-10.781430436709803
-10.988853402905038
-11.609454029018526
-10.067392525030591
-8.093022819429509
-8.188748386962605
-10.339529324914464
-10.628123227645178
-9.844339635606206
-11.763823183364941
-10.227053222018636
-11.545134792396293
-9.722577763829925
-11.703966834711384
-8.848354542903065
-11.605416256477266
-10.968781186881367
-7.9015232276451774
-7.848466228225974
-11.038517420733882
-10.628123227645178
-9.964759872679988
-9.993286723986202
-9.595694622459211
-10.849309510179403
-8.228783568808574
-9.779329188253614
-11.802875159235086
-10.311779463289337
-11.830418435489246
-12.250224405602133
-9.29910072775522
-9.178864782668171
-13.343379432390433
-13.439887717454225
-8.058436987966168
-10.34638739773685
-10.611701025413506
-10.555106798880841
-9.683790245573412
-9.331330380123882
-11.816486647597054
-11.065004365455072
-9.353476411462772
-11.359761389325124
-9.848514194371331
-11.287906821666658
-8.85230508400688
-12.092015973410756
-12.2697
-9.527037830413766
-10.724346406218881
-8.846617316781984
-11.87856366906174
-8.245479655953817
-11.991423227645177
-10.660443457651514
-11.955528985484998
-8.523095262782446
-9.274147415107343
-11.955528985484998
-11.715463772014388
-12.680094193088705
-8.732689313426024
-11.04596498644374
-11.299293204648142
-10.933661403519878
-11.08467639649076
-7.438072035137269
-8.1798
-7.769405806911294
-7.1189464003519785
-11.18943240970703
-9.343883648959858
-8.071852207263273
-11.451513335320602
-12.02806011880821
-9.343883648959858
-9.323107002553058
-9.471003276753969
-7.302580966146381
-7.085543815297912
-7.799335996814866
-8.409884558351033
-7.405170589579465
-8.434855220888794
-6.406105806911294
-11.619240593440683
-8.1798
-7.529340593440684
-8.390977842048564
-6.206889455871152
-10.296789455871153
-8.123369352323792
-8.462832409707032
-8.47245983592982
-9.531375385836979
-10.0915923593268
-9.994312849220123
-11.487175806155884
-10.628123227645178
-10.824649109912732
-9.219554439254084
-11.321960966926609
-12.200344107044458
-11.588346184950758
-9.01740296720342
-8.123369352323792
-9.450142214681458
-10.015875379970073
-8.123369352323792
-10.456179707340176
-8.123369352323792
-10.558386993792661
-8.168075385836978
-11.87852695473012
-11.076728979618094
-12.2697
-12.325538869848652
-8.123369352323792
-8.661857800040089
-8.836209945764477
-9.00058838617741
-11.998444193088705
-8.1798
-11.84769503117828
-10.457216614997787
-10.059914520214702
-11.958483439490058
-11.615935271677444
-11.60762981770767
-11.540056849135848
-12.963126602795736
-10.78538224482281
-10.761036738620327
-7.686656441157215
-8.024461027800088
-8.203969627997157
-8.203969627997157
-9.27043745689118
-9.82613240970703
-7.831786993792662
-6.436475215821008
-10.363888386177411
-6.576434786529389
-6.436475215821008
-7.865628985484999
-9.081682262268842
-8.492197452528265
-7.036197034597899
-7.226894193088706
-7.170463545412497
-11.683250597820882
-11.549260808086494
-10.147992800703957
-11.208846400351979
-7.831786993792662
-12.420923200175988
-11.582519287991005
-8.290120836663698
-7.769405806911294
-10.496005806911294
-7.980583648959858
-7.509926602795735
-7.010998607615252
-9.415738216618324
-10.178271107340729
-9.98011521876674
-8.482246400351977
-10.496005806911294
-10.707183648959857
-11.420024242400542
-7.93973478652939
-7.686656441157215
-7.302580966146381
-6.895425105654811
-11.703966834711384
-11.351204209525983
-7.273821763069282
-9.273176519992191
-10.164672035137269
-11.334356716219666
-12.20554201419528
-12.650804324210243
-9.826440620909873
-9.024758014174568
-9.941769578925683
-8.877058808194944
-12.401817420733883
-12.480877842048564
-12.716728990276236
-8.918259254353387
-8.737301621240773
-9.679451045876416
-7.661458014174567
-11.448911613822588
-8.283030049311837
-7.93973478652939
-10.814878433471309
-8.276023178573704
-10.9064
-7.570189455871152
-7.7997752158210085
-8.652575379970074
-11.979634598597357
-11.71740500410865
-12.010159192131521
-14.585905806911294
-8.47245983592982
-7.93973478652939
-7.019279493191284
-10.798369991936502
-11.413546725320904
-11.144540521817989
-7.769405806911294
-7.302580966146381
-9.639323178573704
-8.1798
-11.316794193088706
-10.439575159235085
-12.742475379970074
-8.342286829643596
-8.22276719623642
-11.589068513119656
-11.150113082492538
-10.340666834711383
-8.1798
-12.401817420733883
-11.1260970345979
-10.336445352259505
-11.654108710366941
-11.260363545412497
-8.123369352323792
-7.067108635548415
-10.04279245450835
-9.71319754877449
-10.8181323468216
-8.123369352323792
-6.576434786529389
-7.920629007087284
-10.9064
-7.769405806911294
-8.1798
-11.117577842048563
-12.982540593440683
-12.926109945764475
-11.479281022732302
-8.11801118302015
-10.75106102780009
-10.592228985484999
-12.812211613822589
-9.907927587233347
-11.251209520987327
-8.358076396490759
-10.388058014174566
-10.66633478652939
-7.088838548410019
-10.937590593440685
-10.262929983305963
-7.529340593440684
-7.529340593440684
-10.255940593440684
-8.081178423505854
-11.443049306741077
-12.021843893906519
-12.310586624639026
-11.150228462729125
-11.859305806911294
-10.968781186881367
-10.243067398593766
-12.182176638478506
-6.850119135317379
-7.494282810567985
-7.865628985484999
-8.1798
-6.377218435489247
-6.948617420733883
-8.24879660394099
-7.099532409707031
-6.8165
-7.359011613822588
-10.97245871036694
-9.930053760404878
-6.661161027800089
-10.628123227645176
-12.75578096614638
-7.263528990276237
-7.976369583716921
-7.980583648959858
-11.316794193088706
-8.071852207263273
-8.66588096614638
-7.549412809464354
-9.675217420733883
-8.358076396490759
-12.30633479718753
-8.555694706973243
-10.798452207263272
-7.099532409707031
-11.511292800703956
-7.9015232276451774
-9.049956441157216
-12.31297540743926
-7.601226993872468
-7.027677842048563
-7.865628985484999
-12.055178137797105
-10.493052814918647
-5.93928096614638
-7.061619350283226
-10.276012809464353
-9.675217420733883
-8.240866927369071
-10.00286224806851
-7.614066834711383
-8.1798
-7.93973478652939
-8.452457508135764
-10.224801988632713
-10.818876638478507
-10.02918096614638
-8.69342424240054
-12.572146400351977
-9.675217420733883
-9.605481186881368
-6.273988386177411
-8.123369352323792
-8.024461027800088
-12.114361027800088
-9.460350634245922
-10.75106102780009
-10.318321780322053
-7.31619245450835
-7.3893810227323025
-11.511292800703956
-10.467118435489247
-12.2697
