-9.28362079588444
-8.38618361850784
-12.952714167631175
-9.754277842048563
-8.700515029752404
-11.488002273888887
-6.708552207263272
-6.878881186881368
-7.980583648959858
-7.359011613822588
-9.228928985484998
-9.343883648959858
-8.707691768133984
-8.56782788298662
-7.289275379970073
-7.170463545412497
-9.103818435489247
-8.059767393264694
-8.390977842048564
-6.502328985484999
-8.323124196959197
-8.590194193088706
-9.132705806911295
-8.590194193088706
-7.570189455871152
-8.923010002350397
-9.421944585283667
-10.271905369054654
-9.594098922802765
-8.350128979618095
-8.590194193088706
-9.955872011764809
-7.580857738501202
-8.346194920843928
-10.330338921024282
-10.083583324873238
-10.168809074244553
-10.7373859855966
-9.555061491008422
-8.29729757504528
-9.358909407459976
-8.988863772014389
-9.543099999999999
-7.848466228225974
-7.916513235063363
-8.944157738501202
-10.968781186881367
-10.317978899571953
-11.117577842048563
-10.19393029427592
-9.48666935232379
-8.590194193088706
-8.72652287729498
-7.3632243680467155
-7.226894193088706
-9.680831649979885
-7.635884469082543
-7.3632243680467155
-11.453145238965119
-9.793618235721201
-7.666412634444857
-7.848466228225974
-10.635196181721419
-10.635196181721419
-10.085611613822588
-7.902295666553189
-11.003649303807624
-9.012673200175989
-8.61746371154214
-8.071852207263273
-9.228928985484998
-10.085611613822588
-9.514212628577953
-7.316730781276531
-7.170463545412497
-10.542164782668172
-7.649249877185833
-7.831786993792662
-9.544493010547093
-6.520004138853181
-11.520623613798914
-10.309914489809048
-9.605481186881368
-9.549458584526262
-9.471178982551546
-8.890119786366458
-10.771447424604375
-8.047682579266116
-8.1798
-9.073458303137233
-9.543806800644209
-9.632398261419644
-9.781021178557538
-8.403803043884377
-9.942624436099525
-9.553869451541875
-10.08984523896512
-5.863594193088706
-10.170931168858282
-10.36246911182497
-10.08984523896512
-11.04409429399595
-7.769405806911294
-8.384997096544353
-10.730857441957554
-8.501352179794084
-7.769405806911294
-10.498824857388305
-10.498824857388305
-11.180429115232656
-7.289275379970073
-9.817176144397237
-11.589414167631178
-10.907882037487667
-8.181204880032421
-11.161455220888794
-10.457916588424446
-7.071555220888794
-9.076275159235085
-7.1189464003519785
-10.3041489426021
-7.226894193088706
-8.1798
-9.06296957305878
-10.190870320832051
-9.639323178573704
-9.830281530109986
-9.840572244807904
-9.408170994885122
-6.954234264987029
-8.633161389325126
-8.892640593440683
-7.170463545412497
-8.482246400351977
-8.024461027800088
-9.953494193088705
-9.953494193088705
-9.953494193088705
-8.150912628577952
-8.695542576206494
-6.8165
-9.161439649044134
-9.053713848072444
-7.93973478652939
-9.41336039794222
-8.517832351087758
-9.149215901601368
-7.612929324914464
-7.772214446739642
-10.68014242852893
-10.473736903476361
-9.720620511405595
-9.387761027800089
-8.350128979618095
-7.170463545412497
-8.081052382287188
-7.317570973564566
-10.64692079588444
-6.752436101880715
-10.880210021577817
-10.279197934633928
-10.220892096993925
-9.440106827533562
-9.816659028929932
-9.195086993792662
-7.289275379970073
-9.246604138853183
-10.510372727977714
-8.764496881143133
-8.72009549021028
-10.009082926180955
-11.818247194852457
-9.127997342971629
-9.775566614997787
-9.475645528145122
-7.170463545412497
-7.529340593440684
-5.863594193088706
-8.722311613822589
-8.729759179532445
-9.237766562169089
-9.544493010547093
-9.803553967260745
-11.04409429399595
-9.897063545412497
-8.071852207263273
-6.468486993792662
-9.178864782668171
-8.533763545412496
-9.544493010547093
-6.817904286552504
-7.570189455871152
-8.097050634245921
-10.21888769291849
-10.635196181721419
-10.907882037487667
-10.08984523896512
-9.408170994885122
-10.830100479622347
-9.885338931249475
-9.135509985089106
-11.77991126394515
-8.862851701224468
-7.908543755001881
-8.350128979618095
-6.596507002553058
-6.846869408909714
-6.684382579266117
-9.00058838617741
-9.336737483157636
-7.11403289773629
-9.076275159235085
-8.722311613822589
-9.639323178573704
-7.226894193088706
-8.482246400351977
-9.408170994885122
-9.680831649979885
-10.498824857388305
-9.27184001041383
-7.359011613822588
-9.135509985089106
-7.81189571681217
-9.408170994885122
-9.930272641622677
-8.944157738501202
-10.173191227686605
-8.590194193088706
-9.817176144397237
-11.180429115232656
-7.718382262268841
-9.897063545412497
-10.871900513884539
-6.181030600858868
-8.741109182061852
-8.826423381342318
-7.438072035137269
-9.195086993792662
-8.72652287729498
-9.798155220888795
-11.180429115232656
-6.878881186881368
-8.434855220888794
-8.590194193088706
-8.533763545412496
-9.713428979618095
-9.84063289773629
-6.520004138853181
-7.289275379970073
-9.012549877185833
-9.354551931589908
-8.029033047949033
-9.159606320901439
-8.80137203513727
-7.359011613822588
-9.163075215821008
-6.787612628577953
-9.897063545412497
-7.525406534666516
-8.42581575267577
-7.529340593440684
-8.315629493502634
-6.982894920843927
-6.551318597711632
-7.718382262268841
-7.438072035137269
-9.082143582843289
-7.411606236281799
-9.544493010547093
-11.04409429399595
-11.589414167631178
-9.898535148278457
-9.410982579266117
-9.817176144397237
-11.04409429399595
-11.180429115232656
-10.907882037487667
-7.170463545412497
-10.085611613822588
-8.047682579266116
-10.00286224806851
-9.754277842048563
-10.255940593440684
-9.30303478652939
-7.529340593440684
-7.226894193088706
-7.908543755001881
-7.908543755001881
-9.680831649979885
-8.181204880032421
-11.04409429399595
-9.30303478652939
-7.699669573058779
-10.426269573058779
-8.72652287729498
-7.226894193088706
-11.161455220888794
-9.543099999999999
-8.590194193088706
-9.27184001041383
-8.453862035255622
-7.170463545412497
-9.027230141637403
-7.959807002553058
-5.863594193088706
-10.354965125848441
-10.67534573007749
-8.317535385707911
-8.047682579266116
-7.529340593440684
-6.109609945764476
-8.89660096718484
-10.228923800930321
-11.057623200175989
-8.350128979618095
-9.514212628577953
-8.1798
-8.652575379970074
-8.590194193088706
-8.652575379970074
-10.66172991669788
-10.198213448198032
-6.520004138853181
-7.769405806911294
-10.502364391437556
-6.538223227645177
-8.181204880032421
-7.226894193088706
-10.258832811609533
-7.734906320795832
-8.03364064837906
-8.956119229509625
-8.969449781369441
-8.047682579266116
-8.700515029752404
-8.590194193088706
-10.246154029018527
-9.965455684097126
-8.809891227686604
-7.1189464003519785
-10.424520458170743
-8.362090470626516
-11.862124857388306
-10.36246911182497
-10.08984523896512
-7.635884469082543
-10.226114167631177
-9.885303589089135
-11.453145238965119
-10.08984523896512
-11.86142261948256
-8.311917420733883
-11.725072669936182
-9.872766331018433
-9.884044632410951
-10.61733641624917
-9.465521616172987
-10.318321780322053
-9.056427256026064
-8.862851701224468
-8.819560917630215
-8.862851701224468
-11.316794193088706
-13.361796181721418
-10.498824857388305
-12.680094193088705
-9.680831649979885
-10.226114167631177
-8.862851701224468
-9.953494193088705
-7.090564386755876
-8.72652287729498
-7.908543755001881
-7.635884469082543
-10.08984523896512
-10.36246911182497
-11.04409429399595
-8.994697057299534
-8.827306414566667
-9.408170994885122
-10.498824857388305
-11.862124857388306
-8.453862035255622
-10.907882037487667
-11.862124857388306
-8.63956224806851
-7.570189455871152
-6.400214478033418
-10.497487844398961
-8.69342424240054
-8.626828990276236
-9.27043745689118
-7.634479158876101
-7.498149561913176
-8.276023178573704
-8.492197452528265
