-8.709861863418062
-11.897149193440132
-9.953494193088705
-7.658014285587579
-6.907407824413725
-7.529439280609372
-12.572146400351977
-8.62056360199842
-10.577249221733092
-7.642641173017634
-11.065118203885081
-8.928435273982778
-10.782446318277445
-9.122521717474939
-9.82682633670853
-7.369916773298039
-7.322838814297978
-6.920258922653996
-8.100924630622185
-11.083381772706247
-8.8452494139775
-7.600558864780866
-7.772373600930647
-12.2697
-7.881512689174268
-11.260363545412497
-8.004312909761422
-8.895608387460037
-7.348013025093495
-11.434291768133985
-7.587352213130176
-9.838746303091794
-10.404979010020735
-8.580796001043334
-7.699669573058779
-7.994499168904396
-7.8367416140629516
-11.607819645757516
-10.111908925052195
-9.573469408909714
-9.798155220888795
-7.497640515222046
-8.279516248688884
-12.159703501276528
-9.798155220888795
-10.924717398593764
-12.103188500605423
-10.606928869250602
-11.073067700025835
-12.161752207263273
-10.80051519006194
-8.69342424240054
-8.596144732293865
-11.804715808689778
-9.769462854941528
-11.034828476294484
-7.843412937233487
-8.836209945764477
-11.711057876337886
-8.91681022143784
-7.262899459470326
-9.798155220888795
-9.103818435489247
-9.195086993792662
-6.6388159734107575
-12.2697
-8.873226602795736
-9.128298229212106
-8.315629493502634
-12.8089688482303
-10.850949607635313
-7.848466228225974
-11.388823676329201
-7.3280134606027945
-8.390977842048564
-8.955021780322053
-8.386763776805626
-9.721430462207937
-9.500440990450873
-11.849121717474938
-10.170776103631635
-12.125452810721512
-8.099630480014735
-8.820453430204001
-12.141876500641825
-13.137348820043663
-13.015217869256352
-11.218457473353844
-12.321315024655917
-13.935446400351978
-9.608779655953818
-8.150912628577952
-10.06025902106191
-12.396772519142491
-10.070991768133984
-12.277195003709092
-10.453346797362167
-9.447617376453646
-7.4828609979407625
-7.920320795884441
-10.654724010796375
-12.418466448868145
-11.227513931255736
-7.9015232276451774
-8.79728903519432
-8.117478023445916
-12.853438315275106
-8.165180154311395
-10.894157087227686
-12.109083196394296
-12.440028979618095
-12.030444919959985
-6.853134797187531
-7.787439901586123
-8.170984844601623
-12.095165655364175
-9.666107876337884
-7.729346902793048
-8.563566647567244
-7.359011613822588
-9.798155220888795
-7.389586105410119
-7.03007560709754
-7.791881815150336
-7.995573656378042
-12.622199221733093
-8.002115973410758
-8.311917420733883
-8.047682579266116
-8.737301621240773
-8.737301621240773
-8.914124191558894
-8.131498637933005
-9.387761027800089
-11.416429605250372
-9.274147415107343
-6.609090911842265
-7.509926602795735
-9.012549877185833
-9.024758014174568
-12.548428273275219
-12.680094193088705
-8.859072773398154
-11.52797203513727
-8.572693204648145
-7.484688387253066
-10.250562402302858
-9.389517928111566
-7.831786993792662
-9.725390470626516
-8.393965485947128
-9.473363766147484
-8.26566594069322
-8.977366834711383
-7.511265055059665
-8.701228801589517
-8.330714988973147
-9.907927587233347
-11.443049306741077
-7.998617743634687
-9.73227874311215
-8.47245983592982
-10.064891293693577
-11.763823183364941
-11.834473797996871
-8.052438216618325
-9.692136014562271
-10.353598003134866
-8.23369018898749
-7.778203940436429
-9.105229815578754
-7.345258852009501
-14.756234786529388
-11.709234217744623
-11.278005001175199
-8.23369018898749
-6.8511854264411145
-6.753911623591171
-6.569837778410323
-10.085611613822588
-7.455234792396293
-7.405170589579465
-11.771837516887233
-7.209393204648144
-10.883178448533972
-7.908356269358848
-9.015150510311134
-10.5151115863534
-9.175673003147715
-7.071355286634653
-12.93627725369637
-6.166040593440684
-10.453186647597056
-7.815564782668171
-7.93973478652939
-8.364512043193093
-8.528405376108855
-10.798452207263272
-8.614363821085862
-9.816659028929932
-8.522038931249476
-12.742475379970074
-11.746958302873063
-7.049665129038258
-11.260363545412497
-10.767219986569714
-8.722311613822589
-11.69662920074792
-7.961852164058703
-8.089377865953933
-8.458076772354822
-10.227053222018636
-7.591721780322053
-7.187887569278915
-7.924729977454545
-7.458727862511473
-12.623663545412496
-8.22276719623642
-9.133908305189209
-7.799725361184044
-7.980583648959858
-10.75688448611812
-8.955021780322053
-8.809891227686604
-11.521872898576255
-8.013183093150655
-11.230462661180717
-10.900973361626392
-12.646544727935577
-10.339552228654126
-6.7416284813321035
-10.173191227686605
-12.440028979618095
-7.24591055291488
-8.462832409707032
-7.782879619730919
-9.103818435489247
-12.458766586704826
-10.7493144927425
-11.695713613246154
-13.387976803884529
-8.102221616172987
-8.614363821085862
-8.359277763829926
-12.623663545412496
-10.74263383867521
-10.558386993792661
-9.835616665422595
-10.162985211008767
-9.988658494965723
-8.533763545412496
-9.28745300128365
-7.8552717476045135
-12.732800714498183
-7.215169578925683
-8.283030049311837
-8.784692800703956
-8.561306821666658
-10.276012809464353
-9.798155220888795
-12.626120296720341
-12.639234805091274
-11.005712286606293
-10.855376455357547
-10.947371607224248
-11.83243917257488
-8.286564827973205
-8.462832409707032
-9.881132351087759
-10.67955500165468
-10.147536305881674
-11.014964190626863
-12.258089224266985
-12.524755220888794
-9.48666935232379
-7.202634394164702
-9.072251993128795
-8.395222115902298
-9.675217420733883
-9.049956441157216
-11.402742673863907
-11.481359325898977
-12.469034789462842
-11.287504324210243
-8.366131944797782
-8.482246400351977
-7.243465172520175
-10.618555925525804
-7.405170589579465
-7.421392800703957
-7.729346902793048
-12.161752207263273
-6.986828979618095
-7.015124573212587
-7.477864566034766
-10.161298386880263
-11.58149275894529
-11.448911613822588
-10.321691092604782
-10.093059179532446
-8.749573017342467
-7.712975159235086
-9.713428979618095
-8.123369352323792
-8.731912249267877
-11.751358014174567
-6.982894920843927
-8.733518390047902
-12.804856566851441
-8.972157841076765
-7.251063821085861
-12.691562905234129
-11.611728553571213
-8.026057221977048
-7.529439280609372
-8.046499614502595
-7.705885973816309
-7.43209696767398
-12.267341128287555
-11.449281891336266
-7.178374595240699
-6.89373626411046
-6.735529524919641
-7.1189464003519785
-11.866800810620386
-7.459604359588169
-9.01740296720342
-8.684602309448719
-11.33808686128505
-11.105734789462842
-10.13988169514171
-10.593769510211665
-10.739046289984483
-9.102410411835939
-8.809891227686604
-9.460350634245922
-8.382579493191285
-12.966846486298936
-7.769405806911294
-11.433897549763575
-12.547283292395278
-9.998970628017217
-11.255510373876039
-7.38395267341706
-7.712975159235086
-9.11808596122269
-8.707691768133984
-8.58430286421083
-7.726586647597055
-11.280377584384837
-10.173191227686605
-7.943695160273546
-8.134233394144642
-8.977366834711383
-11.590353222018637
-7.123403688659234
-8.362090470626516
-6.364665166653271
-11.382852903455646
-12.553296789828119
-7.897834283205778
-11.602612124133723
-11.164271288103246
-7.6417348827264
-10.214280022725308
-7.3259101771576045
-8.279516248688884
-8.054830436709803
-8.395222115902298
-9.543099999999999
-12.680094193088705
-7.587352213130176
-13.461470807031475
-10.32938890006195
-7.4303411876665635
-7.60278890006195
-8.072345807681339
-8.60308340227539
-7.980583648959858
-8.11801118302015
-9.589258975756877
-11.58102903455647
-11.469005831023004
-12.858370589579465
-8.572693204648145
-8.189712921073909
-13.29290940483204
-12.436107904630845
-11.687362286606293
-8.434855220888794
-9.00058838617741
-12.982540593440683
-7.181327587233347
-6.5589337980888285
-9.133446825655128
-9.10314791009819
-9.864652179794085
-11.117577842048563
-7.7504694876655345
-7.656544511558878
-8.203969627997157
-7.359752168849941
-12.882932417920614
-7.883304138853182
-8.161150468682917
-6.912723178573704
-10.844313962809066
-7.585192571518075
-7.867372944528443
-7.961033251525416
-9.289378445800656
-7.261516843336454
-8.211417193707014
-9.038484256615233
-10.628276268241152
-12.365923178573704
-7.7997752158210085
-7.920320795884441
-8.414825113990306
-7.4640064145666685
-7.9015232276451774
-9.330592980611344
-7.8400678793686955
-7.6016728324983385
-10.798770283607187
-12.692055684097127
-10.173322446931818
-6.970200510311134
-9.69729846977857
-8.186648300813376
-7.990176411462772
-8.19661458102601
-10.927493913718408
-12.334327395069854
-12.029634786529389
-11.732893643179402
-9.639323178573704
-12.975230670596382
-11.175811334691595
-9.48666935232379
-11.29787349451139
-11.30066368324918
-8.210169408909714
-8.390132626106054
-8.39055508325361
-12.524755220888794
-7.84720020990193
-8.46522462979851
-8.512615809261693
-7.8761706348845
-8.024461027800088
-7.529340593440684
-11.491203580309396
-11.56899047992725
-12.557702714640953
-10.591206404732176
-13.556242800703956
-13.562592050062658
-12.186950634245921
-10.727475950365449
-12.230016260053452
-11.038517420733882
-9.680455231190603
-12.75578096614638
-12.923134676161895
-8.126988476988991
-12.075499602476935
-11.507547603922035
-12.34784352436552
-9.605481186881368
-9.754277842048563
-11.826749199592975
-10.42641580019615
-8.25886042131468
-8.44867858030945
-7.9794656559755754
-8.026742624716734
-11.038517420733882
-9.530069380616752
-7.531317468957305
-12.185276528934786
-12.554431556124598
-6.954088027454853
-7.850160288515256
-10.817557986705378
-7.410296424463689
-7.226894193088706
-11.665423597186177
-9.973390458537454
-12.285396378567265
-11.720238883664393
-11.611368337485269
-8.100924630622185
-7.782879619730919
-7.8220004293705045
-12.426903945680198
-11.076728979618094
-7.483565377921835
-8.873226602795736
-10.609089731644668
-10.191200534846871
-9.887909520987328
-10.668610847936327
-7.954296910663112
-9.00410718766663
-7.086053006581157
-8.58430286421083
-11.49702320310944
-9.691866448868144
-7.625563772014388
-7.202667125308921
-7.9338434576515136
-12.512068435489248
-12.18751077979353
-12.57879919344013
-10.296789455871153
-12.16381519006194
-9.511805811795586
-7.875284959824538
-10.616779432390434
-7.311231922102214
-12.157263623452321
-9.935993204648144
-8.561306821666658
-8.002115973410758
-10.265891645616971
-10.396397631391222
-12.9351494139775
-7.154532351087759
-7.993408850795671
-10.33524277616822
-9.722536106389825
-9.79497568454015
-10.35565228153283
-10.621469085433905
-8.047682579266116
-6.06637368627999
-12.414349132893392
-7.623940698481697
-8.590194193088706
-7.957768881204219
-7.767189683298985
-8.654552255486696
-11.027173625479138
-11.397492778563839
-11.319769462691285
-11.763823183364941
-12.46596608694235
-10.839636176917082
-8.805616308991004
-7.699669573058779
-10.217729034556472
-6.746763766147485
-11.590353222018637
-9.00058838617741
-8.002115973410758
-11.036213620518868
-9.986361806832141
-10.238439605000123
-8.86187660026633
-7.440614946707689
-8.007181168649561
-8.458076772354822
-11.859305806911294
-11.799810367094002
-11.118646103924846
-9.573469408909714
-8.65653575371423
-12.180857986705378
-9.767876914252023
-9.429048138768906
-9.682712424442975
-10.529673710487124
-11.027173625479138
-12.050059217744623
-8.1798
-7.681530230198237
-8.602155684097127
-11.920069297120135
-9.480615218354902
-10.786367393264694
-7.60278890006195
-7.693778244180903
-7.209393204648144
-8.026742624716734
-12.15989847739797
-11.119092100253445
-11.823411564751115
-9.573469408909714
-7.226894193088706
-6.905798261419644
-7.3494677522803125
-7.703629946802936
-9.971528287763533
-10.482444496916393
-10.637522011764808
-13.986963545412497
-10.272165850227278
-8.123369352323792
-11.416984929850736
-8.961799194263904
-12.306871338944894
-11.203953118140898
-10.828730513900044
-11.283244727935575
-9.868625888230417
-9.957068121810549
-10.670295160273547
-11.681621780322052
-8.881884211165032
-11.427115029752404
-9.246604138853183
-9.543099999999999
-9.53320207475566
-9.102410411835939
-10.286310002350397
-8.912712809464354
-9.422944070274538
-10.07650206942659
-7.327118766498911
-11.713773886793096
-11.597831013783564
-8.366131944797782
-9.682499013283724
-12.828762794712993
-8.596144732293865
-12.010529007087282
-10.558386993792661
-7.5212063739048025
-8.013630109908151
-8.002554709012292
-9.552048386962605
-7.653859365608881
-9.210077001210848
-9.51139992178136
-10.276012809464353
-9.126814478033419
-7.570189455871152
-7.1135437827417825
-12.354655451332738
-8.776526137886488
-10.937590593440683
-9.022296165857682
-7.613423566409519
-8.743405527540997
-10.606326643574993
-9.709494920843927
-8.199966304510014
-10.437442100253445
-11.227513931255736
-7.344391768133985
-11.181079957317982
-9.012673200175989
-10.008084487347205
-10.191200534846871
-10.805947210972365
-8.30790932468269
-6.785080591929863
-7.187832139454675
-10.48138596122269
-12.42338358860235
-12.141876500641825
-12.743745091945502
-8.362090470626516
-8.772484663715222
-8.006518028389259
-11.013164827973204
-6.862243070102656
-7.35282725169588
-9.48666935232379
-12.77734349689633
-7.266117087617006
-9.098206320795832
-12.688501483601708
-8.544627587233347
-7.687944958895757
-10.540207777966392
-10.782446318277445
-7.583014657706965
-7.59944698902278
-10.741410544233744
-7.781367297919716
-9.713428979618095
-7.781367297919716
-7.423039738253178
-8.539170648446254
-7.712975159235086
-11.038517420733882
-7.877945969549539
-12.4294828121915
-11.781599318519735
-11.48971328026514
-13.252975215821008
-11.30122489068472
-8.502318616375648
-7.228198190079714
-9.134973967210506
-8.062065642841116
-11.355716039220425
-12.251335239301728
-9.786343068481127
-8.533763545412496
-7.368711840463592
-6.708552207263272
-8.346194920843928
-8.590194193088706
-8.242181186881368
-8.507444827334627
-7.565241003067018
-12.77734349689633
-10.439575159235085
-9.897063545412497
-10.686407002553057
-10.805899772973131
-9.147695814329479
-10.062390062356561
-9.403919986569713
-10.880481117598219
-7.963443337179041
-8.210990593440684
-9.713428979618095
-9.737847255521759
-8.539170648446254
-8.166092528082025
-12.401817420733883
-11.177285991955532
-14.797083648959857
-10.686407002553057
-10.093059179532446
-11.78956957305878
-6.856548906885612
-9.228928985484998
-10.628123227645178
-10.056724242400541
-11.170634841467766
-11.002623178573705
-9.410982579266117
-12.029634786529389
-7.3415106253820275
-9.642816248688884
-9.039748021592752
-11.63529217064847
-8.999180925064671
-11.338915115099118
-7.721240883067551
-7.651065127459607
-7.671746775759882
-12.105886796872428
-11.602444251687439
-11.729566204853516
-10.475637628038584
-10.671589099907012
-10.295470804098024
-10.566726611009319
-7.603907075403137
-8.102712228138337
-9.47609548424839
-8.568112341045197
-8.131225855773295
-7.599113833053839
-9.283929007087284
-12.287074104645601
-8.611253775550784
-6.8080933121357115
-8.783871046696708
-6.936385117966195
-6.911366447581372
-9.024758014174568
-7.631397057299535
-7.961852164058703
-11.255005376108855
-6.074772035137269
-10.84105263198635
-12.897376103631636
-12.161752207263273
-12.150655831023006
-9.335485300102578
-9.965579007087282
-8.069390358946388
-8.533763545412496
-7.226894193088706
-8.739583218157419
-11.62919164561697
-7.798219173750134
-7.509926602795735
-7.4819494139775005
-6.831490007418184
-11.193230290005198
-9.80548749623373
-15.274576772354822
-12.180857986705378
-12.524405088578803
-6.01834138746106
-8.311917420733883
-8.197834094674828
-7.608401014755364
-7.221031886007195
-8.748154299674507
-8.905609869657832
-8.578469578925683
-7.885101025413506
-12.626120296720341
-11.344063711542141
-8.311917420733883
-7.251063821085861
-7.808924514646584
-11.119092100253445
-12.387902844785856
-12.000768300276746
-11.542361593347369
-12.127478587924104
-9.262975882411142
-10.934319434924326
-8.308228476294484
-10.191490766735832
-9.573469408909714
-7.366459179532446
-11.38359392219948
-6.821345171389807
-8.170984844601623
-7.953713566259949
-9.132705806911295
-13.08789465778181
-11.516128982551546
-12.64919978459878
-11.166636271606958
-8.303422566225795
-11.271329126192871
-10.002219039241341
-9.01713874879105
-8.119766866966565
-10.08984523896512
-8.556141892607506
-8.434914784586777
-8.800953046957865
-7.8360834181960115
-8.088848658582611
-13.036514489809047
-8.700515029752404
-8.421347250958277
-7.996007568942116
-12.4394506284583
-9.595694622459211
-12.645175237548985
-7.714322312642621
-9.595694622459211
-8.390977842048564
-10.852666731327172
-10.440187438323232
-10.645013954728418
-10.400523183364943
-9.618786773057675
-8.350128979618095
-7.491129034556471
-9.953494193088705
-8.390977842048564
-10.744563982096082
-7.529340593440684
-9.406526006421544
-12.159703501276528
-12.401817420733883
-9.543099999999999
-9.274819462691285
-10.986671207597968
-12.006851483601709
-8.892640593440683
-6.762766731327172
-7.869122055600178
-7.367209114613302
-13.0546220076187
-9.942396232709086
-13.18446653146868
-11.437372009344536
-6.9888091664901735
-7.877945969549539
-10.496005806911294
-11.715463772014388
-10.656548222107233
-8.857110918272916
-9.401584387220742
-10.686407002553057
-12.31593683351809
-9.408170994885122
-8.512917629530586
-10.798452207263272
-8.0375328149308
-7.1189464003519785
-8.719185304799613
-6.8165
-8.300599401838388
-12.076587717454224
-8.098407527838491
-10.546984947693831
-6.787612628577953
-8.482246400351977
-7.284145305860817
-11.991423227645177
-6.572500727755221
-13.318828985484998
-7.099532409707031
-11.1041970766877
-13.525052207263272
-13.252975215821008
-10.834038157999053
-10.296789455871153
-9.401584387220742
-8.783050431642016
-5.7575242751715745
-6.4851662282259745
-9.789115752675771
-10.368644023529619
-6.832705764862156
-9.612762229269308
-11.079895156506511
-12.630379180004562
-7.093357498002381
-11.448911613822588
-8.961637197381675
-8.590194193088706
-7.539291645616971
-6.712016083144223
-6.725062301953347
-8.293698331941886
-9.410982579266117
-8.386763776805626
-7.449515903789675
-9.519878448533971
-7.117468063336295
-9.705586829643597
-12.070483648959858
-7.858359939482437
-9.331330380123882
-10.733118028389258
-8.233345474138765
-11.830418435489246
-8.47245983592982
-7.591721780322053
-12.210590267671972
-9.519878448533971
-12.607732351087758
-12.662593204648143
-9.144667297919716
-9.990128990276236
-12.688501483601708
-7.262899459470326
-11.042751045876416
-7.149315809261692
-11.684083480711545
-11.294999327919335
-9.855582508363813
-8.006458681887766
-9.401584387220742
-8.624314873262149
-9.83575983592982
-10.66633478652939
-6.468486993792662
-11.293572641622678
-8.929275390628215
-6.679664835841227
-8.62181138679572
-11.794855980206444
-11.326343975397258
-10.729593769964692
-10.635570793355036
-8.610674876646463
-8.405534254670966
-7.945286757111502
-9.435152207263272
-11.727188386177412
-7.865280809251985
-9.169340604098826
-10.461506320795833
-8.193576741282197
-9.062259510610478
-9.291310172366368
-8.573843979873741
-9.798155220888795
-10.056724242400541
-9.420532361574669
-10.115981022732303
-8.481260432318665
-9.089886647597055
-8.830851776460833
-9.767968016524964
-11.420024242400542
-13.222605806911293
-7.048771755766971
-9.737598607615253
-8.950652213130176
-6.757384206373794
-9.72137639649076
-8.218959635415342
-8.590194193088706
-8.118544823134851
-9.042283672865228
-9.789115752675771
-10.31181521437127
-5.6314763964907595
-12.689643975397257
-12.858370589579465
-7.700196094807287
-11.415810177157603
-9.701704365455074
-8.440345897028369
-7.57806543959332
-13.477661027800089
-11.703966834711384
-8.523095262782446
-9.564265449959066
-11.117577842048563
-9.48666935232379
-8.566972641622678
-10.542164782668172
-11.068886829643597
-7.331733901635329
-9.22200406833094
-7.5872561959931915
-10.57169257996897
-7.805799895654655
-9.865618616375647
-10.6027706348845
-9.253824638916084
-9.52559901155944
-8.626828990276236
-9.77844747004572
-8.737301621240773
-10.015875379970073
-10.9064
-10.9064
-10.9064
-10.9064
-10.9064
-10.9064
-10.894675385836978
-10.9064
-10.9064
-10.9064
-10.9064
-9.745879493191284
-12.680094193088705
-9.078540130939949
-13.39293478652939
-13.433783648959858
-8.933489455871152
-9.406264835841228
-8.9982248155049
-6.933997575045279
-7.740518435489247
-7.444791117140264
-9.646330049311835
-8.571544661771622
-10.987493876091431
-8.820278751439737
-11.340963821085861
-7.812373003147715
-9.907927587233347
-11.198908713535367
-7.624403979935051
-9.918994706973244
-13.09048838617741
-10.558386993792661
-11.038517420733882
-8.486206774096136
-13.139856441157216
-10.078256566851442
-10.340666834711383
-11.703966834711384
-7.018946024487917
-9.30303478652939
-12.029634786529389
-10.388058014174566
-9.807334841467766
-8.977366834711383
-8.255486773057676
-7.338643434949879
-8.134233394144642
-10.388058014174566
-10.813442214681459
-11.08467639649076
-13.433783648959858
-12.802027524386233
-8.3775970766877
-8.068899215270626
-9.089886647597055
-9.754277842048563
-8.607008774114716
-8.256833926465209
-7.686656441157215
-8.652575379970074
-8.616835948548697
-8.444034841467765
-8.150912628577952
-12.40926498644374
-9.57973479718753
-7.944888456614019
-8.182173043926971
-9.400145100557772
-11.69268890006195
-7.295890797029696
-7.879726643574993
-8.952832965750924
-9.385488189434428
-10.490114478033417
-8.523095262782446
-10.41842742308428
-8.672647595993743
-7.491129034556471
-13.023389455871152
-11.366162248068509
-11.218797452528264
-9.97766382108586
-7.585830451444176
-7.728241256034435
-7.048508865064578
-10.526375215821009
-7.965551352075766
-9.829964615106238
-7.928010172366368
-8.250795729083407
-8.449611714729834
-7.634688976558472
-8.348552217921414
-9.991581237439986
-10.844611183020149
-9.784209101447434
-11.717790194132037
-9.762797034597899
-8.898591132645844
-11.170634841467766
-8.793290655608264
-8.4734312449536
-10.968781186881367
-8.379253227885542
-8.816795955119527
-8.675376050901457
-10.467118435489247
-10.866341095881753
-10.276012809464353
-11.038517420733882
-13.309945954821746
-11.038517420733882
-9.58606719623642
-7.663682463881364
-8.574996996143062
-7.997746406218882
-8.071852207263273
-13.493945271006188
-10.982086773057674
-7.757681192748272
-8.276023178573704
-10.061394621826594
-10.472499673047489
-11.824806320795833
-11.102751800822984
-11.95832854987711
-10.026574694639557
-7.455234792396293
-9.410982579266117
-10.09757310483101
-12.704263821085862
-8.456185161585484
-9.845546400351978
-10.00286224806851
-9.146995963333111
-10.9064
-10.217729034556472
-8.955021780322053
-10.924434094674828
-12.046910539050316
-8.164602803054356
-6.9560649864437405
-12.441347631391224
-10.427850545072063
-12.680094193088705
-8.511577993628435
-12.489397034597898
-12.161752207263273
-11.092731944797784
-9.754277842048563
-9.228928985484998
-9.20503804596895
-10.0884306642996
-10.361053231515669
-10.9064
-11.315374918736264
-9.406781951308531
-11.042751045876416
-7.646838168485963
-11.806113491832223
-9.093200501400167
-10.75106102780009
-7.385498558543778
-8.250795729083407
-13.39293478652939
-9.147756542948146
-8.970506795015325
-12.070483648959858
-8.010953057869571
-9.185300429370505
-12.431278956992832
-7.649491589239477
-12.72946224806851
-6.857941232331987
-9.410982579266117
-10.131770589579466
-9.855497452528265
-11.340963821085861
-8.75894641101012
-8.957218716672717
-8.648641321195907
-11.403711483595018
-9.440106827533562
-11.758347404039846
-11.751358014174567
-8.608106223302288
-12.260739641545024
-10.694630380123881
-12.2697
-10.9064
-13.633
-10.9064
-10.9064
-10.9064
-11.52797203513727
-13.433783648959858
-9.419426265785717
-9.430238704647584
-9.460350634245922
-8.884798443466186
-6.731694820836085
-8.345411236193206
-8.948479463289338
-7.105386496412641
-8.006518028389259
-8.176847008007353
-12.161752207263273
-9.39187425391819
-10.888899011559438
-10.428906876605037
-10.301033729724887
-9.632398261419644
-9.508600513884538
-10.178692437187461
-6.143617094542618
-10.133372955015352
-9.97766382108586
-8.414267062943452
-8.5157402158113
-9.794049814118761
-8.818534792396292
-7.482678568832192
-14.9963
-9.253824638916084
-8.836209945764477
-8.390977842048564
-7.636814916606254
-10.92995320559147
-8.498249365531665
-8.942008648420488
-9.195086993792662
-12.572146400351977
-11.727188386177412
-7.890524638916084
-9.374253057869572
-10.849969352323791
-10.015875379970073
-10.968781186881367
-10.579105258117469
-9.598938869848652
-8.180985333062926
-6.829065956264782
-7.249831617379555
-10.125404144720086
-9.261134283205779
-9.470738157999053
-9.440106827533562
-9.508600513884538
-12.75578096614638
-12.472479493191285
-8.140294694488873
-5.995711613822588
-8.818534792396292
-13.252975215821008
-7.993408850795671
-10.441869179769983
-13.222605806911293
-13.39293478652939
-10.849969352323791
-10.318321780322053
-8.319364986443741
-9.87987618300585
-11.092731944797784
-7.901893389374758
-11.271433244149224
-9.163075215821008
-9.745879493191284
-12.668369578925683
-12.634527587233347
-9.592468054979804
-11.727188386177412
-8.229168054979803
-10.428906876605037
-10.029854159700632
-7.580857738501202
-8.852581689322438
-9.863580495026808
-8.73427310483101
-9.531375385836979
-9.48666935232379
-11.448911613822588
-10.592228985484999
-9.195086993792662
-11.921686993792662
-9.705586829643597
-8.150912628577952
-10.082658621829943
-8.904602084449104
-11.87709073235437
-9.907927587233347
-9.310982203402054
-8.31712086372991
-9.065634991256347
-7.687171511800554
-9.519878448533971
-8.367756290582538
-10.821678346257107
-11.62919164561697
-10.877512628577954
-9.120981192748273
-8.67949245450835
-10.270952227540661
-9.374253057869572
-9.287776158872298
-12.944329034556471
-9.23056816200146
-8.561521134729007
-10.102121708512662
-10.147992800703957
-10.410247831864508
-8.908643558620371
-13.173607436631073
-10.798452207263272
-10.76024064837906
-8.162874119586375
-8.590194193088706
-11.038517420733882
-11.076728979618094
-12.680094193088705
-9.588438390237929
-8.388445805400474
-9.639323178573704
-10.496005806911294
-9.420532361574669
-11.164194194164361
-9.930272641622677
-8.319814833496288
-11.17995902892993
-10.91836149100842
-9.705586829643597
-9.59262982187991
-8.587830622416194
-9.715564290690164
-7.43756476079479
-8.544627587233347
-8.79631874414478
-9.2394706348845
-9.19180679888084
-9.497533394144641
-10.9064
-10.9064
-10.9064
-10.9064
-10.9064
-7.738829208474121
-8.875139605000122
-10.526375215821009
-9.129752814918648
-11.562809945764474
-9.06296957305878
-10.728715973410758
-8.46666461510624
-9.002961430104383
-7.465776441795794
-10.361053231515669
-8.86000590781854
-8.05387238849562
-12.240812628577952
-10.199509945764476
-9.396363015349767
-6.93921922868851
-9.948776449663816
-7.7997752158210085
-9.29910072775522
-9.82613240970703
-7.565975390628215
-10.707183648959857
-8.426893230074462
-11.364876528416293
-11.329965232356768
-11.107514024674872
-11.08363717963403
-8.737301621240773
-7.852608282357328
-6.889501627107678
-12.352153402905037
-12.543259028929931
-12.161752207263273
-12.300069408909714
-10.798452207263272
-9.537208671122123
-10.356867420733883
-9.797245736813734
-9.865618616375647
-8.914757970969998
-11.52797203513727
-13.067266834711383
-8.904602084449104
-10.988853402905038
-9.169340604098826
-8.298743421104884
-8.79297368627999
-12.38719757504528
-13.500882579266117
-12.515715752675769
-12.2697
-10.413256441157214
-10.65075300128365
-9.038408516427868
-12.161752207263273
-11.859305806911294
-7.28221278727367
-11.776556441157215
-9.918994706973244
-11.161455220888794
-9.543099999999999
-9.570361403519879
-10.770034922143951
-10.783832361574667
-12.480877842048564
-6.720765483802676
-8.458076772354822
-9.335485300102578
-7.15348535936103
-7.0431017620308225
-13.63789050689178
-8.459024848885951
-7.361087506592919
-6.843761403519879
-10.592228985484999
-7.659733646128051
-8.008288055618383
-8.355680950200208
-10.963349165970943
-7.495399931026149
-10.467118435489247
-10.9064
-11.463901621240772
-11.012456181967389
-9.076275159235085
-8.607008774114716
-8.169819344880423
-7.55371583827171
-9.264823227645177
-8.667228119553915
-8.925091107013873
-11.619240593440683
-7.441465016727626
-10.507665296552709
-8.004312909761422
-12.506812221477963
-12.692055684097127
-7.959807002553058
-12.472479493191285
-10.9064
-10.9064
-10.9064
-10.9064
-10.9064
-10.9064
-9.503041095881754
-9.435152207263272
-7.67216218114459
-8.869419041974657
-9.519878448533971
-8.384249659791537
-9.762797034597899
-10.255940593440684
-8.959423835300552
-11.802875159235086
-10.798452207263272
-5.875555684097127
-7.683319359843814
-7.455931759713009
-8.970574328083913
-9.365854709012293
-10.9064
-14.557018435489248
-8.979648431628029
-11.522143958688554
-10.74067746441918
-10.66633478652939
-13.139856441157216
-12.070483648959858
-12.51213825739758
-6.557020795884441
-8.376770735078088
-9.624873249278053
-8.791308217763579
-9.01915986364741
-11.827605728692655
-12.425216620948708
-10.57169257996897
-10.9064
-10.9064
-10.9064
-10.9064
-10.9064
-10.9064
-10.9064
-10.9064
-10.9064
-10.9064
-13.49663492214395
-10.894675385836978
-8.578037391685513
-7.017447735201185
-7.522083015177829
-8.820278751439737
-7.455234792396293
-8.692016218747233
-8.704810625382027
-12.2697
-8.651261120457775
-10.02918096614638
-9.798155220888795
-14.945276455357547
-10.056724242400541
-8.038750770598288
-10.467118435489247
-9.988619239350628
-7.226894193088706
-7.165639016223556
-12.982540593440683
-8.052915888017512
-8.261573249278053
-8.221495286687817
-12.982540593440683
-8.616835948548697
-7.644436243621097
-5.916836244444773
-11.240255447223598
-11.681621780322052
-13.114658014174566
-13.633
-7.300968417712878
-7.878657596639029
-7.080457371963113
-10.955124846152634
-11.448911613822588
-10.523577277820914
-12.742475379970074
-11.406092454508348
-8.358076396490759
-8.675376050901457
-9.789115752675771
-8.012290070858915
-12.582097452528263
-14.043394193088705
-8.558063134306073
-11.853414478033416
-12.797591768133984
-9.718184616970303
-12.380020836663698
-7.455234792396293
-11.727188386177412
-10.085611613822588
-8.920936187035176
-10.707183648959857
-12.704263821085862
-7.626493244210265
-7.8331377693609054
-8.273728990179023
-7.179138772662217
-8.8452494139775
-7.815564782668171
-7.972185300102579
-12.56235983592982
-12.592218616375648
-9.514212628577953
-10.543125681446318
-10.015875379970073
-9.135673600930646
-8.216434797187532
-9.47600106969374
-10.115981022732303
-12.38719757504528
-9.598288596672711
-7.5901887609080685
-7.591721780322053
-8.771679668802394
-10.879206688867233
-8.382800900621028
-11.100898607615251
-8.42581575267577
-14.020172641622677
-10.849969352323791
-10.871900513884539
-9.228928985484998
-8.544627587233347
-8.712039941903257
-10.98546042131468
-8.562435656455085
-7.057424343307787
-7.956549367555399
-8.085830986993832
-12.944329034556471
-11.016720836663698
-8.24746759402903
-7.251063821085861
-8.799682808122142
-9.729431944797781
-9.990128990276236
-8.613131617379555
-10.517266665422595
-8.730809354816074
-8.323878911742305
-7.753920145323072
-7.310710251755594
-8.072345807681339
-10.52513005517874
-10.151456676584907
-8.492197452528265
-7.3459823931812736
-10.592228985484999
-6.547547415107343
-8.836209945764477
-11.448911613822588
-10.9064
-10.9064
-7.800305203079208
-11.092731944797784
-10.102121708512662
-10.467118435489247
-13.844177842048563
-11.278952795934073
-7.6349248155049
-11.4517306642996
-8.867524404622927
-6.489069838280219
-7.71946963386406
-9.425365642841115
-13.284986993792662
-9.659875973899066
-8.396074633928896
-7.053612221477963
-6.8854966039409895
-11.053507428152066
-6.703638704647584
-8.904602084449104
-10.900508671122124
-6.505822055600178
-13.505176500641824
-10.75106102780009
-12.029634786529389
-7.770810686943716
-8.391824266305912
-12.045637751709078
-8.628090063526527
-11.208846400351979
-8.250795729083407
-8.283030049311837
-9.798155220888795
-9.890639536636181
-8.979648431628029
-8.45241997454247
-9.156875434908452
-11.251813596588397
-11.683818716672718
-10.496005806911294
-13.023389455871152
-7.314267904092994
-9.120981192748273
-10.377786342255236
-11.310902864210828
-8.17508225657511
-10.267902084449107
-7.38855393210723
-9.930272641622677
-8.882854029018526
-12.797591768133984
-13.336504138853181
-8.342286829643596
-10.115981022732303
-8.669931656978223
-8.720833276806905
-9.406264835841228
-8.97282984954379
-10.526375215821009
-8.580796001043334
-12.680094193088705
-9.378721559587065
-8.062065642841116
-13.57656935232379
-9.922355588280736
-9.188544676759946
-10.056724242400541
-11.260363545412497
-8.566972641622678
-10.496005806911294
-12.114361027800088
-11.889675215821008
-10.849969352323791
-11.317512935666462
-11.327548601788756
-10.894675385836978
-9.97766382108586
-11.955528985484998
-10.798452207263272
-10.962889858003491
-11.99513530041393
-13.433783648959858
-11.072794920843927
-12.982540593440683
-12.197338157999054
-11.683818716672718
-10.467118435489247
-9.425365642841115
-9.492076455357548
-8.63956224806851
-7.302580966146381
-10.35917064275252
-9.44510325943956
-7.332101117917164
-6.397290651512917
-9.215908282357328
-11.36103603710953
-11.991423227645177
-9.185300429370505
-8.690611535603951
-9.81854161769308
-13.925659835929821
-7.553510221437841
-12.629070648446254
-12.735933062937358
-7.756194603784769
-9.156875434908452
-10.772989880811016
-12.777343496896332
-9.648448383117788
-11.248638931249474
-11.58102903455647
-11.955528985484998
-12.76071502758937
-12.769392454508349
-9.153799720629701
-12.966958808194944
-10.340666834711383
-9.58804407175304
-9.285533798088828
-10.69504456248927
-7.922590299253977
-12.100853057869571
-9.04738778781304
-8.81506220961367
-14.809908850795669
-14.85014064837906
-8.577309786846346
-9.310982203402054
-11.249695262782446
-10.75106102780009
-9.845546400351978
-9.228928985484998
-11.270132168480213
-9.48666935232379
-10.770034922143951
-13.428467511525598
-11.448911613822588
-10.613503381956573
-9.037223183364942
-9.614095729083406
-9.731870137675873
-6.828461491008421
-7.1378967815143195
-9.18701766615373
-11.859305806911294
-9.990128990276236
-11.938366228225975
-12.506812221477963
-6.8165
-9.132705806911295
-7.843077579723995
-7.989102841509194
-7.099532409707031
-9.365415973410759
-14.221670589579466
-10.363888386177411
-8.8452494139775
-8.549029642211847
-9.567269627997156
-11.448911613822588
-13.193718435489247
-11.109179493191284
-10.876385941906502
-11.562809945764474
-10.100601621240774
-11.029407876337885
-9.98511138679572
-9.30303478652939
-13.633
-10.413256441157214
-11.100898607615251
-12.812211613822589
-10.09606463607318
-9.390042624716735
-8.3775970766877
-9.816659028929932
-13.063784008262482
-7.94012963393794
-11.406092454508348
-11.276735288970459
-12.365923178573704
-9.827088138190874
-9.978898594561926
-9.547259089526246
-11.584741107325224
-11.274526056305795
-11.476173017342466
-8.511920271722124
-9.195086993792662
-9.52559901155944
-7.74760922284111
-13.044921780322051
-10.75106102780009
-6.7938480240153005
-9.92697986559363
-6.65077746441918
-11.316794193088706
-11.193264615106237
-7.359011613822588
-10.100601621240774
-8.071852207263273
-12.498040599307588
-8.640850765807052
-8.808177554515808
-10.085611613822588
-11.751358014174567
-10.66633478652939
-6.844381700765908
-8.55681288231443
-6.63010885079567
-9.679451045876416
-10.224801988632713
-10.361053231515669
-9.927999803257016
-8.97298805830049
-7.92415300128365
-11.727188386177412
-10.94936719623642
-11.639312809464354
-12.610550994316355
-7.335505479958783
-8.289407924275121
-12.045637751709078
-8.850740090117073
-10.467118435489247
-8.873226602795736
-7.831786993792662
-8.238900991969546
-7.60952984954379
-8.272550595791081
-11.17995902892993
-8.539170648446254
-12.044196910663112
-8.071852207263273
-8.18157889067372
-11.439802069426591
-7.362723686591339
-9.981375893854613
-10.94303479718753
-12.78332424240054
-6.249221620898056
-12.56235983592982
-7.471061758945664
-14.718023227645176
-10.421029948888616
-10.91836149100842
-10.962238869848653
-7.591721780322053
-10.674282203402054
-10.00286224806851
-12.087646406218882
-8.539888089590713
-11.02462005673002
-10.6027706348845
-8.339954297406111
-9.352402841509193
-9.310982203402054
-10.635570793355036
-9.591824846152637
-12.598375417093843
-11.312076449663815
-11.196155135089045
-10.469944568144799
-12.213269352323792
-8.636993594724334
-10.318321780322053
-8.914757970969998
-8.33301133445229
-10.318321780322053
-9.435152207263272
-11.58102903455647
-8.481260432318665
-9.543099999999999
-12.213269352323792
-8.69342424240054
-10.497487844398961
-8.746481241819746
-10.03187834514976
-10.17663352614569
-7.491129034556471
-13.193718435489247
-12.218676455357548
-10.255940593440684
-8.55013528897046
-7.423699798151171
-10.340666834711383
-8.62056360199842
-7.648284014545569
-7.807617365795506
-9.425365642841115
-9.352402841509193
-12.874592800703956
-9.029712634444856
-11.613349264562807
-9.670059310113402
-12.78332424240054
-10.318321780322053
-9.654634761269376
-12.769392454508349
-10.199509945764476
-10.325050844184611
-8.024461027800088
-7.943695160273546
-9.789115752675771
-10.361053231515669
-11.997000100907245
-9.543099999999999
-6.661161027800089
-10.131770589579466
-7.853904371321977
-8.712039941903257
-8.33377876640313
-9.543099999999999
-12.769392454508349
-11.463901621240772
-12.944329034556471
-8.603365232356769
-7.629524145758546
-10.42117361006484
-8.453359028929933
-9.470738157999053
-10.707183648959857
-10.318321780322053
-11.13735846798154
-11.340963821085861
-10.9064
-7.941315758542674
-9.246604138853183
-13.433783648959858
-11.161455220888794
-11.830418435489246
-12.022421151483494
-8.869419041974657
-7.7843958143294785
-9.845546400351978
-12.472479493191285
-11.4871231727068
-11.180899575064464
-11.955528985484998
-11.100898607615251
-10.056301483605587
-10.54763061151701
-10.796973870247589
-9.045877492938303
-8.460925568551007
-10.318321780322053
-11.208846400351979
-8.34384697196182
-8.642142093837325
-9.810131565750305
-9.195086993792662
-7.738829208474121
-9.420532361574669
-8.123369352323792
-10.558386993792661
-11.859305806911294
-9.477574636089463
-9.343883648959858
-7.792655364786503
-12.582097452528263
-12.300069408909714
-11.18943240970703
-10.04279245450835
-7.164998705778474
-11.316794193088706
-9.736686320811339
-10.318321780322053
-10.255940593440684
-7.86354299272061
-10.212204201306006
-8.37101841270343
-11.792570537957316
-11.519916326466156
-6.917057660958176
-9.660597575045278
-8.47831234157781
-8.271167245472103
-9.66713186945393
-6.982894920843927
-9.754277842048563
-8.975093996345722
-9.06296957305878
-10.592228985484999
-9.953494193088705
-7.208818654707687
-11.25393953663618
-7.865628985484999
-7.650020253886947
-7.421392800703957
-11.228918616375648
-8.04720910969496
-9.253824638916084
-8.362090470626516
-9.543099999999999
-9.911226056305795
-7.3972231727068
-12.506812221477963
-5.912833550390103
-9.060343964910347
-7.296556422358012
-10.9064
-11.830418435489246
-11.234044827334627
-8.910674688115513
-11.282294706973245
-10.234619761639713
-6.669185382320471
-11.860046825655127
-9.660597575045278
-12.2697
-13.22408784439896
-12.06524392219948
-13.49663492214395
-13.633
-8.942008648420488
-7.071386272364572
-11.727188386177412
-12.769392454508349
-9.58606719623642
-10.662400727755221
-9.264823227645177
-8.873226602795736
-11.239215809261692
-7.5983371973816745
-12.72946224806851
-9.263798215405085
-8.02491664434214
-10.592228985484999
-11.228918616375648
-9.279813235063363
-7.576353624401084
-8.102221616172987
-9.697462855723884
-8.144184446320928
-7.838402410852285
-13.166175159235085
-11.776556441157215
-11.681621780322052
-9.940609786846347
-8.876655259161591
-10.131770589579466
-9.251902614482326
-6.73041355293252
-5.726571098864181
-8.405534254670966
-8.192971039268063
-8.671288069180136
-10.707183648959857
-9.348127922813593
-9.425365642841115
-12.406051045876415
-8.033178271419068
-11.009630049311836
-8.648641321195907
-14.06756382108586
-10.670295160273547
-10.340666834711383
-12.2697
-9.069945491702306
-12.742475379970074
-8.47733289773629
-8.22276719623642
-9.605481186881368
-9.420532361574669
-10.9064
-7.980583648959858
-8.342286829643596
-12.521122855709525
-9.855497452528265
-9.112337628038585
-9.150739901586123
-11.233016028349134
-8.555694706973243
-10.0884306642996
-11.042751045876416
-10.9064
-10.90168225657511
-12.213269352323792
-12.602515809261693
-10.131770589579466
-9.514212628577953
-8.051960930282782
-9.979393225891595
-14.349800967184843
-11.208846400351979
-8.571544661771622
-10.181834792396293
-11.619240593440683
-10.770034922143951
-8.834418496085561
-9.826992495889206
-10.357059860954772
-9.940609786846347
-7.251063821085861
-9.875915809261691
-9.543078804521503
-12.2697
-11.656227610074192
-8.880915979277662
-11.17995902892993
-8.885773050545806
-8.604577256663704
-11.959022055600178
-11.247240855088007
-11.997026615757836
-10.100601621240774
-7.9584723936161215
-8.097050634245921
-11.938366228225975
-9.780212221477964
-7.805096558721281
-9.401584387220742
-11.889675215821008
-7.31385631306691
-9.705586829643597
-11.799227842048563
-11.786943964910348
-8.762104144720086
-10.250049264562808
-10.180095955119528
-6.943679452769657
-10.729593769964692
-7.796667210431173
-10.628123227645178
-8.015421559587065
-10.00286224806851
-11.038517420733882
-13.252975215821008
-13.252975215821008
-9.595759333500007
-12.114361027800088
-12.281661491008421
-9.979393225891595
-13.633
-8.977366834711383
-7.324232913522666
-7.115993408359332
-10.4477044448443
-10.074032133541204
-10.866341095881753
-11.038517420733882
-9.646330049311835
-9.29910072775522
-10.195932450486287
-9.138656346116454
-8.952832965750924
-8.46666461510624
-12.57214640035198
-7.8400678793686955
-9.465521616172987
-13.166175159235085
-11.865256346116453
-13.699058710366941
-10.498973600930647
-13.354723227645177
-12.812211613822589
-9.497533394144641
-9.352402841509193
-10.393012634444856
-7.676448021592752
-10.90109517306922
-8.354089353362252
-9.361046406218883
-9.61209660394099
-10.131770589579466
-9.855497452528265
-9.762797034597899
-8.528405376108855
-8.434855220888794
-11.003649303807626
-10.59557698013976
-8.221767720196352
-8.63255672165098
-10.378028846320547
-11.559232450486286
-8.935607789677105
-7.889073477240653
-8.150912628577952
-12.166706827533561
-7.149315809261692
-9.70667849745458
-10.628123227645178
-10.413256441157214
-11.561995538555962
-7.354293870397699
-7.980583648959858
-7.3994377174581025
-11.959022055600178
-12.827201621240773
-13.09048838617741
-10.936769408909713
-13.067266834711383
-10.75106102780009
-11.751358014174567
-10.440383083400269
-8.418682248707087
-9.713428979618095
-9.653420836663699
-11.84468596122269
-10.474494628326115
-9.087303688810065
-8.816136533633596
-8.224731296539327
-8.943619734223223
-9.72137639649076
-7.652156955041754
-11.305069578925682
-8.321617647374886
-10.255940593440684
-10.00286224806851
-10.9064
-7.769405806911294
-12.352153402905037
-13.525052207263272
-12.769392454508349
-13.252975215821008
-13.477661027800089
-8.334547194372355
-10.798452207263272
-11.016720836663698
-10.679505825797452
-7.570189455871152
-10.994416187336107
-11.991423227645177
-8.562435656455085
-11.751358014174567
-13.284986993792662
-10.9064
-13.360300100907246
-10.9064
-10.9064
-10.9064
-14.303940090117074
-11.99513530041393
-12.053804414526544
-9.81854161769308
-10.333874328083912
-10.549571838394286
-9.497533394144641
-12.312667196236418
-9.164135665173879
-11.501506236281799
-9.954916877795291
-9.421881707973531
-10.140475341533964
-12.343709506057664
-9.675217420733883
-10.568139677337093
-10.455946902793048
-11.117577842048563
-9.243026643574993
-10.015875379970073
-7.990821489064822
-9.47600106969374
-8.315629493502634
-8.358076396490759
-9.97766382108586
-11.681621780322052
-9.387761027800089
-8.409011936723392
-10.085611613822588
-11.377861120457776
-8.276030144187233
-9.102860615197374
-10.63444766876815
-12.090479676427314
-7.457648050582698
-8.787991269776406
-9.735136759298365
-11.599826602795735
-11.42569006235656
-10.628123227645178
-10.968781186881367
-8.328427515423957
-8.605187003235741
-8.725279407841942
-10.181834792396293
-9.924832416513047
-8.16616873132548
-8.726768902129844
-7.034483361427102
-9.8769554472236
-7.452628447759673
-9.72959417898627
-7.3893810227323025
-7.637288386177411
-8.063523354698951
-10.9064
-10.9064
-7.378726651771027
-7.31619245450835
-7.302580966146381
-7.672664790399881
-8.73427310483101
-9.235935856223131
-8.123369352323792
-10.340666834711383
-8.116945343547474
-11.72247064275252
-10.318321780322053
-8.640463915961746
-10.184923900428881
-9.089886647597055
-9.036553870772371
-10.628123227645178
-7.472909945764476
-8.335316620948708
-12.944329034556471
-12.287734094674828
-10.9064
-10.9064
-7.094587339089031
-10.9064
-10.9064
-10.9064
-10.9064
-10.9064
-10.9064
-10.9064
-10.9064
-12.201517461071976
-11.340963821085861
-8.773290754605126
-8.465704235873481
-8.62056360199842
-9.178864782668171
-11.089496561516421
-10.798452207263272
-9.990128990276236
-8.47440425037748
-12.263808671122122
-7.826873491176974
-12.75578096614638
-9.52559901155944
-7.509926602795735
-10.607755048772468
-9.737598607615253
-6.737365574102112
-8.146978569803785
-11.619240593440683
-13.252975215821008
-9.257468180674032
-10.930569627997155
-8.400355734773333
-12.592218616375648
-9.228928985484998
-7.271136037109531
-12.742475379970074
-8.204586692844234
-8.685025893543262
-13.163490013285088
-11.058844895941148
-6.364527170226314
-9.129752814918648
-8.714956566851443
-7.162975612419656
-10.707183648959857
-9.69066304469412
-9.821092713321107
-8.14809992178136
-8.597342050532392
-10.41402921525062
-8.334470306680906
-11.329965232356768
-11.584741107325224
-12.213269352323792
-9.88396851175163
-9.188642279364863
-12.161752207263273
-7.545749227472951
-7.614066834711383
-8.096536011295504
-12.257975385836977
-10.498973600930647
-12.646544727935577
-7.9797384330173475
-10.931804401473219
-10.65075300128365
-10.75815206942659
-11.065004365455072
-11.597678062690733
-10.592228985484999
-7.489281689322437
-10.399767826680929
-8.084317376453647
-8.592888327861703
-9.89889642538705
-12.572146400351977
-10.496005806911294
-8.128776455357547
-13.935446400351978
-13.193718435489247
-13.354723227645177
-13.354723227645177
-9.72137639649076
-8.276023178573704
-8.590194193088706
-8.134233394144642
-9.59440188468106
-10.090068902129845
-11.980424638916084
-8.856282161788144
-9.918994706973244
-7.986961523923143
-7.632570642752521
-7.973437483157636
-11.239215809261692
-9.264823227645177
-11.495070589579464
-13.477661027800089
-8.651261120457775
-8.042964835841227
-8.404668016524965
-9.57973479718753
-8.552352795934073
-8.963858864780866
-10.62997635487685
-10.361053231515669
-9.434018485537761
-6.99477639649076
-7.886903381956573
-9.52559901155944
-12.137582579266116
-10.628123227645178
-12.742475379970074
-10.507967297919716
-9.188184079758928
-10.707183648959857
-8.640850765807052
-9.33966958371692
-9.988870597311177
-9.514212628577953
-12.447976396490759
-7.334510517374318
-11.681621780322052
-10.585304068330938
-9.156875434908452
-8.591379526151632
-8.275327030736682
-11.924985462865113
-12.742475379970074
-12.908434792396292
-12.38719757504528
-10.472784255445267
-11.187525568551006
-12.440028979618095
-7.712975159235086
-6.7430911662723245
-6.720010448205545
-11.316794193088706
-12.137582579266116
-10.288391107013872
-10.269313464538612
-7.182205383787282
-7.253535948548698
-11.58102903455647
-11.444487630595825
-10.97539660394099
-9.561134094674827
-8.526275612419656
-12.183567573693232
-11.438834803544353
-7.94370310762443
-10.888035239301727
-14.430566834711383
-10.147992800703957
-7.22264653596654
-11.4517306642996
-7.264790063526527
-13.477661027800089
-11.479281022732302
-10.276012809464353
-8.45713021153422
-8.884798443466186
-9.120981192748273
-10.849969352323791
-8.123369352323792
-10.75106102780009
-8.738076378103203
-9.327204414526546
-7.130907891360401
-10.112873017342467
-8.482246400351977
-10.413256441157214
-9.138656346116454
-9.47600106969374
-7.4640064145666685
-9.605481186881368
-8.123369352323792
-10.340666834711383
-10.64692079588444
-12.440028979618095
-8.925091107013873
-12.29820264855977
-12.594263777881292
-8.757767762471378
-7.003070081053602
-7.400706900510405
-10.4063464906652
-9.906832168480214
-9.931412341045197
-9.743383043952951
-9.598938869848652
-13.002612809464352
-13.139856441157216
-10.66633478652939
-11.511292800703956
-10.707183648959857
-8.551243004292969
-12.827201621240773
-7.591721780322053
-11.187525568551006
-11.400610251755593
-12.025700727755222
-9.16136379422761
-8.175669922794253
-9.61209660394099
-8.75580542928191
-8.463788138190873
-7.93973478652939
-11.117577842048563
-12.456031944797783
-11.987734283205778
-9.632398261419644
-10.84248141933095
-8.713788192190734
-9.198385462865112
-13.633
-13.39293478652939
-9.00058838617741
-7.8836630801598275
-7.455234792396293
-9.729431944797781
-12.147132361574668
-9.049956441157216
-9.646330049311835
-8.488196939557138
-10.415836286926032
-13.067266834711383
-8.559055588280735
-10.849969352323791
-7.8337638693092835
-9.762797034597899
-10.66633478652939
-10.296789455871153
-8.975093996345722
-9.327204414526546
-8.2145482092912
-10.115981022732303
-11.002623178573705
-11.32035733523985
-10.250049264562808
-9.387761027800089
-12.161752207263273
-11.921686993792662
-10.66633478652939
-12.944329034556471
-10.707183648959857
-10.268827230857912
-12.161752207263273
-9.635850595791082
-5.777855976461033
-8.383413987574926
-7.192394706973244
-8.440162051764608
-8.080299897648741
-7.910096052484707
-9.374386623385162
-8.974572475359736
-11.794255336759848
-13.525052207263272
-7.509926602795735
-12.213269352323792
-10.618579366102901
-11.038517420733882
-7.374001621240773
-8.38174617332511
-10.592228985484999
-13.736230049311835
-11.681621780322052
-9.30303478652939
-9.268535300413928
-11.82202008663197
-12.572146400351977
-11.393400574852201
-10.32938890006195
-10.855376455357547
-10.9064
-10.9064
-10.9064
-10.9064
-10.9064
-10.9064
-10.9064
-10.9064
-10.9064
-13.49663492214395
-10.9064
-10.9064
-10.9064
-9.97766382108586
-10.318321780322053
-8.914757970969998
-9.049956441157216
-8.55681288231443
-7.203672641622678
-7.263528990276237
-8.946314657706965
-5.842309840968583
-8.330569853219043
-14.146624242400542
-11.952056402702375
-11.230722101358532
-9.05253628692603
-11.828711587901466
-8.752681022732302
-10.25990096718484
-11.8682541938739
-11.991423227645177
-11.109179493191284
-8.394370823638921
-12.2697
-12.8150306642996
-13.49663492214395
-10.318321780322053
-13.067266834711383
-8.229811963327315
-10.849969352323791
-7.005677481116212
-11.545134792396293
-10.4477044448443
-7.549412809464354
-7.570824160595698
-9.175673003147715
-11.156918235721204
-9.202268144663815
-10.63933000387049
-12.680094193088705
-7.770810686943716
-7.730177494933724
-11.553906414566669
-8.929275390628215
-7.387980400971332
-9.50221166730738
-12.109824042632496
-10.925656125381467
-13.284986993792662
-11.708538854860327
-12.246478448533972
-7.405170589579465
-8.173908671122124
-7.92415300128365
-12.769392454508349
-11.293572641622678
-10.345238854860328
-10.467118435489247
-7.203672641622678
-8.96608890006195
-7.423039738253178
-8.29729757504528
-11.766348021592751
-8.684225621346673
-11.619240593440683
-10.628123227645178
-7.359011613822588
-10.52017543490845
-10.115981022732303
-12.908434792396292
-11.420024242400542
-10.063815029752403
-8.771679668802394
-10.9064
-8.010953057869571
-9.722177037136333
-10.592228985484999
-8.434855220888794
-10.377041771497803
-9.396940648379061
-8.888706534666516
-9.601271717488856
-12.029634786529389
-12.161752207263273
-8.79297368627999
-10.091562153027748
-13.067266834711383
-9.481044543219571
-12.990488010313348
-11.969626643574992
-11.604812652239064
-8.9982248155049
-8.704810625382027
-7.556808690510288
-8.326907428152067
-8.493201818616743
-7.531713637367655
-8.440833363239356
-10.131770589579466
-10.192376441795794
-10.224801988632713
-7.686656441157215
-8.370658698222233
-9.374253057869572
-8.613131617379555
-9.29910072775522
-9.101005728692655
-9.205305710380008
-7.84880465273772
-9.215159209816331
-14.84096102780009
-7.795428562140123
-7.528748815613129
-12.783996289984483
-7.673923183364942
-12.74689392219948
-9.52559901155944
-9.243026643574993
-11.838937628038583
-12.842581022732302
-6.530868180674031
-10.521101273513338
-10.318321780322053
-7.0096023036675446
-10.715702841509193
-9.703254297406112
-8.496225180082536
-11.1260970345979
-11.420024242400542
-8.321617647374886
-6.885563132809781
-8.799682808122142
-7.928010172366368
-7.007718412703429
-7.8761706348845
-6.202675390628215
-12.229641095881753
-9.319037751709077
-12.065167511525598
-10.992265940693219
-9.2394706348845
-10.624434283205778
-8.725279407841942
-8.142514279720674
-10.61494922801618
-8.452457508135764
-9.169340604098826
-6.765476455357548
-6.8854966039409895
-9.618786773057675
-13.114658014174566
-9.83575983592982
-12.543259028929931
-10.084133276806906
-5.986896458424211
-9.780212221477964
-9.531375385836979
-8.283030049311837
-10.724346406218881
-10.408130230198237
-7.446248096024043
-10.467118435489247
-10.667124744841612
-7.783485631725668
-10.163151514111936
-7.42800821776358
-8.26566594069322
-7.014379774315767
-12.456031944797783
-10.955768054979803
-10.371036243621097
-10.131770589579466
-9.420532361574669
-10.871900513884539
-11.354690063526526
-11.271227587233346
-10.126989349595215
-9.965455684097126
-8.68641737166241
-11.016720836663698
-9.855497452528265
-10.41043153432833
-5.925975379970073
-7.566315615787648
-9.11808596122269
-9.618786773057675
-8.077802746468432
-8.704810625382027
-8.292981101488124
-13.252975215821008
-9.307591507814825
-10.123191964046612
-10.320078676766041
-9.619729458499682
-9.918994706973244
-9.863580495026808
-11.607515979277661
-11.991423227645177
-8.943254170358772
-11.701693996345721
-10.496005806911294
-10.237099854737092
-8.692016218747233
-11.420024242400542
-12.459285104999562
-11.134740599307587
-13.284986993792662
-13.354723227645177
-8.1798
-8.977366834711383
-12.716728990276236
-12.704263821085862
-9.425365642841115
-7.6548026609001365
-9.918994706973244
-7.990821489064822
-8.323124196959197
-9.618786773057675
-10.982086773057674
-9.132705806911295
-9.65213821177778
-9.515850142029201
-10.047492573677088
-10.047492573677088
-13.002612809464352
-9.060606002386269
-14.477958014174567
-10.849969352323791
-9.660597575045278
-7.492982161788145
-9.762797034597899
-7.180670092810223
-7.071555220888794
-8.619318441356151
-10.388058014174566
-12.680094193088705
-8.611901972768976
-12.365923178573704
-11.58102903455647
-10.058135622490049
-9.39371156700525
-10.801916083144222
-10.805400343447795
-8.566972641622678
-8.382579493191285
-10.17836220961367
-11.562809945764474
-8.539485780669569
-12.908434792396292
-11.562809945764474
-7.493539232866261
-9.284079353026645
-11.26252046461826
-11.107514024674872
-9.72033717963403
-9.639323178573704
-9.044830230198237
-7.067651324557242
-9.625553402905037
-10.131770589579466
-7.919175954405255
-7.00649300971234
-11.615306534666518
-11.599826602795735
-8.47245983592982
-8.836209945764477
-11.52966609542655
-10.257917468957304
-7.491129034556471
-9.387761027800089
-11.340963821085861
-8.123369352323792
-10.102121708512662
-9.420387970971056
-7.686656441157215
-7.997746406218882
-12.472479493191285
-12.891272035137268
-7.002831944797782
-8.397783361427102
-7.1947453191940935
-9.027230141637403
-9.953494193088705
-8.24879660394099
-10.9064
-10.75106102780009
-9.435152207263272
-9.253824638916084
-12.332081186881368
-8.67949245450835
-11.921686993792662
-9.952074918736264
-10.633700100907244
-9.032205579884426
-9.327204414526546
-10.146350431642016
-12.908434792396292
-10.041417137589875
-11.04596498644374
-9.886395262782447
-11.562809945764474
-7.262144904992016
-11.271227587233346
-8.784692800703956
-7.062413829165179
-9.89922046461826
-12.20260106969374
-11.991423227645177
-10.12857881005901
-10.990898564410681
-9.88396851175163
-10.192376441795794
-11.480841165050526
-9.746713987574926
-10.388058014174566
-7.4615372327512945
-12.623663545412496
-9.543099999999999
-9.22200406833094
-10.318321780322053
-9.97766382108586
-13.935446400351978
-8.069881910379502
-13.354723227645177
-10.75106102780009
-9.675217420733883
-10.995698261419642
-9.930272641622677
-9.218571747604514
-7.989961541684627
-10.345238854860328
-7.68408778781304
-10.9064
-10.9064
-10.9064
-10.9064
-10.9064
-9.886395262782447
-8.434855220888794
-8.547926056305796
-10.674282203402054
-10.97496450608887
-13.045800228544046
-11.72577080884654
-10.9064
-7.591721780322053
-8.690611535603951
-8.380083043952952
-7.699669573058779
-8.614363821085862
-10.916551789139449
-10.828821616172986
-9.435152207263272
-8.068408478676282
-10.66633478652939
-8.649949771821642
-7.512798428962187
-9.163075215821008
-7.421557288458087
-6.921000139896514
-8.216434797187532
-11.315329479887406
-10.181834792396293
-8.952832965750924
-8.818534792396292
-7.766747452231112
-11.955528985484998
-8.43667979449662
-10.558386993792661
-10.66633478652939
-8.722311613822589
-10.558386993792661
-11.479281022732302
-13.252975215821008
-9.964248601788757
-7.438072035137269
-12.533934841467765
-12.239685941906503
-11.00822202565853
-13.114658014174566
-12.472479493191285
-9.163075215821008
-10.592228985484999
-7.591721780322053
-9.675217420733883
-11.316794193088706
-11.8682541938739
-11.480841165050526
-9.352402841509193
-6.8165
-11.948604068330937
-9.065950590534948
-9.120488003492618
-11.143512221477962
-10.609211207573164
-10.764884387220745
-13.160816989931444
-10.742021559587064
-7.678983672865228
-8.886749264562807
-11.239215809261692
-9.163075215821008
-12.474187459368132
-12.201553909470716
-11.588476600266329
-12.612995262782446
-10.866341095881753
-11.619240593440683
-10.9064
-9.419570422017534
-8.707691768133984
-10.9064
-10.9064
-10.9064
-10.9064
-10.9064
-10.9064
-10.9064
-10.9064
-12.46419860761525
-7.951696277537811
-7.733511564751115
-11.819246902793047
-9.002961430104383
-11.454862153027747
-11.293572641622678
-9.918994706973244
-7.881870545738308
-10.9064
-10.1697688270176
-10.069549444236355
-10.9064
-10.9064
-8.722311613822589
-9.875915809261691
-8.700515029752404
-12.126884090337015
-11.830418435489246
-11.681621780322052
-9.632398261419644
-11.53820987524223
-12.240812628577952
-10.9064
-10.9064
-10.9064
-10.9064
-10.9064
-10.9064
-10.9064
-10.9064
-10.9064
-11.209834013036652
-8.197224023866417
-9.014971449752409
-10.431025210410988
-12.506812221477963
-9.374253057869572
-7.722470243990162
-10.9064
-8.700515029752404
-11.055027515423957
-9.135673600930646
-10.9064
-10.9064
-10.9064
-10.9064
-10.260298465465752
-10.181834792396293
-7.4181126057921345
-8.236289858003492
-12.332081186881368
-9.1066445681448
-8.65653575371423
-12.982540593440683
-10.9064
-10.849969352323791
-9.11808596122269
-14.756234786529388
-11.239215809261692
-8.104302720836463
-10.694630380123881
-8.834418496085561
-9.35670885079567
-9.72137639649076
-8.618075893854613
-9.503041095881754
-11.8682541938739
-11.08467639649076
-13.114658014174566
-9.460350634245922
-7.903005265132844
-7.2388556840971265
-8.358076396490759
-10.9064
-10.9064
-13.49663492214395
-10.9064
-8.566972641622678
-8.208924248267447
-11.170634841467766
-10.9064
-12.213269352323792
-10.878076776945722
-11.53820987524223
-8.726768902129844
-11.448911613822588
-10.22536399500351
-10.076796458424212
-11.521243852880243
-9.767968016524964
-13.023389455871152
-12.856772549021809
-9.784647250958278
-8.752681022732302
-9.48666935232379
-10.9064
-10.467118435489247
-11.479281022732302
-11.619240593440683
-10.9064
-12.634527587233347
-10.623332066938628
-12.769392454508349
-8.884798443466186
-12.572146400351977
-6.780884446320927
-7.547374688115513
-11.143512221477962
-11.52797203513727
-12.037582203402055
-8.593757335239848
-8.619318441356151
-10.865766335866795
-10.435776841365062
-10.9064
-10.439575159235085
-8.746481241819746
-8.880915979277662
-8.697668516254277
-11.448911613822588
-8.836209945764477
-10.9064
-10.9064
-13.354723227645177
-12.46419860761525
-13.354723227645177
-7.769405806911294
-10.75106102780009
-10.526375215821009
-7.908970793355036
-11.619240593440683
-12.612995262782446
-10.725217743634687
-8.707691768133984
-9.385488189434428
-10.9064
-10.9064
-8.35170995163138
-12.944329034556471
-10.334324745501739
-9.874359767190818
-9.713428979618095
-11.286780134995208
-9.343883648959858
-9.697847194372356
-7.203672641622678
-8.729759179532445
-8.663195820196384
-9.352402841509193
-9.076275159235085
-10.936769408909713
-10.558386993792661
-7.511839605000123
-8.329951515408712
-7.831786993792662
-9.789115752675771
-9.952074918736264
-11.52797203513727
-11.251813596588397
-8.823782156142103
-8.804765016727627
-8.35727683706178
-9.109484255445267
-9.639323178573704
-7.614066834711383
-10.737553057869572
-10.606326643574993
-10.340666834711383
-10.147992800703957
-8.7251157920004
-10.700455466702833
-8.329951515408712
-13.193718435489247
-9.236641125713527
-8.017668521172618
-9.72137639649076
-8.203353205591473
-10.102121708512662
-9.618786773057675
-7.413226137886488
-12.161752207263273
-9.156875434908452
-11.353428990276235
-10.02918096614638
-11.117577842048563
-9.20503804596895
-9.82613240970703
-9.406264835841228
-8.544627587233347
-11.621217468957305
-9.780212221477964
-6.8366130500984585
-9.2394706348845
-12.742475379970074
-8.863753222018637
-8.416912221477963
-8.150349017238696
-10.76024064837906
-12.78332424240054
-13.57656935232379
-10.742021559587064
-11.061147194372355
-12.213269352323792
-12.874592800703956
-12.827201621240773
-8.873226602795736
-8.024461027800088
-7.712975159235086
-7.1189464003519785
-12.40926498644374
-9.992653828504046
-8.401215682153527
-10.567335380755269
-8.858141107325222
-10.296789455871153
-10.12161688020421
-11.758805579884424
-12.612995262782446
-9.470738157999053
-11.627188010313349
-12.352153402905037
-10.968781186881367
-9.952074918736264
-7.289275379970073
-8.512615809261693
-8.134233394144642
-8.66588096614638
-11.091112043193094
-8.311917420733883
-8.287984669582126
-10.00286224806851
-8.62181138679572
-8.242181186881368
-13.354723227645177
-7.323814338979125
-9.537208671122123
-8.242181186881368
-12.927199318966501
-7.35282725169588
-6.107460855683762
-8.369385104999562
-11.27692462276882
-10.439575159235085
-10.157943852880244
-10.803406827533562
-9.703254297406112
-10.419727256026064
-6.988885067612884
-8.7251157920004
-13.139856441157216
-8.829076441795793
-12.487683361427102
-11.100898607615251
-11.227898678712261
-12.034945006642543
-8.959423835300552
-7.466663443710274
-13.002612809464352
-10.070991768133984
-9.435152207263272
-10.742021559587064
-11.479281022732302
-9.129752814918648
-9.201702410852285
-10.628123227645178
-8.697853124352317
-7.834424297338919
-8.091924423286942
-13.525052207263272
-10.9064
-8.453359028929933
-8.416912221477963
-13.765117420733883
-10.413256441157214
-11.479281022732302
-10.340666834711383
-10.526375215821009
-10.467118435489247
-10.912350539205159
-8.722311613822589
-7.793267143484052
-8.138083399043818
-10.467118435489247
-12.05793038012388
-10.72000885079567
-9.941769578925683
-10.115981022732303
-8.246141560625524
-8.875139605000122
-11.660089455871152
-8.191761491008421
-7.145175417093842
-8.416912221477963
-8.784692800703956
-9.228928985484998
-9.103818435489247
-9.930272641622677
-11.955528985484998
-8.912712809464354
-10.164672035137269
-8.251463606951383
-9.2394706348845
-9.33966958371692
-8.380083043952952
-10.628123227645178
-10.022490797029695
-11.337274876646463
-11.859305806911294
-11.371333229995574
-13.114658014174566
-9.815907666307295
-7.825244676759947
-8.424919350283226
-8.230456572718346
-11.727188386177412
-8.052438216618325
-7.3893810227323025
-9.430238704647584
-10.412484674373363
-8.403803043884377
-9.697847194372356
-9.886395262782447
-7.7804617555553115
-9.19180679888084
-12.480877842048564
-10.568338045968948
-12.827201621240773
-10.707183648959857
-9.83575983592982
-11.076728979618094
-7.255645403225249
-8.73276463607318
-10.628123227645178
-10.558386993792661
-7.963493394956289
-7.18960847280938
-8.320865807696489
-8.663195820196384
-6.8165
-9.126814478033419
-13.222605806911293
-11.599826602795735
-9.195086993792662
-7.871227832569822
-10.798452207263272
-11.90546478266817
-11.282294706973245
-13.166175159235085
-12.908434792396292
-10.41842742308428
-8.029033047949033
-7.65410296720342
-12.74689392219948
-11.110901044769978
-12.186950634245921
-7.787745172883001
-7.727137670128385
-8.594949830440914
-11.260363545412497
-8.9982248155049
-8.920936187035176
-12.293869627997156
-9.897063545412497
-11.400610251755593
-8.342286829643596
-12.908434792396292
-10.147992800703957
-10.439575159235085
-10.65075300128365
-11.955528985484998
-10.309614657706964
-8.671288069180136
-9.425365642841115
-9.531375385836979
-9.845546400351978
-12.319068054979804
-12.543259028929931
-13.354723227645177
-11.218797452528264
-12.20791118302015
-10.100601621240774
-8.552352795934073
-9.103818435489247
-7.289275379970073
-8.914757970969998
-8.1798
-12.608781197539509
-12.22413339414464
-10.592228985484999
-11.96253585622313
-10.309614657706964
-11.082280950200207
-11.619240593440683
-6.661161027800089
-11.966070634884499
-8.51678535936103
-9.807334841467766
-13.57656935232379
-12.093481505282949
-7.860117091519987
-7.447106298329945
-11.477724980661428
-6.56085300128365
-10.9064
-7.851859209816332
-8.794643852880244
-9.990128990276236
-9.930272641622677
-10.467118435489247
-10.94303479718753
-8.482246400351977
-8.11801118302015
-9.732166586704826
-9.860385065219113
-8.491194787314585
-9.068787226242245
-11.916254972882237
-8.358076396490759
-8.608524189262575
-11.534076103631637
-7.549412809464354
-8.784116706531599
-8.13753186321709
-7.944490423881597
-7.794192499755528
-6.805937454251591
-10.388058014174566
-9.48666935232379
-14.307629034556472
-9.801810008217302
-8.977366834711383
-8.342286829643596
-8.682252709704342
-9.361046406218883
-9.037223183364942
-8.857937425940799
-12.692055684097127
-8.349340073882217
-12.592218616375648
-9.460350634245922
-10.318321780322053
-11.720167420733883
-10.130971030150487
-8.823782156142103
-8.139188014414932
-10.9064
-12.542319974542472
-10.9064
-9.0621806673229
-11.4871231727068
-9.05253628692603
-8.991190194132038
-6.804775385836977
-8.396928381253725
-6.491971747604514
-7.857672281255103
-8.649949771821642
-7.810466161991691
-8.305293780485988
-8.385924551056076
-7.630225793481007
-7.533300967184841
-7.981853739544536
-7.947682203402054
-7.801335358139233
-7.737986398841158
-9.387761027800089
-10.690504414526547
-9.918994706973244
-9.713428979618095
-10.439575159235085
-7.872635856223131
-9.551447601860646
-8.635713434945224
-9.049956441157216
-8.498249365531665
-9.039748021592752
-8.563566647567244
-14.585905806911294
-9.27603000387049
-6.045079668802394
-9.415738216618324
-11.830418435489246
-11.228918616375648
-11.727188386177412
-12.680094193088705
-11.681621780322052
-8.588786731975965
-11.84758119274827
-10.050274879864789
-11.305069578925682
-10.526375215821009
-9.012549877185833
-8.950652213130176
-9.82613240970703
-10.439575159235085
-8.920936187035176
-11.853414478033416
-10.80840325943956
-12.447976396490759
-8.587830622416194
-9.08749564896414
-8.42851313167915
-7.781367297919716
-8.600948601788756
-10.236526602795736
-10.047215125827737
-9.637550472919939
-9.543099999999999
-10.496005806911294
-8.368570137675873
-8.001070120633024
-11.921686993792662
-9.152800024111711
-12.161752207263273
-10.091562153027748
-10.227053222018636
-10.151291269776406
-12.480877842048564
-12.213269352323792
-10.808905229513865
-11.134740599307587
-7.811692191685829
-6.817932180751738
-10.514345172883
-10.475637628038584
-8.884467442180224
-8.747391637911695
-8.869134459576879
-6.693932361574668
-7.57806543959332
-8.585476449663815
-10.015875379970073
-6.921000139896514
-8.248131726086529
-8.757373837264442
-9.592468054979804
-8.884798443466186
-9.163075215821008
-8.318616000047617
-9.343883648959858
-7.451762209613671
-10.136590754605125
-11.58102903455647
-8.506416028349134
-9.406264835841228
-8.96608890006195
-7.9746923200819815
-8.323124196959197
-8.031793303145026
-7.362574755973731
-8.024461027800088
-12.742475379970074
-9.953731069934106
-9.168459448271202
-8.80137203513727
-10.667124744841612
-8.963858864780866
-7.377045708497418
-10.504954193873902
-8.509507803871857
-7.149315809261692
-7.267320296724219
-8.359678761926647
-8.626828990276236
-9.875915809261691
-8.329189025068713
-8.629353828504048
-10.908777818676104
-11.37393575579991
-11.353428990276235
-9.845546400351978
-9.057729948888616
-10.66633478652939
-8.685025893543262
-7.340075294576828
-11.067330787572722
-8.808177554515808
-10.75106102780009
-10.439575159235085
-8.291549241861173
-7.37097310483101
-12.029634786529389
-10.149639738253178
-12.847273837264442
-8.62181138679572
-11.199059835929821
-13.114658014174566
-8.47440425037748
-7.876525276205183
-6.853134797187531
-11.152635755247339
-9.952074918736264
-10.770034922143951
-6.421095814329479
-7.128897452528265
-8.280919267514088
-8.986546455290355
-8.386763776805626
-8.955021780322053
-9.729431944797781
-7.8401879740943095
-10.989534338767532
-11.934992579968968
-9.990128990276236
-10.467118435489247
-11.727188386177412
-11.143512221477962
-9.246604138853183
-9.310982203402054
-11.058079448301013
-13.002612809464352
-9.31499627753781
-13.433783648959858
-12.480877842048564
-12.533934841467765
-8.620885234935367
-7.989102841509194
-8.186947857443686
-10.551844676759947
-9.567269627997156
-10.526375215821009
-9.990507030302178
-6.081577554515808
-12.769392454508349
-13.002612809464352
-10.871900513884539
-10.345238854860328
-8.858141107325222
-9.348127922813593
-7.440954828271086
-10.37827144975241
-9.854494787314584
-9.465521616172987
-8.600948601788756
-8.690611535603951
-10.363888386177411
-10.115981022732303
-9.646330049311835
-9.029712634444856
-9.264823227645177
-11.508012605792135
-9.855497452528265
-10.53579833780879
-10.439575159235085
-9.922355588280736
-11.479281022732302
-12.444784616970303
-10.42203375056186
-13.496164835841226
-10.00286224806851
-11.619240593440683
-11.117577842048563
-9.875915809261691
-8.444034841467765
-8.523095262782446
-10.296789455871153
-9.134134915399816
-6.456601161475566
-9.175673003147715
-8.18995178913945
-10.47994363732506
-10.432618949373786
-10.204917048798231
-9.764515682153528
-8.914757970969998
-11.463901621240772
-11.289035656455086
-11.316794193088706
-8.354089353362252
-9.324988290914238
-6.963607428152068
-10.968781186881367
-13.633
-14.043394193088705
-10.883178448533972
-7.044840599307587
-11.599826602795735
-8.590194193088706
-9.651497939801342
-10.04279245450835
-9.690207428152068
-12.480877842048564
-12.181824423286942
-9.48666935232379
-11.768883672865227
-12.656872641622677
-7.757176403985001
-7.583015288613565
-12.515715752675769
-9.778271283861656
-11.77913628692603
-12.173537367149773
-7.48463402899937
-11.420024242400542
-11.061147194372355
-6.604730380123882
-7.961852164058703
-11.955528985484998
-9.58225963541534
-10.91836149100842
-10.9064
-10.9064
-7.762928556494082
-8.850740090117073
-9.514212628577953
-12.47323213958048
-12.716728990276236
-8.290120836663698
-8.839809188867868
-8.988863772014389
-9.448116328618735
-8.69342424240054
-12.542319974542472
-9.614095729083406
-8.30164574881455
-7.527960697470564
-10.413256441157214
-12.033595160273547
-7.36765953203113
-7.299895820196383
-8.358877037136333
-6.352372538238466
-6.0483062362818
-12.070483648959858
-9.543099999999999
-9.103818435489247
-8.1325910250827
-10.60990413885318
-8.273070186581057
-9.27066240775245
-10.255940593440684
-10.658492636554891
-7.088182407177625
-10.020233251995142
-12.213269352323792
-10.056724242400541
-7.1189464003519785
-10.962889858003491
-7.521498443466186
-12.926109945764475
-10.9064
-10.9064
-10.9064
-10.9064
-10.9064
-10.9064
-10.9064
-11.656225522938207
-10.9064
-10.9064
-10.9064
-7.993408850795671
-12.592218616375648
-7.500453222018637
-12.480877842048564
-12.663743979873741
-9.965455684097126
-11.546878751439737
-11.134740599307587
-8.183959089526246
-11.991423227645177
-11.997000100907245
-13.633
-10.575066228225975
-8.452457508135764
-10.46206514449676
-10.9064
-10.9064
-10.9064
-6.236658192551173
-7.959398816623635
-6.992699783631272
-7.179794567819362
-7.103845389527441
-7.5729447705531525
-14.945276455357547
-11.955528985484998
-9.990128990276236
-11.495070589579464
-9.870538924474898
-9.94572995266984
-10.9064
-10.9064
-10.9064
-8.781412605792134
-8.413387963053399
-9.073590013285088
-7.372485426642214
-8.435766804852056
-12.378595869267855
-6.75471118302015
-6.576434786529389
-12.612995262782446
-7.121022293122309
-7.9746923200819815
-8.735785426642215
-10.217729034556472
-11.208846400351979
-11.448911613822588
-12.572146400351977
-12.213269352323792
-7.746753830926594
-8.42223825739758
-8.416912221477963
-9.843576103468207
-8.661857800040089
-7.9472822887180365
-7.637288386177411
-11.619240593440683
-8.55013528897046
-9.965455684097126
-9.450142214681458
-11.52797203513727
-12.30633479718753
-9.88218119753951
-8.83513442563734
-11.406092454508348
-12.827201621240773
-9.948541546400595
-9.865618616375647
-11.100898607615251
-10.298907789677104
-10.187082156142104
-9.348127922813593
-8.768470589579465
-8.312657975761235
-9.754277842048563
-8.365321439993348
-8.19661458102601
-8.74494138746106
-6.8260497823085515
-7.491129034556471
-9.20503804596895
-10.592228985484999
-7.198683864241496
-7.750756275594211
-11.183730211534222
-11.228918616375648
-9.58606719623642
-11.319167237015677
-11.39517834514976
-10.968123692458244
-8.188177626641563
-7.494282810567985
-7.930725221781973
-9.144667297919716
-7.810783542683922
-9.264823227645177
-9.363270855925679
-8.803015203029299
-11.054266983954992
-6.930183071562428
