-9.722148881237276
-10.100601621240774
-10.17795786359358
-10.933661403519878
-10.197539648880705
-9.965697396150771
-8.060127593100251
-8.222130899918135
-8.651261120457775
-10.75106102780009
-10.761036738620327
-10.38908770854692
-9.503041095881754
-8.5529698150156
-7.553510221437841
-8.984457876337885
-11.043015096193974
-11.179019974542472
-9.531489224266986
-9.179081104806835
-7.413281695141711
-10.798123460051709
-11.123319493094487
-7.907141192619206
-10.01422175776523
-9.534464493869567
-8.571544661771622
-9.338613923836416
-10.815490204461513
-7.549617008006532
-10.983773597186177
-8.33032734529608
-11.291976200662903
-10.633700100907244
-8.755046282699745
-8.125826103631637
-11.179062982306338
-9.679451045876416
-11.588101988632712
-8.588786731975965
-9.815719974542471
-7.525419518453434
-7.760590651512917
-8.597123775410282
-9.653420836663699
-9.132705806911295
-7.350196458424212
-7.84509257996897
-10.245625565087735
-9.365415973410757
-8.14667718805316
-8.451359447436468
-8.369385104999562
-10.732393496896332
-10.765417141602889
-9.115456063853564
-8.074184436859571
-10.433461104846277
-7.4003893495952155
-7.515684252711951
-12.572146400351977
-11.315375319421035
-11.860787844398962
-8.091886805062913
-7.4298404910894265
-8.722311613822589
-9.076275159235085
-8.997776801796418
-7.644436243621097
-7.578708648420488
-7.5234492645628075
-6.765067582133749
-11.422383114112987
-11.895471924923331
-10.94936719623642
-7.978454758207493
-10.224801988632713
-7.997746406218882
-7.2698613893251265
-9.839442331857612
-8.716420284944713
-7.661458014174567
-7.897834283205778
-7.511839605000123
-10.906360037724859
-11.588101988632712
-9.707110501783847
-9.259812433644537
-7.4414671312141465
-7.259761806832142
-10.24775223526678
-8.265813170791974
-11.15241575267577
-9.088659623907395
-10.786244070274538
-7.398804144720086
-9.679451045876416
-10.361053231515669
-8.099297603922034
-6.760069352323791
-7.002831944797782
-7.848466228225974
-7.931892636554891
-6.300220996973234
-7.580857738501202
-11.208846400351979
-10.361053231515669
-10.592461307923903
-12.569586290701007
-10.633700100907244
-8.12674462455874
-7.590004659018171
-10.057853077188968
-8.848904201306008
-6.1241400901170735
-8.138457239337377
-8.588786731975965
-11.179019974542472
-8.316128684206275
-7.955252069964418
-8.083155133239956
-11.165385028892919
-10.695340596374136
-11.991423227645177
-8.390132626106054
-8.1798
-7.8726358562231304
-8.834418496085561
-9.592468054979804
-9.202266213436014
-9.519878448533971
-6.778475575291956
-8.159789362094495
-8.426713514283986
-8.894617468957303
-12.489397034597898
-7.5352911326458445
-10.439575159235085
-9.407049039832492
-12.340540084451579
-10.079749306741078
-9.987792986908154
-7.758261941855333
-8.461577839438693
-6.110687423163168
-6.140648225595667
-7.390470735743708
-7.596123835300553
-8.316128684206275
-7.642905923389912
-9.33495723901671
-9.625631636741009
-11.316794193088706
-11.631202084449106
-10.036301267127518
-8.391824266305912
-10.548600429370504
-11.480841165050526
-7.746184255445266
-7.657882029648517
-9.175211287171214
-9.386396278059033
-8.978569185687569
-6.957902825361543
-9.729431944797781
-8.588786731975965
-9.679451045876416
-11.179019974542472
-9.952074918736264
-7.605415506563663
-7.194272861226917
-7.153922220266122
-9.27043745689118
-9.011216553378569
-8.407795083263139
-10.633700100907244
-11.588101988632712
-11.179019974542472
-12.506812221477963
-10.75106102780009
-6.871039036906869
-10.450735465504678
-9.770327236725338
-7.745615227369581
-7.6689055798844254
-8.7251157920004
-9.22498647799559
-8.892969706130044
-9.743710463447352
-7.43976609542655
-7.469332450486287
-8.555800114428012
-7.256217908326219
-8.586652365973254
-9.401584387220742
-11.493345679623868
-7.19284172373074
-7.734627106611371
-7.547781751498462
-7.7997752158210085
-11.282294706973245
-10.056724242400541
-9.08779028893162
-10.262171498399027
-11.972389731644668
-8.198444794746692
-7.684344152254013
-8.797840738789066
-10.217356332239305
-9.889217053797335
-6.9169173425152435
-11.017372002137007
-11.950451042224552
-11.038517420733882
-10.363888386177411
-10.388058014174566
-9.965455684097126
-11.316794193088706
-7.55595069456764
-8.763689349595216
-8.35727683706178
-7.508019761639711
-10.1205259901182
-10.496005806911294
-8.3994970345979
-8.24879660394099
-11.208846400351977
-10.825197192375201
-8.248940901465861
-9.815719974542471
-9.543099999999999
-9.335764379229065
-10.402036793905125
-11.02911922868851
-7.8748586932660105
-11.061873806597177
-8.661857800040089
-8.482344655053089
-7.593918716672717
-7.732120086631968
-7.974227175213953
-12.114361027800088
-7.331535622490049
-8.312797274778005
-9.543099999999999
-8.861445817325126
-7.770889703920971
-9.679451045876416
-10.936769408909713
-9.196074606477335
-8.06534564131249
-12.263808671122122
-11.588101988632712
-12.332081186881368
-8.613351780984459
-10.09027370755367
-8.799682808122142
-10.930280670596382
-8.576872609778246
-9.555061491008422
-9.078115808689777
-10.544117396198146
-10.236526602795735
-8.433945038284984
-9.36732784872223
-7.852709644047585
-7.002831944797782
-7.446817846937693
-8.027237926662785
-8.290120836663698
-10.074813803860646
-8.283030049311837
-7.887064839577045
-9.103818435489247
-10.276012809464353
-10.798452207263272
-11.619240593440683
-7.66417792304599
-8.030173777721627
-7.382447290232304
-11.707060193306308
-8.77153979786495
-10.293508403470328
-12.2697
-10.75106102780009
-7.067922855709526
-6.388604818470733
-8.047682579266116
-6.804775385836977
-11.208846400351979
-9.543099999999999
-11.117577842048563
-9.02942010790565
-10.135907986705378
-7.22630241526115
-8.162299011559439
-7.796667210431173
-9.747576024487028
-7.605027366498359
-8.091924423286942
-9.865618616375647
-12.680094193088705
-11.830418435489246
-9.598938869848652
-10.131770589579466
-10.849969352323791
-8.130006660043456
-10.388058014174566
-7.1189464003519785
-7.513758808194945
-10.11943143268153
-10.56168546286511
-9.627598564410683
-7.663930141637403
-9.134098817458387
-10.361053231515669
-11.451730664299598
-6.708552207263272
-10.255940593440684
-9.206259520987327
-10.211105394308579
-8.820558262204838
-8.766011397200653
-7.237060994478785
-7.8285067988808406
-9.21007940409747
-9.049956441157216
-8.311917420733883
-10.279288467430591
-12.742475379970074
-7.620344892386802
-7.3618374076160915
-8.624725759493595
-8.3994970345979
-7.757681192748271
-7.254775893854612
-7.4483098752422325
-10.17785000203026
-9.952074918736264
-10.0884306642996
-8.588786731975965
-10.361053231515669
-8.671288069180136
-9.049956441157216
-8.306055113652372
-7.570189455871152
-7.071555220888794
-10.179312303592221
-9.406781951308531
-10.770034922143951
-10.79746623922996
-10.666409528817915
-10.453834185353042
-9.979393225891595
-8.943254170358772
-9.978822479447878
-10.73465471341139
-10.040172634423584
-10.102121708512662
-10.70171119075186
-11.037319272097083
-8.71145833707537
-7.5459135153683405
-9.166373710487122
-8.502318616375648
-8.836209945764477
-9.527811700781413
-7.251063821085861
-8.37101841270343
-8.652575379970074
-12.440028979618095
-9.440106827533562
-10.205982081441316
-9.834410423170766
-8.1600764261913
-5.956206308311462
-6.328443152509403
-7.614066834711383
-10.9064
-9.679451045876416
-7.970935759715095
-11.287996346680243
-10.973196416884658
-10.00286224806851
-11.549130366383364
-9.465061775244848
-8.461878221479267
-6.934720056730022
-6.65257027023164
-7.087152794976178
-8.334547194372355
-8.609669657230395
-9.939276145219086
-7.435112565140027
-11.1260970345979
-13.360300100907246
-11.930026611009318
-11.895940604098824
-12.185039542278146
-10.633700100907244
-5.875555684097127
-8.490755229824508
-8.76184182447993
-6.871090294258498
-7.239122781641912
-8.31154760577812
-10.979953714076032
-9.537208671122123
-7.021312498595224
-8.722311613822589
-8.213293815459322
-7.627890194132037
-11.249695262782446
-8.588786731975965
-10.70171119075186
-9.455224423286943
-7.871227832569822
-9.406264835841226
-7.3701009834267595
-10.365789110739634
-6.721212294760143
-7.466989011722957
-7.900161818084074
-9.44336497873054
-12.2697
-9.406781951308531
-10.361053231515669
-12.561622334723376
-9.916371645034467
-8.588786731975965
-11.208846400351979
-8.342286829643596
-9.520590932231894
-11.727188386177412
-7.907141192619206
-8.67949245450835
-8.390977842048564
-9.670360733074856
-10.361053231515669
-10.558386993792661
-9.486757207774634
-10.9064
-8.588786731975965
-10.497487844398961
-10.347538172962446
-10.75106102780009
-8.1798
-9.134098817458387
-8.1798
-9.718980413949684
-7.529340593440684
-8.541848827032988
-12.401817420733883
-10.96551002836501
-10.962238869848653
-7.663930141637403
-7.611793996345721
-8.28727432316557
-7.6918274230842805
-9.405795122474919
-9.447966017961232
-6.918617456573324
-9.653420836663699
-10.534459000138567
-7.68923628692603
-7.401978810059009
-7.539291645616969
-7.443168827017601
-7.443168827017601
-8.450263398044013
-8.197834094674828
-7.062515752675771
-8.997776801796418
-6.9528301749580095
-10.892614140256985
-9.452216621111601
-10.088401022996067
-7.48850764232949
-11.260363545412497
-10.154225385299144
-7.976369583716921
-7.600558864780866
-6.904968872100988
-8.062065642841116
-9.276348442596593
-8.818534792396292
-9.348127922813593
-8.626828990276236
-8.426713514283986
-8.115224214519804
-9.406781951308531
-9.543099999999999
-10.224801988632713
-9.27043745689118
-9.27043745689118
-10.0884306642996
-9.27043745689118
-11.179019974542472
-10.270629729091562
-9.74763232309769
-11.574405394308577
-10.729154709012292
-7.029711296825314
-11.249695262782446
-12.680094193088705
-10.628123227645178
-9.772962536816214
-11.038517420733882
-9.73759860761525
-10.413256441157214
-10.9064
-11.451730664299598
-11.588101988632712
-8.51206052099295
-10.191046625706559
-12.161752207263273
-11.600767651914023
-8.378688458755276
-7.978754412390723
-8.036492565801783
-6.1635312615271065
-6.951226095259356
-8.462832409707032
-9.58606719623642
-10.634285908761862
-9.338595355368332
-10.020263923836415
-10.770034922143951
-10.502740292856718
-8.766872549021807
-9.392333047949034
-10.144712605792135
-10.147992800703957
-10.019835753714231
-9.218571747604514
-7.361820253650936
-9.503041095881754
-9.543099999999999
-8.698160932789092
-8.69342424240054
-8.187295003709092
-9.07902809549369
-8.527086831122473
-10.638418640921488
-10.239312124133722
-11.258899221733092
-11.630299282205339
-12.070483648959858
-8.128776455357547
-7.614066834711383
-7.831786993792662
-11.315374918736264
-7.242491767176088
-8.453359028929931
-8.589011228325184
-9.521057715816156
-8.993525793481007
-10.62137793749844
-9.195086993792662
-9.406781951308531
-8.616056114204705
-7.181327587233347
-10.852126271529553
-7.763514478033418
-9.271844193088704
-10.9064
-8.70760372743933
-8.687812127707128
-8.636993594724334
-8.875139605000122
-10.0884306642996
-8.043467842166917
-7.479948855987838
-8.910674688115513
-7.818773861891098
-11.599826602795735
-9.907927587233347
-10.496005806911294
-7.90560779093718
-8.124785883692319
-8.121722817446946
-9.747633291922078
-8.588786731975965
-8.970506795015325
-9.474944738160769
-12.100853057869571
-7.917272790866287
-7.3653141438074865
-8.495701065071586
-8.526275612419655
-9.659155251147649
-10.881413791407768
-8.45813361688412
-8.794643852880244
-9.744772159604834
-10.206730445827377
-12.678674918736265
-10.74291932119528
-12.812211613822589
-8.506416028349134
-7.287961120457775
-9.845546400351978
-8.590194193088706
-7.637288386177411
-6.410457703838652
-6.84600960974293
-7.1045027146409545
-11.287906821666658
-11.448911613822588
-11.776556441157215
-10.448264495138119
-10.107095211940798
-9.679451045876416
-10.106554970864883
-9.348943427977991
-9.389517928111566
-8.162299011559439
-12.352153402905037
-9.993033484603735
-10.061110517374319
-7.831786993792662
-9.163075215821008
-7.209393204648144
-9.508600513884538
-9.83575983592982
-9.47600106969374
-9.367666917343744
-6.5185705457383065
-11.991886146947621
-9.467964472572355
-8.460925568551007
-11.004017934618423
-10.071136193959113
-10.739783093150654
-6.878881186881368
-11.150749147200232
-7.080734841467766
-8.570934884357392
-9.674986232253886
-9.90927836280159
-10.292995450005309
-12.815030664299597
-11.58102903455647
-10.252006534666515
-7.0439705423292995
-10.660834394388845
-9.952074918736264
-9.815719974542471
-10.224801988632713
-9.679451045876416
-8.316579514464966
-8.488983306761792
-8.80137203513727
-9.027230141637403
-10.157987740907163
-7.309347595993743
-9.845546400351978
-12.2697
-9.103818435489247
-8.946314657706965
-9.032100189316164
-7.455234792396293
-5.775718616375648
-7.835085462865111
-8.752681022732302
-11.316794193088706
-9.285305837762138
-10.743708383715568
-10.932697311229607
-10.067819517315353
-9.27043745689118
-9.460350634245922
-9.679451045876416
-10.164672035137269
-12.812295836192426
-8.861445817325126
-9.815719974542471
-9.815719974542471
-8.84161704879823
-7.559622033530063
-11.991423227645177
-9.037223183364942
-7.551457970969998
-7.5983371973816745
-8.997776801796418
-10.257917468957304
-9.672264428741236
-9.952074918736264
-8.881551277139131
-10.006468753518623
-8.540258020041472
-7.346466142790097
-9.264823227645177
-11.86078784439896
-10.497487844398961
-11.463901621240772
-9.702832029648517
-7.089160323251182
-10.361053231515669
-9.406781951308531
-8.452457508135764
-8.643319654983738
-11.042751045876413
-9.35670885079567
-7.332101117917162
-9.543099999999999
-11.451730664299598
-10.831983122518466
-10.9800717728127
-7.470765227715597
-8.861445817325126
-8.75145350127653
-8.047682579266116
-10.157943852880244
-8.592567237015677
-8.588786731975965
-9.58397000829619
-9.954829365235375
-7.93973478652939
-5.489834797187531
-7.943908587459713
-7.186034805091274
-9.343883648959858
-6.90986146788101
-10.770034922143951
-9.815719974542471
-7.341079660665307
-7.907141192619206
-9.684165181828254
-11.946947606855487
-7.0949051892468376
-9.073590013285088
-7.584962626199501
-9.406781951308531
-10.31562826182625
-7.602565518181473
-9.815719974542471
-7.515491426243164
-10.037783708194983
-7.859545822808485
-10.413256441157214
-9.771440599307587
-7.647896704179666
-11.168787496233731
-8.906619373171242
-8.766011397200653
-10.078256566851442
-10.453186647597056
-8.402076880366716
-9.550247857443686
-8.533763545412496
-8.72826215302775
-10.497487844398961
-9.543099999999999
-10.724618961773047
-7.373372263597183
-11.921686993792662
-7.749037628038584
-8.861445817325126
-8.588786731975965
-8.7251157920004
-8.010953057869571
-7.3148701207184885
-12.406051045876413
-9.815719974542471
-9.747572959116185
-12.13333492214395
-10.770034922143951
-7.749037628038584
-7.545343558620371
-7.2388556840971265
-8.18995178913945
-7.749037628038584
-7.6689055798844254
-10.255940593440684
-11.100305301498725
-11.179019974542472
-10.70171119075186
-9.611232408236749
-10.238439605000123
-9.375746289984484
-12.2697
-6.488559209816332
-7.726586647597055
-11.451730664299598
-8.425197089904758
-11.463901621240772
-9.163075215821008
-9.103818435489247
-9.264823227645177
-10.361053231515669
-11.860787844398962
-9.883899459182816
-8.588786731975965
-8.7251157920004
-9.27043745689118
-8.425197089904758
-11.208846400351979
-10.015875379970073
-8.779779298088268
-7.9850566157293805
-9.471797201189275
-11.179019974542472
-7.634479158876101
-8.861445817325126
-11.315374918736264
-7.167242828492304
-8.347359748474338
-7.60278890006195
-7.7843958143294785
-10.224801988632713
-9.102833287047362
-8.027657731030558
-9.679451045876416
-10.770034922143951
-8.686795336482037
-7.88330413885318
-7.757681192748271
-8.925091107013873
-7.997746406218882
-7.290328892111344
-7.702306876605035
-8.272550595791081
-9.440106827533562
-8.898591132645844
-7.149315809261692
-7.498149561913176
-8.699698760416661
-7.539291645616969
-7.492982161788145
-7.989102841509194
-8.452615954381892
-7.314491321211341
-9.497634933104164
-10.401602621173513
-6.948617420733883
-7.027677842048563
-8.588786731975965
-7.984827922813592
-7.980583648959858
-7.54482481011459
-8.412454619120158
-8.997776801796418
-12.065167511525598
-11.921686993792662
-8.797535236119941
-10.592228985484999
-7.766452814918647
-7.453495955119528
-11.161455220888794
-10.73109457375287
-6.779214279720674
-7.413226137886488
-10.015875379970073
-8.316128684206275
-12.133350050453622
-10.9064
-8.042964835841227
-9.30303478652939
-10.9064
-7.409990754605126
-7.344391768133985
-7.423039738253178
-9.754277842048563
-6.407510093463798
-7.7230174470486865
-9.557273675273908
-8.838772987892774
-9.509418405037227
-10.592228985484999
-10.439575159235085
-10.318321780322053
-7.614066834711383
-8.086842214681457
-11.824648279952012
-9.543099999999999
-9.543099999999999
-8.7251157920004
-9.815719974542471
-8.05183380299462
-8.81333352614569
-8.134233394144642
-7.634479158876101
-8.944157738501202
-8.997776801796418
-9.959474938592916
-8.298002844785856
-8.55346467169216
-12.45603194479778
-12.332081186881368
-10.615813596470872
-11.316794193088706
-11.316794193088706
-8.74613212044486
-9.274174267738644
-10.381953945680198
-11.813491845651457
-9.441601334849205
-10.027960193968653
-9.477041289633057
-7.419186329848558
-9.27043745689118
-8.043467842166917
-8.128216356911693
-6.71251258100743
-7.82067213645405
-8.653663248328519
-10.538082468471258
-8.722311613822589
-7.65048349355321
-7.438072035137269
-11.448911613822588
-8.602155684097127
-13.525052207263272
-7.498149561913176
-9.406781951308531
-7.898473425748173
-7.676448021592752
-8.683551637511876
-10.115981022732303
-9.82613240970703
-6.270628302444685
-5.690418274020357
-9.261574308308006
-7.504224404622927
-7.426347420974246
-7.251063821085861
-9.930710890161025
-9.68266498644374
-11.159618147234363
-10.551844676759947
-10.170280927669834
-7.186652867141963
-9.624928275401079
-6.490805538526059
-8.668578345149761
-12.27565053920516
-9.433982707907123
-10.628123227645178
-11.100898607615251
-9.824210265298248
-10.707183648959857
-9.88331215682581
-10.363888386177411
-6.709294648075511
-8.059969556756084
-7.295928173058227
-10.222611475773418
-7.441465016727626
-7.740518435489247
-10.199917991085577
-11.533068827017603
-9.051358797325765
-7.299092645304264
-10.0884306642996
-6.583481338239553
-6.71003424475094
-7.4207353062808314
-10.565600994316355
-7.011799171300014
-11.542584933104166
-11.042751045876413
-8.7251157920004
-9.343883648959858
-9.406781951308531
-7.144144827334626
-6.912027030736681
-6.782422369080384
-11.315374918736264
-9.845546400351978
-10.580185148278456
-11.042751045876413
-10.224801988632713
-9.952074918736264
-8.1798
-9.25016140390565
-9.45364462024794
-9.228928985484998
-7.8683947102314935
-10.26689601170545
-9.94538244744751
-9.592339357301398
-7.257263601998419
-9.690207428152068
-10.318321780322053
-9.697847194372354
-9.27603000387049
-8.942008648420488
-7.60278890006195
-10.224801988632713
-10.0884306642996
-8.588786731975965
-7.393140100837321
-8.923010002350397
-11.694927366498359
-7.062515752675771
-8.171568455952158
-8.593757335239848
-8.133685431433452
-9.23965114191726
-10.82365063424592
-9.697847194372354
-10.791312815442815
-7.489281689322437
-7.547374688115513
-7.591721780322053
-7.963561977433893
-10.461137689985037
-10.282201958239114
-8.948479463289337
-8.67949245450835
-11.002623178573705
-9.45675763174108
-7.991375421828689
-7.263528990276237
-7.4477937569467185
-7.622167084207394
-10.429269722761946
-8.602155684097127
-7.4448775545158075
-9.677839503993972
-7.94568532573455
-6.666054415434165
-9.775284112562431
-11.208846400351979
-11.174600248206321
-7.486681583891556
-9.024758014174568
-9.883940855088007
-9.134098817458387
-10.224801988632713
-10.0884306642996
-8.774906236281799
-7.718123489558412
-9.27043745689118
-9.543099999999999
-6.997181573801755
-8.150298559658955
-8.544627587233347
-11.04596498644374
-11.179019974542472
-9.685427561052457
-10.855376455357547
-8.139741095881753
-7.927223292427069
-9.815719974542471
-9.543099999999999
-8.316128684206275
-9.543099999999999
-8.172181349029012
-7.155581197539509
-8.082797279126748
-7.940664616776584
-8.384012341507159
-10.770034922143951
-10.0884306642996
-10.75106102780009
-11.434291768133985
-11.042751045876413
-10.9064
-9.952074918736264
-7.590791482155963
-8.935607789677105
-9.751272366146932
-8.818534792396292
-11.514392691160236
-7.314817137589874
-8.873226602795736
-7.471297397330972
-8.518531478853134
-6.843473426645097
-7.061619350283226
-9.48666935232379
-9.23589111449502
-7.673923183364941
-8.346979644175738
-10.217729034556472
-11.619240593440683
-10.497487844398961
-7.42007854119166
-11.921686993792662
-7.983998631726963
-12.0485827217483
-10.293783979969522
-10.49452931091497
-10.084881673539426
-6.007701841048323
-9.807334841467766
-10.904041128287554
-9.449300004060518
-7.877633783040245
-8.9982248155049
-9.829540511366151
-10.039053662053863
-9.024758014174568
-9.694866432486148
-7.736304370246311
-11.45168660302907
-11.786943964910348
-11.038517420733882
-10.100601621240774
-9.406781951308531
-9.518740938737052
-11.179019974542472
-10.633700100907244
-10.12021387956363
-9.625553402905037
-7.915339162847499
-8.382579493191285
-8.73676686369829
-9.601603440975
-10.798452207263272
-11.362313434945225
-9.365415973410757
-10.320518716672717
-7.894231187139029
-7.25826161937283
-9.628965940693218
-8.202737424290849
-6.346426901206929
-9.679190269689524
-8.316128684206275
-7.226894193088706
-11.315374918736264
-7.537488068996509
-8.036984090337015
-9.68266498644374
-7.494841107325223
-12.213269352323792
-8.345411236193206
-10.25990096718484
-9.514212628577953
-10.770034922143951
-10.224801988632713
-9.531375385836977
-10.545776359347514
-10.109781241819745
-8.892640593440683
-10.03048268124273
-11.042751045876413
-7.826030228213696
-7.214700275757631
-7.865628985484999
-9.177139872712573
-9.487281631411937
-10.467118435489247
-9.243026643574993
-7.299895820196382
-6.765476455357548
-8.321279933014015
-7.764688063486404
-10.53833670682943
-9.848514194371331
-8.768470589579465
-11.39248096614638
-9.621484152061054
-11.038517420733882
-12.406051045876413
-11.179019974542472
-11.997000100907245
-10.633700100907244
-7.65410296720342
-9.679674709041139
-6.878881186881368
-12.332081186881368
-8.4734312449536
-10.259958796081026
-8.879903407145946
-12.704263821085862
-9.567269627997156
-7.4298404910894265
-10.774282579266117
-10.27112529789554
-9.508600513884538
-11.17995902892993
-9.519878448533971
-10.147992800703957
-9.129752814918648
-7.027677842048563
-11.100898607615251
-9.35670885079567
-10.69233037819243
-11.334609890546432
-8.997282022842027
-8.227882335327587
-10.093059179532446
-7.225490275993837
-7.355175588605592
-8.097050634245921
-11.233633093196213
-11.802875159235086
-12.812211613822589
-7.621157876337885
-9.996769600527967
-9.406781951308531
-10.968781186881367
-7.498149561913176
-10.770034922143951
-8.560044813893843
-11.316794193088706
-6.854312802121375
-8.278116546696147
-8.076309495570529
-7.350196458424212
-8.529189213003272
-8.328427515423957
-9.865618616375647
-9.057729948888616
-8.268733243699877
-8.156990657940515
-8.766011397200653
-8.143322274074933
-7.083658603460453
-10.150299706066974
-9.041733433558637
-9.343883648959858
-8.707691768133984
-10.558386993792661
-10.100601621240774
-8.128776455357547
-7.383278908967785
-7.912730003870491
-8.210169408909714
-7.809198337808791
-9.660597575045278
-9.042283672865228
-8.624816843336454
-7.472909945764476
-7.769405806911294
-7.289275379970073
-10.396397631391224
-8.764458478855627
-8.61225132093152
-8.841784751967282
-8.071852207263273
-8.638276528416293
-11.293572641622678
-9.718980950200208
-10.0884306642996
-7.622784078330363
-7.772041501798558
-11.042751045876413
-10.361053231515669
-7.367960000785195
-10.199509945764476
-6.8165
-11.63442529789554
-9.907927587233347
-7.1199340130366515
-8.392671902337844
-8.622555456877997
-7.5729447705531525
-12.474185510209441
-7.775356346116455
-10.855401373234216
-7.770810686943716
-9.44510325943956
-9.90773983192236
-7.699669573058779
-6.971247194372355
-8.836209945764477
-7.359011613822588
-7.732120086631968
-7.790499720629701
-7.781367297919716
-8.55681288231443
-5.682411936723391
-9.078972538238466
-6.872338869848653
-10.276012809464353
-8.043467842166917
-9.409229557938422
-9.918994706973244
-9.327204414526546
-8.714956566851443
-9.430238704647584
-12.029634786529389
-7.751416895345722
-9.33966958371692
-7.838402410852285
-8.593757335239848
-10.855376455357547
-9.27043745689118
-9.12902828342572
-10.363888386177411
-10.871900513884539
-10.253970296556913
-9.103818435489247
-9.922355588280736
-8.128776455357547
-9.11808596122269
-12.024134394388845
-8.912712809464352
-12.213269352323792
-10.66633478652939
-8.781286125209453
-11.281926076162447
-11.379175379970073
-6.9268208366636985
-11.265770648446253
-12.181824423286942
-9.963164327804863
-9.270400100907246
-7.334368516254276
-7.002831944797782
-7.167778399462499
-8.094481980901746
-10.085611613822588
-10.04279245450835
-9.675217420733883
-8.723793651310256
-11.753830141637405
-10.3897874189803
-8.479293408359332
-12.029634786529389
-7.699669573058779
-11.756312634444857
-11.161455220888794
-9.244394255809096
-9.354551931589908
-8.064497160292126
-9.492076455357548
-9.713428979618095
-8.523095262782446
-10.004796077769765
-12.809845290049356
-7.769405806911294
-7.359011613822588
-10.997545235313257
-9.323107002553058
-9.055127423084281
-11.105734789462842
-12.306871338944894
-7.500453222018637
-10.527196400351977
-10.236526602795735
-10.628123227645178
-9.163075215821008
-7.308667442366758
-12.604336891144813
-9.147695814329479
-9.754277842048563
-10.17577107345542
-9.62216042131468
-9.149215901601368
-7.8285067988808406
-10.147992800703957
-6.865868054979804
-8.276023178573704
-10.628123227645178
-7.170463545412497
-9.897063545412497
-7.539291645616969
-9.646330049311835
-9.114212130440164
-7.549412809464353
-7.257263601998419
-7.649249877185833
-7.529340593440684
-9.178864782668171
-9.72137639649076
-8.434855220888794
-12.10028444638796
-8.434855220888794
-10.992265940693219
-7.580857738501202
-9.886395262782447
-8.533763545412496
-8.276023178573704
-9.00058838617741
-9.605481186881368
-11.208846400351979
-9.103583578806091
-8.809891227686604
-8.81074992786204
-11.921686993792662
-7.9015232276451774
-6.948617420733883
-10.131770589579466
-8.652575379970074
-9.089886647597055
-8.482246400351977
-10.628123227645178
-13.072603252240688
-8.923010002350397
-7.4819494139775005
-9.51139992178136
-9.322825531808213
-10.575066228225975
-10.707183648959857
-12.213269352323792
-13.55025063424592
-7.93973478652939
-8.097050634245921
-10.532640604098825
-11.006749194263904
-7.6689055798844254
-7.959807002553058
-8.569826014215995
-7.865628985484999
-8.946314657706965
-9.821376772354823
-10.426269573058779
-7.625563772014388
-8.024461027800088
-7.340792525030592
-7.726448972054712
-9.798155220888795
-7.740518435489247
-8.854429034556471
-7.170463545412497
-8.150912628577952
-11.406092454508348
-11.454115056818615
-8.533763545412496
-12.070483648959858
-7.30258096614638
-10.83142414197732
-12.010220795884441
-9.947602864210827
-9.120981192748273
-8.678804396711937
-9.514212628577953
-10.40052318336494
-9.729431944797781
-10.115981022732303
-11.579181689322438
-9.543099999999999
-10.115981022732303
-7.2951194413005505
-11.727188386177412
-8.533763545412496
-9.435152207263272
-9.012549877185833
-8.150912628577952
-7.831786993792662
-7.547426293516448
-10.322723835300552
-9.243026643574993
-9.440106827533562
-9.686424196959196
-10.318321780322053
-7.576674212984232
-8.482246400351977
-8.732011840463592
-9.971528287763533
-10.306382218374067
-13.39293478652939
-10.439575159235085
-8.311917420733883
-10.601000607655374
-8.684817453594912
-9.320255593071971
-12.582182508363813
-9.776265332771137
-11.503126137886486
-8.618075893854613
-7.359011613822588
-11.396531656978224
-8.350128979618095
-11.649610002350398
-8.097050634245921
-7.226894193088706
-7.637288386177411
-13.012910002350397
-9.48666935232379
-8.071852207263273
-10.082658621829943
-10.375849877185832
-7.633393538878285
-6.752050173295148
-7.497891081031145
-8.955021780322053
-7.931414504824412
-8.362090470626516
-10.877512628577954
-7.686656441157215
-7.7997752158210085
-7.949430817727731
-9.62216042131468
-8.977366834711383
-8.1798
-7.438072035137269
-7.769405806911294
-9.860250487797323
-6.199534408900006
-9.06296957305878
-10.189723381342318
-12.045651640045435
-14.35579164561697
-11.161455220888794
-8.778964330764579
-10.029180966146379
-11.114572366146932
-11.715463772014388
-11.208846400351979
-14.453788386177411
-7.591721780322053
-11.921686993792662
-9.037223183364942
-9.573469408909714
-7.925500154691185
-11.15241575267577
-8.58783532137626
-8.071852207263273
-8.440230987048933
-7.9015232276451774
-10.205293093616396
-12.680094193088705
-9.639323178573704
-8.836209945764477
-8.760523172706801
-9.17408354268392
-12.413024196959197
-10.556744624730722
-10.23978239374035
-8.815138386243314
-10.287513851553648
-10.022490797029695
-10.510995814329478
-8.283030049311837
-7.215169578925683
-10.847284206373793
-7.7997752158210085
-9.83575983592982
-6.708552207263272
-13.354723227645177
-7.419750431642017
-8.892640593440683
-9.605481186881368
-9.295980416036315
-10.877512628577954
-9.264823227645177
-7.920320795884441
-10.935630055947058
-8.775398846483613
-7.5195540290185265
-7.7972875076772015
-10.181834792396293
-7.7843958143294785
-10.707183648959857
-9.800441230963267
-7.865628985484999
-9.147695814329479
-9.28362079588444
-8.818708957323913
-9.573469408909714
-8.55013528897046
-11.874295814329479
-9.72173655080585
-7.92559991342116
-9.971528287763533
-9.870744827334626
-11.81254617599604
-7.865628985484999
-6.828461491008421
-9.026450307293409
-12.502410166499462
-11.848429523942954
-8.993525793481007
-8.142514279720674
-9.889813301397869
-10.638298933344608
-7.32311737166241
-12.029634786529389
-12.281661491008421
-8.809891227686604
-11.161455220888794
-7.916513235063362
-11.471836617457251
-12.026363628013032
-12.468324573212586
-10.59747634923081
-7.438072035137269
-9.147695814329479
-12.021792636554892
-10.924434094674828
-10.21865487316136
-7.616348431628029
-8.047682579266116
-11.372633062937359
-11.553906414566669
-7.75478596122269
-8.350128979618095
-7.959807002553058
-8.854429034556471
-8.017668521172618
-6.462758523853284
-10.442958474158766
-12.742475379970074
-8.311917420733883
-11.889675215821008
-11.327034534867582
-10.339529324914464
-10.089785761905842
-10.689682660519297
-8.153937569284839
-8.126066731327171
-9.372031390470381
-12.440028979618095
-9.615432239057654
-9.821376772354823
-9.48666935232379
-8.990025840429002
-10.32938890006195
-10.352163772014388
-10.286310002350397
-10.085611613822588
-10.439575159235085
-9.455224423286943
-11.038517420733882
-10.15627368627999
-7.215169578925683
-9.953494193088705
-8.434855220888794
-8.755022780566255
-6.986828979618095
-8.590194193088706
-8.05850693155293
-9.462930480014736
-10.728715973410758
-7.510813576320926
-7.725627564143962
-9.147695814329479
-7.226894193088706
-7.976369583716921
-9.522731821127289
-10.217729034556472
-10.968781186881367
-7.995573656378042
-7.472909945764476
-8.873226602795736
-6.132472773398154
-8.194790007418185
-7.699669573058779
-7.359011613822588
-12.797591768133984
-8.434855220888794
-10.83142414197732
-10.608112689174268
-8.378424573212586
-12.412596937200794
-8.66298980986546
-11.04983230755312
-10.276012809464353
-7.5195540290185265
-9.941769578925683
-9.211766228225974
-11.97320413885318
-7.344933546729524
-9.845546400351978
-9.945846836229034
-11.117577842048563
-8.210169408909714
-7.895998394394713
-10.00286224806851
-9.132705806911295
-9.403919986569711
-8.150912628577952
-9.959444732293866
-11.260363545412497
-8.820278751439737
-9.252011241886937
-9.478650173295147
-7.769405806911294
-9.98070663050965
-10.190606414566668
-8.024461027800088
-7.699669573058779
-7.500453222018637
-10.82365063424592
-7.726586647597055
-9.237700607655373
-7.995573656378042
-11.265770648446253
-8.591379526151632
-8.15487300232211
-8.68991044177759
-8.692016218747233
-10.66633478652939
-7.002831944797782
-7.632570642752521
-7.885101025413506
-7.335790062356561
-6.35372585006693
-6.427199720629702
-8.804765016727627
-9.582892530897496
-9.855497452528263
-9.11090922284111
-8.047682579266116
-9.255643607066206
-10.877512628577954
-10.100601621240774
-7.226894193088706
-11.52797203513727
-9.841122417125215
-10.548600429370504
-10.615311241886937
-10.471362709342982
-8.99189979572057
-8.447049536214159
-9.953494193088705
-9.25491534908118
-7.500453222018637
-7.266686723986202
-10.771447424604373
-11.112105383840566
-9.821376772354823
-7.33365902106191
-7.1189464003519785
-7.699669573058779
-8.81506220961367
-9.713428979618095
-9.123890651512918
-9.0749310640672
-7.500453222018637
-12.518172503983614
-7.869122055600178
-7.947682203402054
-10.307457738501203
-6.948617420733883
-7.740518435489247
-11.049724196959199
-12.04970700255306
-8.176847008007353
-10.147992800703957
-10.615311241886937
-9.367612909761421
-7.766452814918647
-6.621527922813592
-5.916965815222657
-6.1521914262431645
-6.113299450879961
-9.762797034597899
-9.924606821666659
-6.520004138853181
-11.038517420733882
-7.446591227686604
-11.536491227686605
-8.228846363221182
-10.006736244444772
-10.798452207263272
-10.849969352323791
-8.608228287763533
-7.27626224806851
-7.48103923137369
-9.558090007418183
-9.060343964910347
-7.93973478652939
-9.555061491008422
-10.968781186881367
-8.390977842048564
-9.775810166499463
-11.62919164561697
-8.611901972768976
-9.025992787650631
-9.227190148208233
-7.637288386177411
-7.381641387461061
-8.242181186881368
-9.132705806911295
-9.065606876605035
-10.177513010041448
-7.542309869657832
-9.30303478652939
-7.853563020106307
-10.789342662867274
-7.769405806911294
-9.206712937233487
-9.543099999999999
-10.022490797029695
-8.020376179857355
-7.544733115969073
-8.986546455290355
-8.513304537809553
-10.297847675397145
-11.818063082898764
-9.508600513884538
-10.022490797029695
-9.365415973410757
-11.04596498644374
-12.029634786529389
-8.96608890006195
-10.09027370755367
-8.342286829643596
-12.71426005613197
-7.863890148208234
-9.850501020622268
-9.628965940693218
-10.98546042131468
-11.869758829161887
-7.491129034556471
-7.549412809464353
-10.443887946927305
-9.178864782668171
-8.948479463289337
-8.047682579266116
-8.928226544176464
-7.879726643574993
-9.955867237015676
-8.771679668802392
-9.811978580309448
-8.1798
-8.55290847280938
-7.980583648959858
-9.374253057869572
-7.740518435489247
-7.1189464003519785
-9.333404195439103
-8.139741095881753
-6.67034064837906
-9.098206320795832
-8.609450318470172
-11.208846400351979
-10.558386993792661
-8.453359028929931
-8.311917420733883
-11.113363776805626
-8.898870658584178
-11.109179493191284
-9.365415973410757
-9.292298022326882
-10.009333062937358
-10.164672035137269
-8.578469578925683
-7.965963803271253
-8.350128979618095
-9.543099999999999
-8.188748386962605
-11.142787689985036
-7.8254073567079905
-9.387761027800089
-8.071852207263273
-7.1189464003519785
-8.808092000918782
-7.4296736862799895
-7.980583648959858
-10.015875379970073
-7.549412809464353
-7.831786993792662
-11.846131807282296
-8.444034841467765
-11.038517420733882
-9.758522115902297
-9.816659028929932
-11.90546478266817
-7.686656441157215
-7.360642059298795
-9.157872897059793
-7.491129034556471
-7.9043050980746274
-8.590194193088706
-10.968781186881367
-13.633
-9.211766228225974
-9.089886647597055
-8.024461027800088
-9.48666935232379
-6.00616463607318
-8.434855220888794
-9.52559901155944
-7.309347595993743
-7.354147044937013
-11.251209520987327
-9.649864827973206
-7.673923183364941
-9.011342794877462
-10.236526602795735
-8.317535385707911
-7.240527326958077
-10.307996232096466
-7.769405806911294
-9.418130436709802
-8.590194193088706
-7.802899622370616
-9.196733931341884
-8.73654303860378
-8.334547194372355
-7.226894193088706
-10.190606414566668
-7.446591227686604
-9.00058838617741
-7.899122800944321
-13.268764782668171
-11.161455220888794
-10.373292670903506
-9.213632904040837
-6.463573491176973
-7.688073965033577
-10.844611183020149
-8.342286829643596
-9.749014930353876
-8.999180925064671
-11.438639941903256
-9.334027759127261
-9.615432239057654
-11.002623178573705
-10.75106102780009
-7.831786993792662
-10.608112689174268
-9.639323178573704
-10.147992800703957
-9.211766228225974
-10.067392525030591
-10.565002410852285
-9.439858109333231
-8.827306414566667
-11.619240593440683
-11.076728979618094
-6.828461491008421
-7.632570642752521
-10.2085494139775
-7.625563772014388
-8.955021780322053
-11.305069578925682
-12.926109945764475
-10.707183648959857
-8.646684051092198
-8.602155684097127
-9.228928985484998
-8.047682579266116
-9.024758014174568
-10.686407002553057
-7.509926602795735
-9.639323178573704
-8.889687601448037
-8.311917420733883
-12.321315024655917
-9.897063545412497
-11.448911613822588
-10.707183648959857
-6.9483515695486675
-9.323107002553058
-6.349675159235085
-11.49747576689046
-10.496005806911294
-9.383224042632497
-8.069636083650963
-8.031332366051153
-12.557526554663374
-8.955021780322053
-10.839301069693741
-9.11808596122269
-9.675217420733883
-12.2697
-9.112337628038585
-9.694014988973146
-10.405583672865228
-11.576421434126443
-8.1798
-6.948617420733883
-8.242181186881368
-11.58102903455647
-12.850423172706801
-8.893628206125356
-8.829076441795793
-6.846869408909714
-7.93973478652939
-9.387761027800089
-9.543099999999999
-11.002623178573705
-11.161455220888794
-10.073886999659567
-11.340963821085861
-9.30303478652939
-7.07612724103774
-10.015875379970073
-10.084133276806906
-10.147992800703957
-10.369838925382572
-9.190499792462266
-11.859305806911294
-8.308228476294484
-11.448911613822588
-10.9064
-9.04355558241383
-9.953494193088705
-10.815977865953935
-11.17995902892993
-12.680094193088705
-7.525112531349784
-10.255940593440684
-10.515567834478423
-7.848466228225974
-11.208846400351979
-10.453186647597056
-10.199509945764476
-9.897063545412497
-10.00286224806851
-8.281973717778865
-9.798155220888795
-7.379339089029853
-7.865628985484999
-9.660597575045278
-9.897063545412497
-8.123369352323792
-11.5718494139775
-10.40052318336494
-9.639323178573704
-11.117577842048563
-8.760523172706801
-9.690207428152068
-9.811978580309448
-9.420532361574669
-9.891705376108854
-8.77087576689046
-8.065228567015378
-11.260363545412497
-10.467118435489247
-10.015875379970073
-8.868470965443528
-9.108247317441021
-9.676328600917111
-9.120981192748273
-9.891705376108854
-9.821376772354823
-9.243026643574993
-8.934547675397145
-10.89758484460162
-10.64692079588444
-8.929275390628215
-9.153799720629701
-8.36008003179438
-8.218959635415342
-7.5342952137109735
-6.441168030353149
-8.311917420733883
-7.337215029752404
-7.458727862511473
-6.700710057288775
-12.680094193088705
-9.632398261419644
-9.011342794877462
-7.529340593440684
-7.7997752158210085
-6.130517965080359
-6.608260200272726
-7.049210166499463
-7.252298594561925
-11.316794193088706
-9.410982579266117
-7.93973478652939
-7.88330413885318
-9.447762146921145
-8.426713514283986
-9.540147008007354
-11.420024242400542
-9.112158052705905
-9.141654193873899
-10.75106102780009
-7.649249877185833
-7.4213928007039565
-9.870744827334626
-9.573469408909714
-6.297048915503984
-7.685370721504999
-7.508972414567974
-6.061473967404472
-9.675217420733883
-12.32700331721046
-11.260363545412497
-10.553473491176973
-9.342616277087036
-9.200705373849038
-7.351656566851442
-6.434919173750133
-10.199509945764476
-11.639312809464354
-9.761083361427103
-12.332081186881368
-9.323107002553058
-6.828461491008421
-9.417651218822712
-10.029180966146379
-6.100706414566668
-6.919730049311836
-9.741724573212586
-9.850501020622268
-6.807684844601622
-7.769405806911294
-12.982540593440683
-8.592567237015677
-7.454104024847576
-7.226894193088706
-10.009333062937358
-8.65653575371423
-9.057729948888616
-9.358873656378043
-9.935993204648144
-9.230672944528443
-10.363888386177411
-8.719358621829942
-9.628965940693218
-9.285533798088828
-7.477412428809908
-7.885101025413506
-8.002115973410758
-7.637288386177411
-12.137582579266116
-6.738039356962355
-9.059035514284611
-7.3972231727068
-10.439575159235085
-9.218571747604514
-12.812211613822589
-7.226894193088706
-6.082433771103461
-6.400214478033418
-8.598481749954912
-10.467118435489247
-9.508600513884538
-10.016215469386243
-9.230672944528443
-9.228928985484998
-8.097050634245921
-9.103818435489247
-9.881132351087759
-8.395222115902298
-8.769271230225039
-8.96274698902278
-8.107176236443276
-7.790346353534639
-7.405170589579465
-7.935800727755222
-7.027677842048563
-6.348868336034358
-7.744762709342981
-9.62216042131468
-9.34177286716211
-9.618786773057675
-9.019844511558878
-7.7997752158210085
-10.199509945764476
-8.269098261419645
-11.161455220888794
-9.990128990276236
-8.902591645616969
-9.270400100907246
-7.991467270260104
-9.235935856223131
-10.1238231727068
-8.646033062937358
-8.712767752280312
-9.664218832004789
-10.225176600266328
-6.439599622370617
-6.117739231373689
-9.147695814329479
-9.102410411835939
-10.467118435489247
-8.592567237015677
-12.186950634245921
-9.507871267343011
-9.713428979618095
-9.632742590401246
-7.405170589579465
-11.208846400351979
-9.369818028389258
-9.140153372621151
-7.831786993792662
-12.680094193088705
-8.350128979618095
-8.482246400351977
-10.45202814558904
-9.643166691828549
-7.6069367397441505
-10.707183648959857
-11.51957368627999
-10.594322353607442
-10.786244070274538
-9.213460288515256
-11.379175379970073
-11.5718494139775
-7.809198337808791
-9.96848420050689
-8.115084728920749
-7.93973478652939
-11.78956957305878
-8.026742624716734
-8.63956224806851
-10.9064
-9.48666935232379
-10.015875379970073
-8.389288615033436
-8.877058808194944
-11.076728979618094
-12.2697
-10.195041444046982
-9.149215901601368
-9.376483093150656
-9.246604138853181
-8.052438216618325
-12.029634786529389
-10.774282579266117
-7.3717287828751115
-8.55013528897046
-10.062532404866486
-11.310902864210828
-12.812211613822589
-7.831786993792662
-7.980583648959858
-10.849969352323791
-9.037223183364942
-9.675217420733883
