-7.8285067988808406
-11.161455220888794
-8.882854029018526
-12.029634786529389
-11.448911613822588
-8.150912628577952
-10.837982417920614
-6.846869408909714
-6.298158014174567
-9.089886647597055
-7.381641387461061
-11.161455220888794
-10.798452207263272
-10.307457738501203
-8.434855220888794
-8.863753222018637
-11.436946866435862
-10.82365063424592
-8.002115973410758
-10.164672035137269
-11.52797203513727
-10.286310002350397
-11.859305806911294
-10.352163772014388
-9.754277842048563
-8.722311613822589
-9.478959871208247
-9.754277842048563
-8.311917420733883
-10.707183648959857
-11.619240593440683
-9.387761027800089
-11.495070589579464
-10.04971737166241
-8.63956224806851
-8.533763545412496
-7.500453222018637
-7.661458014174567
-9.845546400351978
-11.859305806911294
-11.260363545412497
-10.936769408909713
-9.543099999999999
-10.9064
-8.672647595993743
-8.150912628577952
-8.123369352323792
-8.608228287763533
-9.343883648959858
-11.316794193088706
-11.859305806911294
-11.076728979618094
-10.628123227645178
-10.463449199592976
-10.340666834711383
-9.365415973410759
-9.574290593440683
-9.259298394394712
-9.460350634245922
-9.713428979618095
-10.39272010790565
-9.924606821666659
-7.769405806911294
-8.672647595993743
-7.614066834711383
-8.752681022732302
-9.11808596122269
-11.619240593440683
-12.680094193088705
-8.482246400351977
-9.460350634245922
-7.726586647597055
-10.60990413885318
-7.686656441157215
-8.8452494139775
-7.883304138853182
-8.123369352323792
-8.590194193088706
-9.762797034597899
-9.158419304537281
-10.628123227645178
-11.202803993352688
-11.260363545412497
-10.9064
-11.316794193088706
-9.163075215821008
-8.626828990276236
-8.938799569197561
-9.253824638916084
-8.533763545412496
-7.4640064145666685
-11.448911613822588
-11.379175379970073
-9.460350634245922
-7.920320795884441
-8.944157738501202
-10.060779604908166
-6.948617420733883
-7.637288386177411
-8.210169408909714
-9.323107002553058
-9.360982391334085
-9.48666935232379
-9.049956441157216
-9.953494193088705
-7.712975159235086
-9.323107002553058
-12.029634786529389
-11.727188386177412
-10.22240967818549
-10.015875379970073
-8.210169408909714
-8.276023178573704
-9.178864782668171
-10.592228985484999
-9.00058838617741
-8.434855220888794
-11.076728979618094
-10.575066228225975
-10.64692079588444
-8.482246400351977
-8.873226602795736
-9.11808596122269
-7.769405806911294
-5.863594193088706
-9.32106888120422
-10.707183648959857
-7.559710002350398
-10.276012809464353
-9.845546400351978
-9.211766228225974
-7.740518435489247
-9.244812689174267
-10.190606414566668
-9.713428979618095
-9.06296957305878
-9.657270299653792
-9.48666935232379
-9.11808596122269
-8.69342424240054
-8.944157738501202
-10.75106102780009
-7.673923183364942
-6.8165
-9.195086993792662
-9.163075215821008
-10.035947595993743
-11.448911613822588
-11.379175379970073
-11.076728979618094
-7.7843958143294785
-8.242181186881368
-8.311917420733883
-6.026081022732303
-8.434855220888794
-9.907927587233347
-9.103818435489247
-10.558386993792661
-10.628123227645178
-11.379175379970073
-10.968781186881367
-10.453186647597056
-9.845546400351978
-11.208846400351979
-11.448911613822588
-11.260363545412497
-9.228928985484998
-10.968781186881367
-12.680094193088705
-8.276023178573704
-10.9064
-11.208846400351979
-10.581170296720341
-10.467118435489247
-11.727188386177412
-8.428186941149006
-11.727188386177412
-11.076728979618094
-11.52797203513727
-9.953494193088705
-10.877512628577954
-11.619240593440683
-11.379175379970073
-8.430318235721202
-8.434855220888794
-8.047682579266116
-7.865628985484999
-9.147695814329479
-10.255940593440684
-9.713428979618095
-10.75106102780009
-10.774282579266117
-8.789528982551547
-10.75106102780009
-9.049956441157216
-10.280356592995943
-11.161455220888794
-9.00058838617741
-11.208846400351979
-10.575066228225975
-9.435152207263272
-8.150912628577952
-10.413256441157214
-10.10824138746106
-9.28362079588444
-8.67949245450835
-8.827306414566667
-9.798155220888795
-9.410982579266117
-9.178864782668171
-8.892640593440683
-9.68266498644374
-8.722311613822589
-10.063815029752403
-8.210169408909714
-10.48138596122269
-12.680094193088705
-9.33757374553844
-10.04279245450835
-9.540147008007354
-8.047682579266116
-10.82365063424592
-9.656617996414647
-11.448911613822588
-11.619240593440683
-12.029634786529389
-11.038517420733882
-7.539291645616971
-9.076275159235085
-8.350128979618095
-7.712975159235086
-11.727188386177412
-10.592228985484999
-11.117577842048563
-8.39055508325361
-10.276012809464353
-9.186920330975193
-10.009333062937358
-8.533763545412496
-9.754277842048563
-8.745710814037414
-9.462930480014736
-10.774282579266117
-10.276012809464353
-8.831741444046983
-10.02918096614638
-10.190606414566668
-10.296789455871153
-9.252011241886937
