-9.132705806911295
-8.1798
-7.920320795884441
-8.913065024655918
-8.892640593440683
-8.533763545412496
-9.675217420733883
-8.350128979618095
-7.93973478652939
-7.815564782668171
-8.772607986705378
-8.024461027800088
-6.457720831567212
-7.7997752158210085
-8.067262396973787
-8.350128979618095
-8.533763545412496
-7.93973478652939
-10.379696983030918
-8.210169408909714
-10.015875379970073
-8.390977842048564
-8.390977842048564
-9.394852069426591
-8.1798
-7.712975159235086
-8.097050634245921
-8.071852207263273
-8.097050634245921
-8.80137203513727
-8.008270807031476
-8.521776611009319
-10.979762246079723
-7.2521125770173
-9.311374403746045
-7.226894193088706
-7.769405806911294
-8.002115973410758
-8.210169408909714
-9.615432239057654
-9.930272641622677
-7.848466228225974
-7.9015232276451774
-6.665285505926657
-14.326426602795735
-8.276023178573704
-8.80137203513727
-9.477041289633057
-9.667862373762738
-9.941769578925683
-10.510995814329478
-7.027677842048563
-7.381641387461061
-9.435152207263272
-8.047682579266116
-8.390977842048564
-10.9064
-7.9015232276451774
-7.93973478652939
-9.543099999999999
-8.047682579266116
-9.699053959118128
-8.720467141602889
-8.892640593440683
-8.80137203513727
-7.769405806911294
-7.959807002553058
-8.252132239057655
-9.853886017568634
-8.776526137886488
-7.712975159235086
-8.652575379970074
-8.097050634245921
-8.125210001778482
-8.475068958868347
-9.323107002553058
-9.392333047949034
-10.00286224806851
-9.564193913718407
-10.32938890006195
-8.652575379970074
-7.7843958143294785
-8.80137203513727
-8.210169408909714
-8.390977842048564
-9.00058838617741
-7.93973478652939
-8.242181186881368
-7.959807002553058
-8.071852207263273
-8.350128979618095
-8.1798
-11.12678180099921
-8.80137203513727
-7.232844732293866
-6.912723178573704
-9.733501195641763
-6.684382579266117
-7.027677842048563
-6.576434786529389
-7.5195540290185265
-7.7843958143294785
-8.350128979618095
-7.75478596122269
-6.617283648959858
-6.986828979618095
-8.394319493917699
-7.712975159235086
-8.024461027800088
-8.024461027800088
-8.533763545412496
-6.787612628577953
-8.350128979618095
-9.00058838617741
-7.883304138853182
-9.754277842048563
-7.865628985484999
-8.768470589579465
-6.6388159734107575
-6.684382579266117
-8.024461027800088
-7.673923183364942
-8.350128979618095
-8.652575379970074
-8.461878221479267
-6.109609945764476
-11.955528985484998
-10.022490797029695
-7.226894193088706
-8.359960994665219
-9.754277842048563
-8.988977610444397
-8.652575379970074
-8.1798
-8.96608890006195
-7.60278890006195
-6.986828979618095
-6.948617420733883
-7.649249877185833
-9.11808596122269
-8.097050634245921
-8.242181186881368
-8.892640593440683
-8.652575379970074
-8.533763545412496
-6.679664835841227
-12.2697
-6.003159179532446
-7.815564782668171
-9.00058838617741
-9.132705806911295
-9.180817396198147
-7.170463545412497
-8.024461027800088
-7.75478596122269
-8.276023178573704
-9.514212628577953
-7.071555220888794
-7.686656441157215
-7.75478596122269
-9.953494193088705
-9.435152207263272
-8.482246400351977
-8.892640593440683
-8.1798
-8.590194193088706
-7.570189455871152
-8.123369352323792
-7.661458014174567
-6.661161027800089
-9.953494193088705
-7.65167144975241
-7.7843958143294785
-8.42368269369413
-9.00058838617741
-8.760523172706801
-7.1189464003519785
-10.82365063424592
-9.598938869848652
-8.071852207263273
-8.695783114112988
-8.784692800703956
-10.82365063424592
-11.41301737166241
-10.60990413885318
-9.845546400351978
-5.975185437432259
-6.033923172706801
-10.147992800703957
-10.352163772014388
-5.863594193088706
