-10.117110739686812
-9.132705806911295
-11.39248096614638
-12.365923178573704
-12.480877842048564
-11.095410185735137
-10.44513180099921
-13.39293478652939
-11.562809945764474
-13.018523191019595
-9.376588500605422
-12.812211613822589
-13.152869573058778
-11.334785692761065
-11.260363545412497
-9.29910072775522
-11.589414167631176
-11.180429115232656
-11.04409429399595
-11.816486647597054
-12.440028979618095
-12.066714035384999
-11.85309826096951
-10.75106102780009
-13.301666228225974
-11.964300607655373
-9.162779252971967
-12.440028979618095
-13.370117646953535
-11.703966834711384
-12.332081186881368
-11.208846400351979
-11.62919164561697
-12.742475379970074
-12.572146400351977
-8.999180925064671
-10.542164782668172
-10.498824857388305
-12.572146400351977
-12.114361027800088
-11.085076581478742
-11.448911613822588
-12.9351494139775
-11.988344071724665
-11.44155656685144
-11.649610002350398
-12.300069408909714
-12.726880083249732
-10.9064
-10.968781186881367
-11.739149877185833
-10.164791375159318
-9.983863601998419
-10.575066228225975
-12.401817420733883
-11.938366228225975
-7.2698613893251265
-10.100601621240774
-11.78956957305878
-11.599826602795735
-10.798452207263272
-11.763823183364941
-12.401817420733883
-8.651845325756458
-12.891272035137268
-10.968781186881367
-11.727188386177412
-10.66633478652939
-12.623663545412496
-11.91661040794576
-9.817176144397237
-12.680094193088705
-12.524755220888794
-11.763823183364941
-12.874592800703956
-12.790415029752404
-10.36246911182497
-10.686407002553057
-11.562809945764474
-11.991423227645177
-8.631095921599586
-10.9064
-11.085664623465897
-11.998496181721418
-11.453145238965119
-12.029634786529389
-13.806987953205732
-11.739422971926743
-13.04730926908272
-13.39293478652939
-10.510995814329478
-12.332081186881368
-14.453788386177411
-11.545134792396293
-12.71128478652939
-12.982540593440683
-12.982540593440683
-11.161455220888794
-12.401817420733883
-11.076728979618094
-9.897063545412497
-12.401817420733883
-12.480877842048564
-10.592485183539576
-11.316794193088706
-9.026450307293409
-12.891272035137268
-12.680094193088705
-10.296789455871153
-11.62919164561697
-11.161455220888794
-12.365923178573704
-9.776248902100997
-10.453186647597056
-9.543099999999999
-11.328755684097127
-10.89758484460162
-11.385790797029696
-11.830418435489246
-12.680094193088705
-8.835591282993464
-11.830418435489246
-12.639876831697897
-11.41301737166241
-12.2697
-11.359761389325124
-11.521327485010783
-12.524755220888794
-12.27565053920516
-10.575066228225975
-11.84468596122269
-12.623663545412496
-11.590353222018637
-11.316794193088706
-12.680094193088705
-10.936769408909713
-9.628965940693218
-10.635196181721419
-12.982540593440683
-12.440028979618095
-10.542164782668172
-13.39293478652939
-9.680831649979885
-12.982540593440683
-11.260363545412497
-11.47154138746106
-12.572146400351977
-11.921686993792662
-12.623663545412496
-12.186950634245921
-8.892640593440683
-12.812211613822589
-9.767245031763263
-8.167570597073707
-11.998496181721418
-12.440028979618095
-12.81644523896512
-10.771447424604373
-11.711057876337886
-11.920082565169535
-8.80137203513727
-14.043394193088705
-12.812211613822589
-12.480877842048564
-12.107568521172619
-8.882854029018526
-12.742475379970074
-13.152869573058778
-9.749014930353876
-12.029634786529389
-12.524755220888794
-13.036514489809047
-12.480877842048564
-13.222605806911293
-11.739149877185833
-10.714125765223862
-11.95762235360744
-12.726469490984247
-12.440028979618095
-12.982540593440683
-11.002623178573705
-9.650130398366224
-12.572146400351977
-12.90997531712296
-11.670757738501202
-11.78956957305878
-11.427115029752404
-12.982540593440683
-11.802875159235086
-11.599826602795735
-8.482246400351977
-9.897063545412497
-10.10824138746106
-12.240812628577952
-10.64692079588444
-11.161455220888794
-8.931020588346708
-11.316794193088706
-9.514212628577953
-11.117577842048563
-11.316794193088706
-11.727188386177412
-9.230952455293544
-9.041014489812925
-12.227040990450872
-12.680094193088705
-12.742475379970074
-11.503126137886486
-12.332081186881368
-12.812211613822589
-12.114361027800088
-12.742475379970074
-11.002623178573705
-11.359761389325124
-12.137582579266116
-11.41301737166241
-12.332081186881368
-12.502410166499462
-11.889675215821008
-12.742475379970074
-12.891272035137268
-12.524755220888794
-13.262136017568633
-10.722173656378041
-8.707691768133984
-12.300069408909714
-9.70808503447732
-12.271182037487668
-11.536491227686605
-8.74015499383409
-10.877512628577954
-12.480877842048564
-13.222605806911293
-12.240812628577952
-11.703966834711384
-10.689682660519297
-11.955528985484998
-11.998496181721418
-7.740518435489247
-11.619240593440683
-12.812211613822589
-12.891272035137268
-11.260363545412497
-11.991423227645177
-11.479281022732302
-8.358432547887416
-11.97320413885318
-14.043394193088705
-10.65065921510186
-13.39293478652939
-12.870847603922034
-11.72576911182497
-11.681621780322052
-11.208846400351979
-11.830418435489246
-10.212479221981624
-12.134747424604376
-8.123369352323792
-12.891272035137268
-9.558150736036852
-8.781052891310939
-11.479281022732302
-10.226114167631177
-12.407394293995951
-11.639312809464354
-9.343883648959858
-10.457886766765794
-10.968781186881367
-11.379175379970073
-12.9351494139775
-11.78956957305878
-11.703966834711384
-11.670757738501202
-12.804856566851441
-11.372633062937359
-11.208846400351979
-13.09048838617741
-11.44155656685144
-10.575066228225975
-11.507685583598139
-9.573469408909714
-10.82365063424592
-11.453145238965119
-12.240812628577952
-12.812211613822589
-12.137582579266116
-13.222605806911293
-13.633
-9.571757987316316
-13.361796181721418
-7.071555220888794
-12.78332424240054
-7.8285067988808406
-8.453359028929931
-9.156875434908452
-12.10511837864336
-12.678674918736265
-12.13333492214395
-12.332081186881368
-8.124446829722485
-8.829076441795793
-11.161455220888794
-9.952074918736264
-6.8165
-8.707691768133984
-12.842581022732302
-12.213269352323792
-12.742475379970074
-11.727188386177412
-11.038517420733882
-8.818534792396292
-7.60278890006195
-11.73927320017599
-11.955528985484998
-11.495070589579464
-7.280136244444773
-8.997776801796418
-10.947270008296188
-11.72435323151567
-10.9064
-8.093969584792587
-8.64733575579991
-11.352759677683665
-10.199509945764476
-11.451730664299598
-7.815564782668171
-10.413256441157214
-12.787379604908166
-8.043467842166917
-12.742475379970074
-13.57656935232379
-11.70336115258264
-9.514212628577953
-12.72946224806851
-8.63956224806851
-11.619240593440683
-10.413256441157214
-10.085611613822588
-10.388058014174566
-12.480877842048564
-8.836209945764477
-12.42696560717528
-12.036287579617543
-8.66588096614638
-11.52389201419528
-10.015875379970073
-12.13333492214395
-11.545134792396293
-12.332081186881368
-8.261600440426749
-9.497533394144641
-10.340666834711383
-12.902853812764018
-9.543099999999999
-10.270435982099592
-8.651261120457775
-9.406781951308531
-12.2697
-8.452457508135764
-8.588786731975965
-9.632398261419644
-11.511292800703956
-12.432186829643596
-9.907927587233347
-8.126066731327171
-8.997776801796418
-13.695381186881367
-13.49663492214395
-10.363888386177411
-8.23498859667271
-10.707183648959857
-10.056724242400541
-10.707183648959857
-11.053507428152066
-7.964974402678091
-8.452457508135764
-7.634479158876101
-9.679451045876416
-8.452457508135764
-8.047682579266116
-11.895367363438668
-9.555061491008422
-8.752681022732302
-9.625553402905037
-11.545134792396293
-12.680094193088705
-9.907927587233347
-7.159795262782446
-11.72435323151567
-9.815719974542471
-12.815030664299597
-11.463901621240772
-6.8165
-11.824437689985036
-10.526375215821009
-12.982540593440683
-10.770034922143951
-12.815030664299597
-9.697847194372354
-8.7251157920004
-8.578469578925683
-7.894168180674031
-10.124508138543518
-10.199509945764476
-13.360300100907246
-13.22408784439896
-12.678674918736265
-12.54231997454247
-11.117577842048563
-10.707183648959857
-9.27043745689118
-7.770810686943716
-10.100018297242007
-10.995698261419642
-10.770034922143951
-10.276012809464353
-9.406781951308531
-11.997000100907245
-9.679451045876416
-11.588101988632712
-8.83854696342552
-10.224801988632713
-10.650753001283649
-9.798155220888795
-13.17860132575514
-7.621168596653691
-11.997000100907245
-12.478471025266195
-6.912723178573704
-7.472909945764476
-12.335758710366942
-12.332081186881368
-8.7251157920004
-12.623663545412496
-10.526375215821009
-9.355277008101247
-9.218571747604514
-8.602155684097127
-7.248601972768976
-7.1507718140953145
-9.134098817458387
-10.798452207263272
-9.949378421064784
-8.848045675328006
-13.155840741237428
-9.72137639649076
-8.861445817325126
-13.360300100907246
-9.514212628577953
-7.6016728324983385
-7.384725111448576
-7.374001621240773
-10.164672035137269
-9.195086993792662
-6.449073003147715
-11.076728979618094
-8.035957965103094
-8.03735272114781
-10.936769408909713
-8.482246400351977
-8.7251157920004
-8.89660096718484
-8.043467842166917
-12.812581891336265
-11.39248096614638
-9.093200501400167
-8.977366834711383
-9.754277842048563
-9.47600106969374
-9.930272641622677
-7.694429948888616
-8.643319654983738
-11.860787844398962
-10.093106617531681
-7.710290013285088
-10.247957531493578
-12.742475379970074
-11.588101988632712
-7.686656441157215
-9.953494193088705
-11.251209520987327
-6.918651441562248
-8.7251157920004
-10.224801988632713
-11.170634841467766
-12.951401988632712
-8.997776801796418
-12.812211613822589
-10.496005806911294
-12.092422338379972
-7.576567330834438
-7.702306876605035
-11.588101988632712
-13.360300100907246
-12.213269352323792
-9.30303478652939
-10.94936719623642
-10.296789455871153
-10.75106102780009
-10.091562153027748
-7.671409066350853
-7.578494167828692
-9.106078261389834
-11.859305806911294
-10.224801988632713
-9.23523142584
-10.131770589579466
-11.451730664299598
-13.405800662877573
-8.45524161769308
-10.0884306642996
-10.9064
-11.199059835929821
-11.545134792396293
-10.361053231515669
-8.588786731975965
-9.134098817458387
-10.497487844398961
-8.022642059649966
-12.951401988632712
-12.951401988632712
-8.385924551056076
-9.679451045876416
-12.678674918736265
-12.13333492214395
-11.860787844398962
-11.315374918736264
-11.997000100907245
-12.33869660394099
-7.737144787232243
-11.660089455871152
-10.75106102780009
-10.277650638447472
-8.997776801796418
-12.891272035137268
-9.737598607615253
-9.543099999999999
-8.497236407770162
-12.480877842048564
-8.102221616172987
-7.978894421944731
-9.52559901155944
-8.194547155213312
-12.572146400351977
-7.963904414526547
-13.633
-14.178330664299597
-8.90523125327079
-10.75106102780009
-10.75106102780009
-12.2697
-7.965551352075766
-12.678674918736265
-7.4223804133886295
-9.543099999999999
-8.1798
-11.315374918736264
-12.951401988632712
-12.815030664299597
-12.2697
-12.2697
-11.042751045876413
-11.179019974542472
-12.812211613822589
-10.849969352323791
-6.760069352323791
-9.232422055600178
-11.190388910809224
-11.249695262782446
-11.282294706973245
-8.304562373762737
-7.667657795087125
-9.134098817458387
-8.043467842166917
-7.42800821776358
-9.246604138853181
-9.675217420733883
-10.995698261419642
-12.951401988632712
-8.818534792396292
-9.875915809261691
-8.348552217921414
-7.956955593071972
-11.249695262782446
-12.070483648959858
-10.633700100907244
-8.997776801796418
-9.509159337585466
-7.310710251755594
-12.029634786529389
-8.970506795015325
-13.360300100907246
-9.605481186881368
-8.497236407770162
-11.068886829643597
-12.812211613822589
-13.044921780322051
-9.114758685831205
-11.179019974542472
-8.997776801796418
-12.742475379970074
-7.286649771821642
-8.076806827533563
-7.298424164181903
-7.474167193520455
-8.271167245472103
-13.49663492214395
-14.587387844398961
-13.49663492214395
-10.318321780322053
-10.628123227645178
-10.04279245450835
-10.770034922143951
-11.042751045876413
-12.54231997454247
-9.29910072775522
-11.463901621240772
-12.572146400351977
-13.08765323151567
-11.588101988632712
-12.029634786529389
-8.91598846743059
-11.545134792396293
-7.389086617195252
-8.357029192723552
-13.08765323151567
-8.997776801796418
-9.134098817458387
-8.492197452528265
-9.31499627753781
-13.360300100907246
-11.889675215821008
-7.778354193873899
-12.75578096614638
-8.144184446320928
-8.380083043952952
-12.345386773057674
-8.696250375056094
-9.425365642841115
-9.27043745689118
-12.406051045876413
-13.08765323151567
-9.72137639649076
-10.276012809464353
-9.660597575045278
-9.762797034597899
-12.332081186881368
-10.164672035137269
-10.340666834711383
-7.498149561913176
-13.354723227645177
-10.056724242400541
-9.049956441157216
-7.226894193088706
-10.628123227645178
-11.859305806911294
-12.034945006642543
-10.236526602795735
-11.860787844398962
-12.573134838110288
-8.452457508135764
-10.798452207263272
-10.085611613822588
-7.7997752158210085
-12.283640850382954
-12.815030664299597
-10.388058014174566
-8.836209945764477
-11.328755684097127
-8.062065642841116
-8.350128979618095
-7.848466228225974
-8.452457508135764
-11.72435323151567
-12.029634786529389
-13.57656935232379
-11.379175379970073
-7.831786993792662
-8.665208918562438
-12.065243922199482
-9.543099999999999
-9.406781951308531
-9.27043745689118
-9.679451045876416
-8.7251157920004
-10.633700100907244
-13.08765323151567
-7.634479158876101
-9.228928985484998
-7.769405806911294
-8.555694706973243
-11.002623178573705
-5.99851995620652
-9.28362079588444
-9.00058838617741
-11.859305806911294
-12.612995262782446
-12.951401988632712
-13.08765323151567
-12.951401988632712
-8.043467842166917
-10.834038157999053
-12.58167253953212
-11.18943240970703
-8.818534792396292
-12.742475379970074
-13.08765323151567
-13.22408784439896
-8.7251157920004
-12.815030664299597
-12.406051045876413
-11.72435323151567
-9.024758014174568
-9.816659028929932
-12.300069408909714
-9.713428979618095
-10.318321780322053
-10.558386993792661
-9.543099999999999
-8.523095262782446
-8.7251157920004
-8.200280683557757
-11.588101988632712
-12.678674918736265
-7.17446004433847
-12.54231997454247
-13.22408784439896
-12.678674918736265
-11.997000100907245
-10.1697688270176
-10.255940593440684
-9.918994706973244
-8.783076783343674
-12.78332424240054
-7.199474727000104
-8.997776801796418
-8.352502023545066
-10.995698261419642
-5.84839699614306
-12.623663545412496
-7.994706784089687
-9.029712634444856
-11.991423227645177
-11.921686993792662
-11.315374918736264
-10.0884306642996
-13.49663492214395
-13.22408784439896
-11.588101988632712
-12.2697
-9.815719974542471
-9.355891850923529
-12.678674918736265
-11.287504324210243
-11.859305806911294
-10.029180966146379
-10.628123227645178
-12.963126602795736
-8.793281766886192
-7.558464841708131
-13.08765323151567
-12.13333492214395
-8.861445817325126
-8.697853124352317
-11.859305806911294
-11.72435323151567
-10.9064
-6.964519012115329
-8.482838770253498
-8.732463402962038
-13.22408784439896
-12.815030664299597
-13.08765323151567
-7.591721780322053
-10.770034922143951
-8.544627587233347
-7.041800977178393
-8.053393945102167
-9.47600106969374
-11.451730664299598
-7.394073837264442
-12.070483648959858
-11.859305806911294
-11.588101988632712
-8.242181186881368
-8.997776801796418
-10.361053231515669
-12.678674918736265
-11.042751045876413
-7.802948074904414
-12.019927791206914
-7.509926602795735
-9.343883648959858
-13.22408784439896
-12.842581022732302
-12.070483648959858
-8.34339410730093
-9.543099999999999
-10.75106102780009
-13.360300100907246
-13.360300100907246
-13.633
-11.143512221477962
-12.54231997454247
-11.860787844398962
-8.69342424240054
-13.49663492214395
-11.860787844398962
-9.638940319761952
-11.997000100907245
-12.815030664299597
-10.147992800703957
-9.0844044448443
-12.2697
-13.22408784439896
-13.08765323151567
-13.08765323151567
-12.678674918736265
-13.360300100907246
-9.798155220888795
-7.673923183364942
-13.769351045876414
-13.002612809464352
-9.762797034597899
-9.30303478652939
-8.016202535177236
-11.18943240970703
-9.406781951308531
-10.340666834711383
-11.955528985484998
-11.08467639649076
-8.043467842166917
-7.661746720465194
-10.497487844398961
-10.361053231515669
-12.951401988632712
-7.625099582522028
-10.340666834711383
-7.266053828504047
-8.11163418435702
-7.180889176500854
-7.943297928680532
-9.387761027800089
-7.097149816281794
-11.806023470288473
-8.818534792396292
-10.592228985484999
-9.48666935232379
-7.831786993792662
-7.632570642752521
-9.875915809261691
-8.22276719623642
-9.425365642841115
-8.455267140245294
-10.628123227645178
-12.678674918736265
-11.09323233584608
-12.14730852155225
-13.22408784439896
-13.360300100907246
-9.134098817458387
-11.160545038284983
-12.332081186881368
-12.2697
-10.9064
-10.707183648959857
-11.009630049311836
-9.754277842048563
-10.849969352323791
-9.816659028929932
-8.03364064837906
-9.886395262782447
-11.042751045876413
-10.056724242400541
-13.49663492214395
-13.633
-14.041974918736264
-12.406051045876413
-8.145300513884537
-11.52797203513727
-7.838974803573972
-12.55273240970703
-7.820384947693832
-9.435152207263272
-11.009630049311836
-11.463901621240772
-8.809719636997915
-9.078972538238466
-9.68266498644374
-8.997776801796418
-8.626828990276236
-9.780212221477962
-12.815030664299597
-12.2697
-11.997000100907245
-12.678674918736265
-9.771440599307587
-11.315374918736264
-12.406051045876413
-12.2697
-7.74760922284111
-8.366131944797782
-8.3994970345979
-12.982540593440683
-7.3867381793413935
-11.316794193088706
-7.7997752158210085
-11.72435323151567
-11.860787844398962
-9.815719974542471
-8.588786731975965
-8.159431821127288
-9.387761027800089
-10.924434094674828
-12.951401988632712
-13.09048838617741
-12.447976396490759
-9.745879493191284
-10.181834792396293
-12.742475379970074
-12.72946224806851
-12.13333492214395
-12.54231997454247
-10.633700100907244
-8.040619986569713
-12.668369578925683
-8.006518028389259
-7.9015232276451774
-13.360300100907246
-13.22408784439896
-12.815030664299597
-9.134098817458387
-7.848466228225974
-7.907141192619206
-8.29729757504528
-9.543099999999999
-12.2697
-11.366162248068509
-9.00058838617741
-9.592468054979804
-9.543099999999999
-11.776556441157215
-8.404668016524965
-8.997776801796418
-12.54231997454247
-13.360300100907246
-6.958317647374887
-9.525024461618981
-11.495070589579464
-9.103818435489247
-11.305069578925682
-9.103818435489247
-9.425365642841115
-8.66588096614638
-11.72435323151567
-8.997776801796418
-7.498149561913176
-8.997776801796418
-13.360300100907246
-10.91836149100842
-10.181834792396293
-9.331330380123882
-9.323107002553058
-7.361820253650936
-9.343883648959858
-13.496650050453622
-11.353428990276235
-9.618786773057675
-11.271227587233346
-10.860833394144642
-8.836209945764477
-11.448911613822588
-11.315374918736264
-10.9064
-9.48666935232379
-9.264823227645177
-9.042283672865228
-10.318321780322053
-12.680094193088705
-5.966824242400541
-10.628123227645178
-12.345386773057674
-6.152384252711952
-10.26589164561697
-12.815030664299597
-9.907927587233347
-12.498040599307588
-8.861445817325126
-11.997000100907245
-11.042751045876413
-11.038517420733882
-8.366131944797782
-9.6167717728127
-10.296789455871153
-10.849969352323791
-7.498149561913176
-11.479281022732302
-7.997746406218882
-7.686656441157215
-13.284986993792662
-8.071852207263273
-9.27043745689118
-9.602210028365011
-12.678674918736265
-13.22408784439896
-8.752681022732302
-8.434855220888794
-12.926109945764475
-11.997000100907245
-7.082587968699439
-13.769351045876414
-11.451730664299598
