-9.953494193088705
-8.590194193088706
-9.953494193088705
-8.590194193088706
-9.953494193088705
-9.953494193088705
-8.590194193088706
-9.953494193088705
-9.953494193088705
-9.953494193088705
-9.953494193088705
-9.953494193088705
-9.953494193088705
-9.953494193088705
-9.953494193088705
-9.953494193088705
-8.590194193088706
-9.953494193088705
-9.953494193088705
-9.953494193088705
-9.953494193088705
-9.953494193088705
-8.82907909551375
-9.953494193088705
-9.959474938592916
-9.410982579266117
-9.953494193088705
-9.953494193088705
-9.953494193088705
-9.953494193088705
-9.953494193088705
-9.953494193088705
-9.953494193088705
-9.953494193088705
-9.953494193088705
-9.953494193088705
-8.590194193088706
-9.953494193088705
-9.953494193088705
-9.953494193088705
-8.590194193088706
-9.953494193088705
-9.953494193088705
-9.953494193088705
-9.953494193088705
-9.953494193088705
-9.953494193088705
-9.953494193088705
-9.953494193088705
-9.953494193088705
-9.953494193088705
-9.953494193088705
-9.953494193088705
-8.590194193088706
-9.953494193088705
-9.953494193088705
-8.590194193088706
-9.953494193088705
-9.953494193088705
-9.953494193088705
-9.953494193088705
-9.953494193088705
-9.953494193088705
-9.953494193088705
-9.953494193088705
-9.953494193088705
-8.590194193088706
-9.953494193088705
-9.953494193088705
-8.590194193088706
-9.953494193088705
-9.953494193088705
-8.590194193088706
-9.953494193088705
-7.226894193088706
-9.953494193088705
-9.953494193088705
-9.953494193088705
-9.953494193088705
-9.953494193088705
-7.831786993792662
-9.558090007418183
-10.260916119528828
-8.104824141977321
-9.605481186881368
-8.590194193088706
-8.590194193088706
-8.590194193088706
-8.590194193088706
-8.590194193088706
-9.953494193088705
-8.590194193088706
-9.953494193088705
-7.726586647597055
-9.182082606019339
-9.049313581331106
-10.921584704454856
-9.953494193088705
-12.680094193088705
-11.316794193088706
-9.953494193088705
-9.953494193088705
-8.590194193088706
-9.953494193088705
-9.953494193088705
-9.953494193088705
-9.953494193088705
-8.699446946211618
-9.953494193088705
-8.590194193088706
-8.590194193088706
-8.590194193088706
-8.590194193088706
-8.590194193088706
-9.953494193088705
-12.680094193088705
-8.590194193088706
-10.9064
-9.953494193088705
-9.953494193088705
-9.953494193088705
-8.590194193088706
-8.590194193088706
-9.953494193088705
-9.953494193088705
-9.953494193088705
-10.86502531712296
-9.953494193088705
-9.953494193088705
-9.953494193088705
-9.953494193088705
-11.316794193088706
-8.590194193088706
-9.953494193088705
-8.590194193088706
-9.833461586353401
-9.41336039794222
-9.558090007418183
-9.953494193088705
-9.953494193088705
-9.953494193088705
-9.953494193088705
-8.590194193088706
-9.953494193088705
-9.953494193088705
-9.953494193088705
-8.590194193088706
-9.953494193088705
-9.953494193088705
-9.953494193088705
-9.953494193088705
-9.953494193088705
-10.75106102780009
-9.608779655953818
-9.068255980206443
-9.007295009038163
-10.074713321787495
-9.953494193088705
-9.953494193088705
-9.953494193088705
-8.590194193088706
-9.953494193088705
-9.953494193088705
-9.953494193088705
-9.953494193088705
-9.953494193088705
-9.953494193088705
-8.590194193088706
-9.953494193088705
-8.590194193088706
-9.953494193088705
-11.316794193088706
-9.953494193088705
-9.953494193088705
-9.953494193088705
-9.953494193088705
-9.953494193088705
-9.953494193088705
-9.953494193088705
-9.953494193088705
-9.953494193088705
-9.953494193088705
-8.590194193088706
-11.316794193088706
-9.519878448533971
-10.15627368627999
-10.019183088499883
-8.210169408909714
-9.953494193088705
-8.988863772014389
-9.36651444158609
-9.953494193088705
-9.953494193088705
-9.953494193088705
-10.48138596122269
-10.686759217744623
-10.656627791206915
-9.466857200196703
-9.72137639649076
-10.954511589286852
-10.707183648959857
-9.953494193088705
-9.953494193088705
-8.590194193088706
-9.953494193088705
-9.953494193088705
-9.953494193088705
-9.953494193088705
-9.953494193088705
-9.953494193088705
-9.953494193088705
-9.953494193088705
-8.590194193088706
-8.590194193088706
-8.590194193088706
-9.953494193088705
-9.953494193088705
-9.271844193088706
-9.953494193088705
-12.680094193088705
-8.590194193088706
-9.953494193088705
-9.953494193088705
-9.953494193088705
-9.953494193088705
-9.953494193088705
-9.953494193088705
-9.953494193088705
-9.953494193088705
-9.953494193088705
-9.953494193088705
-9.953494193088705
-9.953494193088705
-9.953494193088705
-9.953494193088705
-8.590194193088706
-9.953494193088705
-9.953494193088705
-8.590194193088706
-9.953494193088705
-9.953494193088705
-9.953494193088705
-9.953494193088705
-9.953494193088705
-9.953494193088705
-8.590194193088706
-8.590194193088706
-9.953494193088705
-8.590194193088706
-11.316794193088706
-8.566972641622678
-8.590194193088706
-9.953494193088705
-9.953494193088705
-12.680094193088705
-9.953494193088705
-8.590194193088706
-8.590194193088706
-8.590194193088706
-9.953494193088705
-9.953494193088705
-9.953494193088705
-8.590194193088706
-9.953494193088705
-12.680094193088705
-11.316794193088706
-12.680094193088705
-11.316794193088706
-9.953494193088705
-8.590194193088706
-8.590194193088706
-9.953494193088705
-9.953494193088705
-9.953494193088705
-8.590194193088706
-8.590194193088706
-9.953494193088705
-8.590194193088706
-9.953494193088705
-9.953494193088705
-8.590194193088706
-9.953494193088705
-8.590194193088706
-9.953494193088705
-9.953494193088705
-12.680094193088705
-9.953494193088705
-9.953494193088705
-8.590194193088706
-9.953494193088705
-8.590194193088706
-8.590194193088706
-9.953494193088705
-9.953494193088705
-9.953494193088705
-9.953494193088705
-8.590194193088706
-8.590194193088706
-8.590194193088706
-9.953494193088705
-9.953494193088705
-9.953494193088705
-9.953494193088705
-9.953494193088705
-8.590194193088706
-9.953494193088705
-8.590194193088706
-9.953494193088705
-9.953494193088705
-10.388058014174566
-9.642816248688884
-9.838236477507676
-7.289275379970073
-9.178864782668171
-9.953494193088705
-12.680094193088705
-8.590194193088706
-9.953494193088705
-8.590194193088706
-8.590194193088706
-9.953494193088705
-9.953494193088705
-11.316794193088706
-11.316794193088706
-9.953494193088705
-12.680094193088705
-8.590194193088706
-9.953494193088705
-9.953494193088705
-9.953494193088705
-9.953494193088705
-8.590194193088706
-8.590194193088706
-9.953494193088705
-9.953494193088705
-9.953494193088705
-9.953494193088705
-9.953494193088705
-9.701704365455074
-11.038517420733882
-10.849969352323791
-9.953494193088705
-8.071852207263273
-9.358873656378043
-9.953494193088705
-9.953494193088705
-9.953494193088705
-9.460350634245922
-8.123369352323792
-8.590194193088706
-9.953494193088705
-9.953494193088705
-9.784647250958278
-9.845546400351978
-8.590194193088706
-9.953494193088705
-9.953494193088705
-8.590194193088706
-8.590194193088706
-8.590194193088706
