-9.953494193088705
-9.953494193088705
-8.590194193088706
-9.953494193088705
-8.590194193088706
-9.953494193088705
-9.953494193088705
-8.590194193088706
-9.953494193088705
-9.953494193088705
-9.953494193088705
-9.953494193088705
-9.953494193088705
-9.953494193088705
-9.953494193088705
-9.953494193088705
-9.953494193088705
-9.953494193088705
-8.590194193088706
-9.953494193088705
-9.953494193088705
-9.953494193088705
-9.953494193088705
-9.953494193088705
-9.953494193088705
-8.82907909551375
-9.953494193088705
-9.959474938592916
-9.410982579266117
-9.953494193088705
-9.953494193088705
-9.953494193088705
-9.953494193088705
-9.953494193088705
-9.953494193088705
-9.953494193088705
-9.953494193088705
-9.953494193088705
-8.590194193088706
-9.953494193088705
-9.953494193088705
-9.953494193088705
-9.953494193088705
-9.953494193088705
-9.953494193088705
-9.953494193088705
-9.953494193088705
-9.953494193088705
-9.953494193088705
-9.953494193088705
-9.953494193088705
-9.953494193088705
-9.953494193088705
-9.953494193088705
-9.953494193088705
-9.953494193088705
-9.953494193088705
-9.953494193088705
-8.590194193088706
-9.953494193088705
-9.953494193088705
-8.590194193088706
-9.953494193088705
-9.953494193088705
-9.953494193088705
-9.953494193088705
-9.953494193088705
-9.953494193088705
-9.953494193088705
-9.953494193088705
-9.953494193088705
-8.590194193088706
-9.953494193088705
-9.953494193088705
-8.590194193088706
-9.953494193088705
-9.953494193088705
-8.590194193088706
-9.953494193088705
-9.953494193088705
-9.953494193088705
-9.953494193088705
-9.953494193088705
-9.953494193088705
-9.953494193088705
-7.831786993792662
-9.558090007418183
-9.354551931589908
-8.714956566851443
-10.260916119528828
-7.726586647597055
-9.605481186881368
-8.590194193088706
-8.590194193088706
-8.590194193088706
-8.590194193088706
-8.590194193088706
-9.953494193088705
-8.590194193088706
-9.953494193088705
-9.182082606019339
-9.049313581331106
-10.921584704454856
-12.680094193088705
-11.316794193088706
-9.953494193088705
-8.590194193088706
-9.953494193088705
-9.953494193088705
-9.953494193088705
-8.699446946211618
-10.375849877185832
-9.953494193088705
-8.590194193088706
-8.590194193088706
-8.590194193088706
-8.590194193088706
-9.953494193088705
-9.953494193088705
-12.680094193088705
-10.9064
-9.953494193088705
-8.590194193088706
-8.590194193088706
-9.953494193088705
-9.953494193088705
-9.953494193088705
-9.657270299653794
-10.86502531712296
-9.953494193088705
-9.953494193088705
-9.953494193088705
-9.953494193088705
-9.953494193088705
-11.316794193088706
-8.590194193088706
-9.953494193088705
-8.590194193088706
-9.833461586353401
-9.41336039794222
-9.558090007418183
-9.953494193088705
-9.953494193088705
-9.953494193088705
-9.953494193088705
-8.590194193088706
-9.953494193088705
-9.953494193088705
-8.590194193088706
-9.953494193088705
-9.953494193088705
-9.953494193088705
-9.953494193088705
-10.75106102780009
-9.068255980206443
-9.007295009038163
-9.953494193088705
-9.953494193088705
-9.953494193088705
-9.953494193088705
-8.590194193088706
-9.953494193088705
-9.953494193088705
-9.953494193088705
-9.953494193088705
-9.953494193088705
-9.953494193088705
-9.953494193088705
-8.590194193088706
-8.590194193088706
-9.953494193088705
-11.316794193088706
-9.953494193088705
-9.953494193088705
-9.953494193088705
-9.953494193088705
-9.953494193088705
-9.953494193088705
-9.953494193088705
-9.953494193088705
-9.953494193088705
-8.590194193088706
-11.316794193088706
-9.953494193088705
-9.519878448533971
-9.543099999999999
-10.15627368627999
-10.019183088499883
-8.210169408909714
-9.953494193088705
-8.988863772014389
-9.36651444158609
-9.953494193088705
-9.953494193088705
-10.48138596122269
-10.686759217744623
-10.656627791206915
-10.27112529789554
-9.466857200196703
-9.72137639649076
-10.954511589286852
-10.707183648959857
-8.047682579266116
-9.953494193088705
-8.590194193088706
-9.953494193088705
-9.953494193088705
-9.953494193088705
-9.953494193088705
-9.953494193088705
-9.953494193088705
-9.953494193088705
-9.953494193088705
-8.590194193088706
-8.590194193088706
-8.590194193088706
-9.953494193088705
-9.953494193088705
-9.271844193088706
-9.953494193088705
-8.590194193088706
-9.953494193088705
-9.953494193088705
-9.953494193088705
-9.953494193088705
-9.953494193088705
-9.953494193088705
-9.953494193088705
-9.953494193088705
-9.953494193088705
-9.953494193088705
-9.953494193088705
-9.953494193088705
-9.953494193088705
-9.953494193088705
-9.953494193088705
-9.953494193088705
-9.953494193088705
-9.953494193088705
-8.590194193088706
-9.953494193088705
-9.953494193088705
-9.953494193088705
-9.953494193088705
-9.953494193088705
-9.953494193088705
-9.953494193088705
-8.590194193088706
-8.590194193088706
-9.953494193088705
-9.953494193088705
-8.590194193088706
-11.316794193088706
-8.566972641622678
-8.590194193088706
-9.953494193088705
-9.953494193088705
-12.680094193088705
-9.953494193088705
-8.590194193088706
-8.590194193088706
-9.953494193088705
-9.953494193088705
-9.953494193088705
-8.590194193088706
-9.953494193088705
-12.680094193088705
-11.316794193088706
-8.590194193088706
-9.953494193088705
-8.590194193088706
-11.316794193088706
-9.953494193088705
-9.953494193088705
-8.590194193088706
-8.590194193088706
-9.953494193088705
-8.590194193088706
-9.953494193088705
-9.953494193088705
-8.590194193088706
-9.953494193088705
-8.590194193088706
-9.953494193088705
-9.953494193088705
-12.680094193088705
-9.953494193088705
-9.953494193088705
-8.590194193088706
-9.953494193088705
-8.590194193088706
-8.590194193088706
-9.953494193088705
-9.953494193088705
-9.953494193088705
-9.953494193088705
-8.590194193088706
-8.590194193088706
-8.590194193088706
-9.953494193088705
-9.953494193088705
-9.953494193088705
-9.953494193088705
-9.953494193088705
-8.590194193088706
-8.590194193088706
-9.953494193088705
-9.953494193088705
-9.953494193088705
-9.953494193088705
-9.642816248688884
-9.838236477507676
-7.289275379970073
-9.178864782668171
-9.953494193088705
-12.680094193088705
-8.590194193088706
-9.953494193088705
-8.590194193088706
-8.590194193088706
-9.953494193088705
-9.953494193088705
-11.316794193088706
-11.316794193088706
-9.953494193088705
-12.680094193088705
-8.590194193088706
-9.953494193088705
-9.953494193088705
-9.953494193088705
-8.590194193088706
-8.590194193088706
-9.953494193088705
-9.953494193088705
-9.953494193088705
-9.953494193088705
-9.3621448148944
-11.038517420733882
-10.849969352323791
-8.242181186881368
-9.953494193088705
-8.071852207263273
-9.953494193088705
-9.953494193088705
-10.15627368627999
-9.460350634245922
-8.123369352323792
-8.590194193088706
-9.953494193088705
-9.953494193088705
-9.784647250958278
-9.845546400351978
-8.590194193088706
-9.953494193088705
-9.953494193088705
-8.590194193088706
-8.590194193088706
-8.590194193088706
-9.953494193088705
-9.953494193088705
