-7.815564782668171
-8.123369352323792
-7.686656441157215
-7.661458014174567
-6.262263772014388
-7.226894193088706
-6.787612628577953
-6.557020795884441
-6.058092800703957
-6.083291227686605
-8.1798
-7.637288386177411
-6.475135992899164
-7.637288386177411
-7.5195540290185265
-11.889675215821008
-12.300069408909714
-7.673923183364941
-8.311917420733883
-6.576434786529389
-7.699669573058779
-7.831786993792662
-7.661458014174567
-7.682594676130186
-7.699669573058779
-6.557020795884441
-8.8452494139775
-7.7491567333337645
-8.123369352323792
-7.920320795884441
-6.8165
-7.831786993792662
-5.93928096614638
-6.878881186881368
-7.673923183364941
-7.226894193088706
-7.769405806911294
-7.1189464003519785
-7.027677842048563
-6.468486993792662
-6.787612628577953
-6.846869408909714
-6.596507002553058
-7.263528990276237
-6.166040593440684
-8.434855220888794
-8.482246400351977
-7.1189464003519785
-8.350128979618095
-7.1189464003519785
-9.667862373762738
-8.123369352323792
-6.82245053920516
-6.436475215821008
-6.621527922813592
-8.242181186881368
-7.175870648446253
-6.997181573801755
-9.022296165857682
-7.044840599307587
-9.264823227645177
-7.405170589579465
-7.970487131431725
-8.854429034556471
-8.722311613822589
-9.27603000387049
-9.543099999999999
-9.543099999999999
-8.961637197381675
-8.87898425271195
-6.776441095881753
-9.264823227645177
-6.948617420733883
-9.953494193088705
-10.255940593440684
-8.67949245450835
-8.097050634245921
-8.925091107013873
-6.538223227645177
-8.170984844601623
-6.08846220961367
-11.038517420733882
-8.991190194132038
-8.242181186881368
-6.67034064837906
-8.626828990276236
-9.30303478652939
-7.980583648959858
-7.21169699614306
-10.085611613822588
-8.416912221477963
-6.436475215821008
-7.545343558620371
-8.116119108309162
-10.278057970969998
-9.20503804596895
-10.682600212963768
-8.311917420733883
-5.978210625382028
-7.128897452528265
-7.712975159235086
-9.034709066350853
-9.132705806911295
-8.482246400351977
-7.491129034556471
-8.773290754605126
-6.760069352323791
-9.420532361574669
-7.954117850104388
-9.22200406833094
-9.672264428741236
-9.58225963541534
-10.298303714076035
-7.1189464003519785
-8.823782156142103
-8.123369352323792
-8.358076396490759
-8.1798
-7.549412809464353
-6.8165
-9.049956441157216
-8.390977842048564
-10.496005806911294
-9.065606876605035
-8.390132626106054
-8.555694706973243
-7.4181126057921345
-6.498856402702376
-7.113055071474102
-8.242181186881368
-6.497818587069119
-9.374253057869572
-9.383224042632497
-7.529340593440684
-5.690312221477963
-7.686656441157215
-8.242181186881368
-9.261134283205779
-9.845546400351978
-7.980583648959858
-9.865618616375647
-8.836209945764477
-9.132705806911295
-9.84063289773629
-7.661458014174567
-7.667408553379727
-9.690207428152068
-9.886395262782447
-5.912962248068509
-7.740518435489247
-11.117577842048563
-7.251063821085861
-9.634467245472104
-10.217729034556472
-8.505389013924791
-9.855497452528263
-7.865628985484999
-9.605481186881368
-6.502328985484999
