-12.673822712514305
-8.05973483100389
-7.743673871185093
-7.853254086932234
-9.959444732293866
-10.672987579617542
-10.684302466436778
-9.246604138853181
-7.813346373586544
-8.231818473421082
-8.078505525985474
-8.744392662867275
-9.97181159168247
-7.7843958143294785
-8.311917420733883
-11.19973685595598
-9.638504831587927
-10.706528563639088
-11.670757738501202
-10.426269573058779
-10.48138596122269
-10.529673710487122
-8.541195822808485
-7.9862200174051186
-7.968540838922022
-9.382199409665176
-7.87811516806784
-7.808673359144047
-8.482246400351977
-7.665791034737181
-7.257512948671794
-7.88330413885318
-7.196804711256993
-8.596169199158922
-8.078102113669313
-8.04225412718197
-7.463706921968486
-7.945177784153069
-7.53763689095098
-8.535497370080332
-7.736771305411867
-9.06296957305878
-8.818534792396292
-10.211365481191953
-11.921686993792662
-10.139826137886487
-7.895814607784114
-9.327075954193184
-8.141634700485143
-7.358715650973547
-7.942124277138703
-6.915515984068899
-8.249296899271965
-6.866189921618434
-7.867765323618241
-11.359761389325124
-7.784553976443075
-8.367451464572845
-8.04869984984184
-7.969543705131068
-7.8018141945915165
-7.870069278598468
-8.72628657241711
-8.67949245450835
-9.00058838617741
-11.715463772014388
-10.644605768175277
-10.119902097719553
-11.260363545412497
-10.288964238147242
-8.533763545412496
-7.93973478652939
-8.311917420733883
-11.208230298498824
-8.16920946084602
-8.216002917354382
-11.52869791249381
-11.002623178573705
-10.437442100253445
-8.434855220888794
-9.29524389390652
-12.440028979618095
-9.830926554663375
-9.196239368873607
-10.199509945764476
-11.609454029018526
-11.002623178573705
-11.39248096614638
-11.859305806911294
-7.980583648959858
-8.024461027800088
-8.704031803576289
-8.249458267764599
-10.728715973410758
-10.705295947419371
-8.848829972882237
-6.79498882141482
-9.023988086995224
-11.09065255535946
-9.145844352323792
-8.634587374889112
-8.400432030986464
-8.273632094466755
-9.561669452107152
-7.692701178236714
-7.105020997574033
-7.5545390204233325
-8.434343642067802
-8.418474669001636
-7.944269429122604
-10.936769408909713
-8.59138071505219
-7.712975159235086
-9.543099999999999
-10.04279245450835
-9.61599027283946
-9.435152207263272
-8.590194193088706
-8.375706325439102
-9.467584025513027
-8.257303382035698
-8.071852207263273
-8.735344225284752
-9.474898412320464
-11.379175379970073
-9.267728421064785
-9.988658494965723
-11.874295814329479
-12.186950634245921
-7.980583648959858
-7.257263601998419
-7.038346124678614
-7.954560171537367
-7.436411163427175
-8.665742995594758
-10.972341613996067
-9.543099999999999
-12.332081186881368
-10.217440077155697
-10.686407002553057
-11.208846400351979
-8.390977842048564
-10.351141191261565
-8.602155684097127
-7.03107082363892
-11.58102903455647
-10.291526544176465
-10.9064
-11.39248096614638
-10.510995814329478
-7.961286583543826
-10.04279245450835
-10.286310002350397
-8.482246400351977
-12.680094193088705
-8.707691768133984
-8.084569376315795
-8.123369352323792
-10.056724242400541
-10.202515421666106
-9.070520809427094
-8.33708451088238
-10.255940593440684
-7.368260622100198
-10.01441706749598
-9.953494193088705
-6.787612628577953
-8.054890175127476
-7.018862686650186
-11.316794193088706
-9.989995006642543
-10.936769408909713
-9.754277842048563
-8.930764450699728
-10.798452207263272
-12.04970700255306
-11.448911613822588
-6.594062097493831
-8.350128979618095
-12.300069408909714
-8.63361986933945
-10.68758752665935
-10.945576597494734
-10.422321221941784
-8.455134193557276
-8.878791426243165
-8.382615611770802
-11.52797203513727
-11.551880671466682
-11.466911397458002
-7.038335947058297
-10.89500834853616
-11.136912034651369
-9.753006884693278
-10.366776365609098
-10.876708180165572
-7.320386391215041
-10.563950197200159
-9.839422193982458
-9.426636591023891
-12.812211613822589
-10.115981022732303
-8.350128979618095
-11.78956957305878
-6.708552207263272
-12.332081186881368
-10.006736244444772
-10.50947961973092
-9.93618859929341
-8.549333881193117
-10.518635580549766
-9.460350634245922
-7.980583648959858
-11.328755684097127
-11.208846400351979
-12.029634786529389
-10.301163995588766
-9.881132351087759
-11.082917649886987
-11.083381772706248
-10.115981022732303
-10.510995814329478
-7.170463545412497
-9.487412137879021
-9.762237946927307
-10.592228985484999
-9.528656314288977
-10.017340911842265
-8.953294869432906
-10.228623712882742
-11.560668861391648
-9.19131633329942
-9.30998292271391
-10.063815029752403
-11.955528985484998
-10.66831166204601
-8.446020849316731
-7.93973478652939
-8.454138488886414
-12.010220795884441
-11.751358014174567
-10.098842812613213
