-8.917386128614528
-11.180429115232656
-11.453145238965119
-10.498824857388305
-8.031240221678203
-8.548593395203618
-8.705371671978646
-11.589414167631176
-11.453145238965119
-11.8163760832824
-12.134747424604376
-11.589414167631176
-11.453145238965119
-11.180429115232656
-9.362097560487646
-8.051976500641825
-11.72576911182497
-10.498824857388305
-12.271182037487668
-11.111590080554535
-9.544493010547093
-11.589414167631176
-11.193370345822405
-10.635196181721419
-10.907882037487667
-8.72652287729498
-11.862124857388304
-11.72576911182497
-10.771447424604373
-7.36205379362848
-11.72576911182497
-10.498824857388305
-10.635196181721419
-9.114355497489699
-11.744884682667108
-10.498824857388305
-9.408170994885122
-12.543729115232656
-13.089069111824971
-9.798155220888795
-10.226114167631177
-11.453145238965119
-7.226894193088706
-9.408170994885122
-8.916684042394941
-8.998477901207117
-12.190894094717214
-11.152474374588191
-10.936769408909713
-11.72576911182497
-9.680831649979885
-11.72576911182497
-12.134747424604376
-9.953494193088705
-8.999180925064671
-12.543729115232656
-12.543729115232656
-8.961162502559068
-7.6795201351527
-11.589414167631176
-11.04409429399595
-9.408170994885122
-10.635196181721419
-10.771447424604373
-11.180429115232656
-10.498122619482562
-11.180429115232656
-10.36246911182497
-11.091149973988706
-11.656883699573424
-9.012119468344249
-11.180429115232656
-11.316794193088706
-9.544493010547093
-11.453145238965119
-11.452391173374162
-11.180429115232656
-9.135509985089106
-10.318299558307642
-11.738963760874995
-9.264823227645177
-12.456283602225001
-10.628123227645178
-11.72576911182497
-9.135509985089106
-11.180429115232656
-11.859305806911294
-11.275342594667215
-9.953494193088705
-11.316794193088706
-10.36246911182497
-9.817176144397237
-12.134747424604376
-9.324872284072399
-10.157273712302185
-12.680094193088705
-9.544493010547093
-10.771447424604373
-11.862124857388304
-12.407394293995951
-9.953494193088705
-9.816453284358076
-10.907108078131944
-10.498824857388305
-9.408170994885122
-11.208846400351979
-12.161752207263273
-11.316794193088706
-8.862851701224468
-10.226114167631177
-13.42921242869415
-11.862124857388304
-10.157272015280617
-9.408170994885122
-10.498824857388305
-9.953494193088705
-10.9064
-9.845546400351978
-12.680094193088705
-8.590194193088706
-10.498824857388305
-10.36246911182497
-10.907882037487667
-9.953494193088705
-11.038517420733882
-9.953494193088705
-11.180429115232656
-10.36246911182497
-10.635196181721419
-9.953494193088705
-7.1390186163756475
-10.771447424604373
-10.498824857388305
-9.721038244892814
-10.771447424604373
-9.816453284358076
-9.817176144397237
-11.316794193088706
-9.953494193088705
-10.771447424604373
-8.862851701224468
-7.446591227686604
-8.7258211684618
-11.04409429399595
-11.04409429399595
-10.635196181721419
-11.998496181721418
-9.544493010547093
-10.635196181721419
-10.498824857388305
-10.226114167631177
-9.817176144397237
-11.316794193088706
-10.226114167631177
-10.36246911182497
-10.226114167631177
-11.862124857388304
-11.862124857388304
-10.08984523896512
-10.771447424604373
-10.08984523896512
-10.226114167631177
-8.644733229995575
-11.862124857388304
-10.226114167631177
-9.953494193088705
-9.246604138853181
-10.907882037487667
-10.36246911182497
-9.40748051548276
-10.838922415965389
-9.475614979815788
-12.81644523896512
-9.544493010547093
-11.72576911182497
-10.498824857388305
-10.771447424604373
-9.953494193088705
-9.27184001041383
-11.276632069725617
-13.893545897028368
-11.374354978991843
-9.189348639563121
-10.08984523896512
-10.226114167631177
-11.04409429399595
-9.952803404348419
-10.771447424604373
-11.589414167631176
-10.226114167631177
-11.208846400351979
-10.771447424604373
-11.589414167631176
-10.095897956357984
-7.637288386177411
-11.04409429399595
-11.86142261948256
-11.520572415965386
-9.952803404348419
-10.838922415965389
-10.498824857388305
-8.999180925064671
-8.72652287729498
-10.498824857388305
-8.912712809464352
-10.526375215821009
-11.589414167631176
-9.817176144397237
-10.771447424604373
-11.453145238965119
-11.180429115232656
-10.08984523896512
-12.543729115232656
-12.543729115232656
-11.212764810060364
-12.474949085177066
-9.27184001041383
-10.771447424604373
-11.452441069197455
-10.51584764457304
-12.134634125368695
-9.053713848072444
-10.361764557616327
-8.467496601535645
-9.27794630473673
-11.862124857388304
-12.271182037487668
-7.686656441157215
-9.544493010547093
-10.08984523896512
-12.134747424604376
-11.862124857388304
-11.862124857388304
-11.589414167631176
-8.725819216600218
-12.271182037487668
-11.72576911182497
-10.36246911182497
-8.657654992544554
-9.407450449803571
-9.817176144397237
-9.135509985089106
-11.998496181721418
-10.08984523896512
-12.134747424604376
-10.907882037487667
-11.72576911182497
-11.589414167631176
-10.08984523896512
-10.498824857388305
-10.226114167631177
-12.134747424604376
-10.498824857388305
-9.020847083167087
-9.195086993792662
-8.999180925064671
-7.790499720629701
-10.36246911182497
-9.817176144397237
-8.999180925064671
-9.544493010547093
-10.907882037487667
-10.771447424604373
-12.407394293995951
-11.180429115232656
-11.453145238965119
-10.635196181721419
-9.202957083815589
-11.619240593440683
-9.42572986060639
-10.085611613822588
-12.271182037487668
-9.754277842048563
-10.9064
-12.2697
-11.316794193088706
-10.36246911182497
-9.408170994885122
-9.953494193088705
-9.953494193088705
-8.999180925064671
-10.771447424604373
-11.862124857388304
-12.81644523896512
-10.293635550228842
-10.702573762755808
-10.907882037487667
-10.226114167631177
-11.72576911182497
-11.180429115232656
-11.72576911182497
-8.999180925064671
-8.862851701224468
-12.407394293995951
-10.907882037487667
-12.543729115232656
-10.226583694824907
-6.861060935199219
-8.930313371194899
-9.066639871261529
-10.225449888062284
-10.907099888062284
-8.862851701224468
-10.733619338058189
-7.351364256962919
-9.680831649979885
-11.180429115232656
-11.04409429399595
-8.999180925064671
-11.04409429399595
-8.657654804635474
-11.316794193088706
-9.27184001041383
-12.407394293995951
-11.04409429399595
-11.589414167631176
-12.271182037487668
-10.061878543646202
-9.843692930710588
-8.390977842048564
-10.184611001720672
-10.614025891697084
-7.608618712330353
-10.08984523896512
-11.453145238965119
-9.953494193088705
-11.04409429399595
-11.589414167631176
-11.316794193088706
-8.590194193088706
-10.66633478652939
-10.498824857388305
-10.225433286061918
-11.180429115232656
-11.04409429399595
-11.453145238965119
-10.498824857388305
-9.953494193088705
-10.08984523896512
-10.498824857388305
-10.293605533270593
-11.180429115232656
-10.498824857388305
-10.498824857388305
-10.36246911182497
-8.862851701224468
-11.72510100601507
-9.27184001041383
-10.907882037487667
-11.316794193088706
-9.00534402352962
-12.270399888062283
-9.817176144397237
-12.543024544887562
-7.495399931026149
-12.134747424604376
-9.135509985089106
-11.998496181721418
-13.225424857388303
-7.920320795884441
-7.226894193088706
-10.36246911182497
-8.72652287729498
-10.552641160808463
-7.8569854207753105
-11.453145238965119
-10.566298142420766
-9.748297096544352
-9.78241773020957
-10.838923712302186
-10.635196181721419
-12.407394293995951
-11.72576911182497
-10.635196181721419
-10.36180100601507
-11.72576911182497
-12.271182037487668
-11.316794193088706
-9.544493010547093
-10.293666541682041
-9.408170994885122
-10.498824857388305
-9.817176144397237
-11.316794193088706
-9.135509985089106
-9.680831649979885
-9.544493010547093
-10.498824857388305
-12.271182037487668
-9.680831649979885
-11.589414167631176
-11.72576911182497
-10.08984523896512
-10.771447424604373
-10.498824857388305
-8.382579493191285
-11.72576911182497
-11.316794193088706
-10.08984523896512
-9.264823227645177
-9.680831649979885
-9.748275812261177
-10.255940593440684
-9.188544676759946
-8.121491450389914
-10.08984523896512
-8.856282161788144
-11.316794193088706
-8.590194193088706
-9.884631157139744
-11.86142261948256
-12.134747424604376
-11.72576911182497
-9.953494193088705
-11.038517420733882
-10.66633478652939
-9.953494193088705
-12.623663545412496
-9.754277842048563
-9.845546400351978
-10.08984523896512
-10.085611613822588
-11.316794193088706
-10.226114167631177
-11.316794193088706
-13.286105455217378
-10.771447424604373
-9.817176144397237
-10.498824857388305
-11.862124857388304
-8.821957798767567
-10.907882037487667
-11.997734555912485
-9.00058838617741
-9.543099999999999
-10.498084606366106
-9.27184001041383
-10.498824857388305
-10.226114167631177
-8.72652287729498
-10.36246911182497
-9.680831649979885
-9.00058838617741
-11.453145238965119
-12.134747424604376
-11.998496181721418
-8.002115973410758
-11.72576911182497
-10.907882037487667
-9.817176144397237
-10.226114167631177
-11.862124857388304
-10.30046336175397
-11.138892324576005
-8.999180925064671
-10.668541743651616
-7.600558864780866
-8.403803043884377
-10.498824857388305
-10.226114167631177
-10.634432606753794
-11.588049999999999
-9.953494193088705
-10.363888386177411
-10.771447424604373
-9.089886647597055
-8.862851701224468
-12.543729115232656
-10.36246911182497
-11.589414167631176
-9.817176144397237
-9.817176144397237
-11.589414167631176
-12.543106350893632
-9.817176144397237
-9.680831649979885
-10.226114167631177
-10.36246911182497
-11.588791018743834
-9.953494193088705
-9.953494193088705
-10.363888386177411
-11.78956957305878
-11.208846400351979
-10.496005806911294
-12.891272035137268
-11.859305806911294
-10.255940593440684
-10.9064
-11.208846400351979
-11.208846400351979
-10.056724242400541
-7.93973478652939
-10.498824857388305
-10.36246911182497
-9.27184001041383
-8.735785426642215
-8.357029192723552
-7.831786993792662
-9.343883648959858
-10.558386993792661
-6.377218435489247
-6.323356441157215
-8.11163418435702
-6.468486993792662
-6.905798261419644
-6.8165
-6.538223227645177
-10.524819173750133
-9.502214423700305
-10.592228985484999
-6.228421780322053
-8.091924423286942
-6.398458450051623
-8.820558262204838
-11.382852903455646
-9.543099999999999
-7.2388556840971265
-6.986828979618095
-5.851869578925682
-10.756551703939662
-9.645332322900282
-9.829388200651646
-9.229556219138459
-11.492675143288912
-7.570189455871152
-7.570189455871152
-6.9376299744040075
-9.30303478652939
-8.784692800703956
-8.010063390283422
-9.953494193088705
-9.761254505717115
-8.684220332118088
-5.549423178573704
-6.298158014174567
-6.196410002350397
-5.676123602077306
-6.538593389374758
-9.653420836663699
-9.611232408236749
-10.865540612002569
-9.51584114834846
-7.879872896699492
-8.029836793960227
-9.924832416513045
-7.053612221477962
-7.686656441157215
-9.78848812852822
-8.772831211568626
-5.681540599307588
-5.925975379970073
-6.770933394144642
-9.435152207263272
-6.377218435489247
-5.875555684097127
-9.335485300102578
-10.780505086183183
-11.41404349689633
-9.839039834401195
-6.661161027800089
-10.279288467430591
-9.025054125042043
-6.406105806911294
-6.840669627997156
-10.612360890161025
-9.343883648959858
-7.570189455871152
-6.713506827533562
-7.7953393620022515
-8.024461027800088
-10.238439605000123
-9.365854709012293
-7.614066834711383
-7.529340593440684
-7.019279493191284
-8.609239233709147
-10.170280927669834
-6.85946719623642
-9.833935624618963
-6.9268208366636985
-6.010701621240773
-6.912723178573704
-11.382852903455646
-7.491129034556471
-9.871304972882237
-7.865628985484999
-9.049956441157216
-6.846869408909714
-7.1390186163756475
-6.074772035137269
-10.224801988632713
