-12.117118467680053
-8.613747398680177
-8.288340162638244
-11.117577842048563
-10.15627368627999
-9.387761027800089
-11.002623178573705
-9.618786773057675
-9.390042624716735
-9.432690358946388
-8.319364986443741
-8.590194193088706
-12.565639834401196
-8.541347392321525
-8.955021780322053
-11.553906414566669
-8.133411640137393
-10.093059179532446
-8.590194193088706
-11.919270312897082
-10.217729034556472
-11.316794193088706
-8.873226602795736
-9.519878448533971
-8.755022780566255
-11.69268890006195
-8.590194193088706
-9.924606821666659
-8.949564841534958
-8.96608890006195
-10.246154029018527
-11.5718494139775
-11.117577842048563
-9.255643607066206
-10.375849877185832
-8.735785426642215
-8.585476449663815
-11.609454029018526
-8.829963443710275
-12.137582579266116
-8.784692800703956
-11.161455220888794
-8.939867330834437
-11.117577842048563
-11.921686993792662
-8.738821708512662
-10.774282579266117
-7.898018185573209
-9.959444732293866
-10.453186647597056
-9.576593815459322
-11.97320413885318
-10.648833798088829
-12.692055684097127
-10.173191227686605
-11.117577842048563
-9.365415973410757
-8.960529482059165
-8.590194193088706
-12.092015973410756
-8.885773050545806
-11.84468596122269
-9.754277842048563
-12.66541895837105
-8.564699803257016
-9.13716309521855
-9.246604138853181
-9.649864827973206
-10.022490797029695
-10.426269573058779
-10.236526602795735
-8.909658252385741
-11.299293204648142
-9.201702410852285
-9.576593815459322
-10.66633478652939
-8.374709912714932
-11.117577842048563
-9.252011241886937
-10.281139020423332
-10.798452207263272
-11.751358014174567
-10.728715973410758
-11.038517420733882
-10.413256441157214
-10.022490797029695
-8.346662046099496
-8.90158898040329
-11.763823183364941
-7.625563772014388
-8.590194193088706
-8.613131617379555
-9.259298394394712
-10.022490797029695
-8.647547321142241
-8.590194193088706
-8.590194193088706
-8.590194193088706
-8.590194193088706
-8.081301714583496
-11.97320413885318
-12.746152903455647
-9.422944070274538
-9.935993204648144
-8.96608890006195
-11.681621780322052
-12.137582579266116
-10.774282579266117
-9.552881013783566
-11.037939787704588
-8.590194193088706
-10.1238231727068
-9.881132351087759
-10.60990413885318
-11.69268890006195
-9.737598607615253
-9.164635358139233
-12.680094193088705
-9.415738216618324
-9.06296957305878
-9.422944070274538
-10.988853402905038
-10.877512628577954
-8.904602084449104
-9.175673003147715
-8.99940542141389
-8.590194193088706
-8.590194193088706
-9.97766382108586
-10.728715973410758
-10.307457738501203
-8.590194193088706
-9.29910072775522
-8.949564841534958
-9.452677865953934
-10.115981022732303
-11.038517420733882
-10.849969352323791
-9.11808596122269
-9.403919986569711
-9.35670885079567
-8.590194193088706
-9.947602864210827
-9.582892530897496
-9.216863020106306
-8.930326098387866
-11.44155656685144
-10.526375215821009
-9.06296957305878
-8.575574347400101
-10.1238231727068
-10.575066228225975
-9.11808596122269
-8.017668521172618
-12.572146400351977
-9.372031390470381
-11.072794920843927
-8.623688008548026
-9.452677865953934
-8.863753222018637
-7.980583648959858
-9.860536407770162
-8.590194193088706
-10.26589164561697
-9.399257965103095
-10.575066228225975
-10.318321780322053
-7.656177637437557
-9.798155220888795
-8.097050634245921
-8.885773050545806
-9.505814279720674
-10.029180966146379
-10.32938890006195
-10.728715973410758
-9.285533798088828
-8.750348490494817
-9.635850595791082
-9.971528287763533
-8.590194193088706
-8.8452494139775
-8.980792535688733
-10.60990413885318
-11.434291768133985
-11.117577842048563
-9.713428979618095
-9.762797034597899
-10.722173656378041
-9.064286756398875
-7.25168088593294
-9.990128990276236
-9.072251993128795
-8.960529482059165
-11.703966834711384
-9.216863020106306
-10.82365063424592
-10.968781186881367
-8.590194193088706
-9.492076455357548
-11.117577842048563
-11.076728979618094
-8.178912554916772
-8.895608387460037
-9.122434134991963
-11.316794193088706
-11.921686993792662
-9.930272641622677
-8.78223095238707
-8.590194193088706
-9.602200991969546
-10.968781186881367
-11.609454029018526
-8.590194193088706
-10.728715973410758
-10.022490797029695
-13.663369408909714
-10.542164782668172
-10.131770589579466
-9.576593815459322
-10.9064
-8.590194193088706
-11.076728979618094
-11.448911613822588
-8.784692800703956
-11.41301737166241
-9.886395262782447
-11.002623178573705
-11.69268890006195
-10.849969352323791
-7.462241663134426
-9.595694622459211
-7.986607551667088
-11.511292800703956
-7.529340593440684
-9.403919986569711
-7.199700881955939
-8.1798
-7.30258096614638
-9.387761027800089
-8.145300513884537
-8.071852207263273
-7.27626224806851
-13.08765323151567
-12.678674918736265
-8.1798
-9.029712634444856
-7.7843958143294785
-8.514696913925167
-11.859305806911294
-8.609450318470172
-8.279516248688884
-7.740518435489247
-9.803645897028368
-10.058135622490049
-8.1798
-7.98270198276581
-7.226894193088706
-8.1798
-7.920320795884441
-8.661857800040089
-8.1798
-9.762797034597899
-10.058135622490049
-8.452457508135764
-7.68408778781304
-8.1798
-11.451730664299598
-6.997985475713687
-8.1798
-7.344391768133985
-9.175673003147715
-8.804765016727627
-8.1798
-11.179019974542472
-10.114424980661429
-8.803721173289205
-8.1798
-12.406051045876413
-10.37827144975241
-8.1798
-7.8552717476045135
-10.214040090117074
-6.872338869848653
-8.729759179532445
-8.892640593440683
-11.179019974542472
-13.360300100907246
-7.663434889691189
-10.9064
-7.661458014174567
-8.1798
-7.472909945764476
-9.845546400351978
-7.831786993792662
-8.547926056305796
-7.321170216667957
-9.505814279720674
-12.842581022732302
-8.1798
-8.277417934618422
-8.555694706973243
-10.883178448533972
-8.429414995779162
-9.544878890673719
-8.162299011559439
-7.359011613822588
-7.980583648959858
-9.215159209816331
-7.980583648959858
-7.869122055600178
-11.997000100907245
-8.1798
-7.30258096614638
-8.162299011559439
-8.380914024674874
-6.933997575045279
-9.865618616375647
-7.614066834711383
-7.848466228225974
-8.1798
-8.361285475713688
-8.762104144720086
-9.406781951308531
-7.65410296720342
-8.700515029752404
-7.183304462749968
-7.232844732293866
-7.359011613822588
-8.1798
-12.963126602795736
-8.1798
-8.588786731975965
-8.1798
-9.27043745689118
-10.181834792396293
-7.45003352614569
-8.703375294576828
-9.660597575045278
-10.131770589579466
-8.672647595993743
-6.708552207263272
-9.195086993792662
-7.405170589579465
-7.455234792396293
-9.815719974542471
-8.507444827334627
-7.931892636554891
-12.54231997454247
