-12.115532294674408
-8.25886042131468
-6.798999011559439
-7.918413954728417
-7.284688178639677
-6.600604414526546
-6.028422780566256
-6.178002084449105
-6.5589337980888285
-6.596507002553058
-7.473807707372692
-7.417295388730469
-6.041071030150487
-6.837593913718408
-6.99477639649076
-6.853134797187531
-7.7519048184707335
-12.629394744553124
-6.825448386962605
-7.419750431642017
-7.11403289773629
-6.7235422146814585
-8.530116228225975
-7.031922115902297
-6.872338869848653
-7.170463545412497
-7.339358931915718
-12.843402207263273
-12.978619518453435
-7.695735514284611
-13.044110719996674
-11.412567000900008
-13.361744193088704
-10.144586125209454
-11.318159104231189
-6.222964841534958
-6.173988010313349
-7.322421223825387
-7.899675882411143
-10.984511907597245
-9.754234059485949
-8.456229754683502
-6.056450431642016
-6.262263772014388
-7.509926602795735
-7.080734841467766
-6.708552207263272
-11.867415177892882
-12.300890593440684
-10.966923094692785
-11.100727339555172
-12.56535517832235
-14.857161613822587
-10.822288310778864
-11.936679404097472
-10.990186198104084
-12.070483648959858
-10.439575159235085
-10.496005806911294
-13.433783648959858
-12.213269352323792
-11.830418435489246
-13.765117420733883
-10.924434094674828
-13.252975215821008
-9.396940648379061
-8.62181138679572
-10.75106102780009
-10.628123227645178
-10.236526602795736
-8.560904324210245
-9.195086993792662
-7.529340593440684
-8.873226602795736
-8.197834094674828
-8.276023178573704
-8.191761491008421
-9.97766382108586
-7.980583648959858
-8.652575379970074
-10.75106102780009
-13.525052207263272
-9.31499627753781
-10.115981022732303
-11.727188386177412
-8.563566647567244
-11.889675215821008
-8.579631647340298
-11.308562649040862
-13.166175159235085
-9.22200406833094
-9.61209660394099
-11.406092454508348
-12.2697
-9.055127423084281
-9.737598607615253
-8.23174790074862
-9.29519263655489
-11.366162248068509
-10.526375215821009
-9.762797034597899
-10.015875379970073
-9.875915809261691
-10.276012809464353
-11.305069578925682
-11.448911613822588
-8.635713434945224
-9.907927587233347
-11.448911613822588
-13.39293478652939
-6.878881186881368
-8.722311613822589
-10.849969352323791
-9.965455684097126
-8.67949245450835
-14.175511613822588
-9.115204818470733
-12.858370589579465
-7.111688822089123
-11.639312809464354
-11.239215809261692
-10.070991768133984
-8.959423835300552
-11.830418435489246
-8.659190797029694
-10.070991768133984
-8.024461027800088
-11.545134792396293
-14.585905806911294
-11.239215809261692
-11.420024242400542
-9.57973479718753
-10.526375215821009
-11.448911613822588
-11.463901621240772
-7.954117850104389
-12.213269352323792
-10.467118435489247
-9.605481186881368
-10.296789455871153
-9.492076455357548
-10.496005806911294
-8.603365232356769
-11.463901621240772
-9.169340604098826
-11.379175379970073
-9.150739901586123
-10.707183648959857
-12.572146400351977
-11.619240593440683
-9.632398261419644
-10.707183648959857
-7.756521400668935
-9.632398261419644
-12.312667196236418
-7.980583648959858
-11.406092454508348
-10.558386993792661
-7.93973478652939
-8.668578345149761
-10.94936719623642
-8.69483562249005
-8.42223825739758
-9.82613240970703
-9.098206320795832
-11.751358014174567
-8.937733729724886
-10.164672035137269
-9.331330380123882
-10.100601621240774
-10.628123227645178
-8.441265980612409
-9.435152207263272
-10.131770589579466
-12.874592800703956
-8.203969627997157
-12.312667196236418
-10.97539660394099
-10.164672035137269
-11.009630049311836
-11.134740599307587
-10.496005806911294
-9.369818028389258
-11.660089455871152
-12.797591768133984
-13.284986993792662
-13.695381186881367
-13.354723227645177
-11.727188386177412
-13.81127639649076
-8.722311613822589
-9.195086993792662
-14.175511613822588
-12.645594706973245
-13.525052207263272
-9.129752814918648
-10.995698261419642
-8.482246400351977
-13.252975215821008
-12.263808671122122
-8.071852207263273
-8.873226602795736
-9.61209660394099
-10.363888386177411
-9.907927587233347
-10.467118435489247
-12.982540593440683
-12.908434792396292
-13.139856441157216
-9.250203381956574
-9.592468054979804
-9.175673003147715
-10.115981022732303
-13.252975215821008
-11.448911613822588
-9.172498337808792
-10.628123227645178
-9.705586829643597
-10.628123227645178
-9.97766382108586
