-9.27184001041383
-11.589414167631176
-10.36246911182497
-9.953494193088705
-10.498824857388305
-8.342286829643596
-8.84161704879823
-8.72652287729498
-9.544493010547093
-9.478650173295147
-10.849969352323791
-8.66588096614638
-7.959807002553058
-11.180429115232656
-8.80137203513727
-11.52797203513727
-9.401469694938537
-8.229168054979803
-7.09953240970703
-9.049956441157216
-9.680126314673998
-8.737301621240773
-10.968781186881367
-7.309347595993743
-10.999150595791082
-9.23417634923081
-8.23239462245921
-8.590194193088706
-9.374253057869572
-7.226894193088706
-9.514212628577953
-9.567269627997156
-8.052438216618325
-8.326907428152067
-9.754277842048563
-10.152249086511878
-9.817176144397237
-11.998496181721418
-8.181204880032421
-10.08984523896512
-9.27184001041383
-8.079299772973132
-9.762797034597899
-8.173908671122124
-11.06230770001723
-12.213269352323792
-10.575066228225975
-11.208846400351979
-10.276012809464353
-12.213269352323792
-11.679874877837625
-8.210169408909714
-9.784647250958278
-8.523095262782446
-10.128437653760383
-9.84063289773629
-8.700441524404196
-10.33459851729895
-9.567784027489902
-9.261374215814014
-9.081682262268842
-8.590194193088706
-8.729759179532445
-8.523095262782446
-8.320490245573412
-10.40052318336494
-7.980583648959858
-10.707183648959857
-9.771440599307587
-9.365415973410757
-8.311917420733883
-11.002623178573705
-8.659190797029694
-10.496005806911294
-8.59794161885419
-10.626996917132244
-11.456359179532447
-9.279813235063362
-10.226114167631177
-7.226894193088706
-9.27184001041383
-7.514720747752079
-8.809891227686604
-12.747517071086822
-9.27184001041383
-10.08984523896512
-8.181204880032421
-10.04971737166241
-8.425367381834821
-9.639323178573704
-10.246154029018527
-8.70913761419359
-8.712767752280312
-9.514212628577953
-9.582892530897496
-9.789115752675771
-6.986828979618095
-10.015875379970073
-12.029634786529389
-8.047682579266116
-11.727662424442975
-7.2698613893251265
-8.897595213710973
-10.352163772014388
-7.559710002350398
-10.968781186881367
-9.9252788692506
-9.374253057869572
-9.363227158839628
-11.038517420733882
-11.04409429399595
-6.205833124338181
-9.427797160292126
-11.866800810620386
-9.494798637933004
-9.225456402702376
-11.04409429399595
-7.226894193088706
-9.17139140406107
-10.296789455871153
-9.667862373762738
-8.873226602795736
-8.722311613822589
-9.012549877185833
-8.044873351964807
-11.316794193088706
-7.980231538448867
-10.167280346985336
-8.873226602795736
-9.004151528328553
-11.038517420733882
-9.291310172366368
-11.161455220888794
-11.168187647288415
-8.600948601788756
-10.964247609251105
-10.936769408909713
-12.742475379970074
-11.17995902892993
-9.897063545412497
-11.038517420733882
-7.509926602795735
-8.160324405602132
-8.783871046696708
-10.063102117363828
-7.337215029752404
-7.635884469082543
-9.953494193088705
-9.135509985089106
-12.2697
-11.002623178573705
-10.36246911182497
-9.135509985089106
-9.953494193088705
-6.869094622459211
-12.010220795884441
-8.537543326302675
-11.406092454508348
-8.8452494139775
-7.673923183364942
-10.82365063424592
-10.774282579266117
-8.097050634245921
-9.30303478652939
-10.496005806911294
-9.881132351087759
-9.302048818496075
-8.730509114613302
-12.029634786529389
-7.591721780322053
-10.849969352323791
-7.257263601998419
-10.070991768133984
-10.542164782668172
-7.295890797029696
-8.988863772014389
-9.97766382108586
-10.711427922813591
-10.672208145858999
-9.956469462691285
-7.226894193088706
-8.707691768133984
-7.769405806911294
-9.983863601998419
-10.527196400351977
-10.10824138746106
-9.870744827334626
-8.150912628577952
-8.517832351087758
-8.879609974057438
-10.588537728057153
-11.802875159235086
-9.983863601998419
-10.405583672865228
-7.68408778781304
-9.149215901601368
-8.162586495744344
-7.93973478652939
-10.707183648959857
-10.085611613822588
-10.078256566851442
-9.924606821666659
-8.050055623193089
-10.510995814329478
-10.82365063424592
-8.348158682734324
-9.033455999920847
-9.683448687154812
-8.880915979277662
-9.392333047949034
-10.100601621240774
-10.26589164561697
-9.625553402905037
-7.649249877185833
-8.701228801589517
-9.671528476294485
-10.490114478033417
-11.023897575045279
-9.558090007418183
-10.707183648959857
-8.645382789761417
-10.774282579266117
-10.526375215821009
-10.227053222018636
-12.441347631391224
-12.753647907164739
-8.722311613822589
-11.872035179453745
-12.267336723010306
-8.937733729724886
-9.246604138853181
-10.147992800703957
-8.783050431642016
-9.733501195641763
-8.602155684097127
-8.332244895941148
-9.1066445681448
-6.323356441157215
-11.316794193088706
-11.739273200175989
-7.394073837264442
-10.575066228225975
-9.950900464693106
-7.920320795884441
-11.859305806911294
-8.827306414566667
-8.55013528897046
-10.9064
-8.496730578036553
-9.418130436709802
-9.363227158839628
-9.48666935232379
-10.628123227645178
-9.551964490346876
-11.907115198319502
-11.562809945764474
-10.628123227645178
-9.615432239057654
-9.745879493191284
-8.809891227686604
-8.944157738501202
-9.272270793355034
-7.59944698902278
-8.888719518453435
-9.149452714640955
-8.39708191054293
-10.534691404061071
-11.019483924733374
-11.816486647597054
-11.4871231727068
-7.957768881204219
-9.44861074453241
-11.69268890006195
-10.53050410888179
-7.31619245450835
-8.633161389325126
-9.228928985484998
-9.646330049311835
-10.900537692918489
-7.27626224806851
-8.284207135688026
-9.821850810620386
-8.482246400351977
-11.649610002350398
-7.672664790399881
-8.566972641622678
-9.891705376108854
-7.732841988622466
-11.260363545412497
-8.814197236973081
-10.20334042034288
-10.702684940943314
-10.9064
-7.657769069735168
-10.453186647597056
-8.382579493191285
-9.264823227645177
-10.711980030211315
-12.30923021065734
-11.16618739080285
-8.808177554515808
-12.138056617531682
-10.318321780322053
-8.717887630595825
-7.93973478652939
-10.498824857388305
-7.468441444046983
-9.89389812624672
-9.697847194372354
-8.90058801031335
-9.22200406833094
-8.710586999659567
-8.999180925064671
-8.862851701224468
-9.714140321971389
-7.591721780322053
-8.98308739773685
-9.30501166204601
-9.169340604098826
-9.754277842048563
-12.71128478652939
-8.882854029018526
-11.208846400351979
-9.986988008548026
-11.208846400351979
-8.097050634245921
-8.533763545412496
-9.237700607655373
-10.352163772014388
-9.717389353362252
-8.78059538873047
-8.848904201306008
-9.358873656378043
-9.149215901601368
-8.631889479776522
-8.561306821666658
-10.113648490494816
-10.146350431642016
-10.906045181411889
-10.152947420974247
-11.170634841467766
-7.433857969894332
-9.830926554663375
-9.363227158839628
-12.27036460806995
-11.076728979618094
-12.815737951632357
-10.15627368627999
-11.161455220888794
-11.260363545412497
-12.657310890161025
-7.673923183364942
-9.68266498644374
-10.728715973410758
-8.533763545412496
-8.482246400351977
-9.425365642841115
-9.625553402905037
-10.227053222018636
-8.889687601448037
-10.375973200175988
-10.432922366146933
-8.482246400351977
-7.580857738501202
-10.464305728692654
-10.255940593440684
-8.637634714080079
-10.10824138746106
-9.678929493502633
-12.06587376275581
-11.061947159280258
-5.869544732293866
-8.590194193088706
-8.346194920843928
-9.865618616375647
-9.725390470626516
-11.096801195641765
-9.784797910098192
-8.776526137886488
-9.804171717474938
-9.460350634245922
-9.064288224831907
-10.66633478652939
-9.338199088406405
-9.653420836663699
-11.316794193088706
-12.543729115232656
-9.897063545412497
-10.936769408909713
-10.426269573058779
-10.375849877185832
-7.922233798088828
-9.473363766147484
-11.52797203513727
-10.75106102780009
-10.968781186881367
-10.131770589579466
-10.199509945764476
-11.208846400351979
-9.798155220888795
-9.196733931341884
-8.669254614403386
-10.82365063424592
-9.656998331941887
-9.817176144397237
-9.697847194372354
-9.072251993128795
-9.35670885079567
-9.410982579266117
-10.40052318336494
-8.364309901270873
-8.150912628577952
-10.199509945764476
-11.316079889766126
-7.614066834711383
-9.540147008007354
-9.675217420733883
-9.544493010547093
-7.539291645616969
-8.677329535989823
-9.688460893094478
-9.2394706348845
-10.7493144927425
-11.52797203513727
-9.918994706973244
-10.849969352323791
-8.912712809464352
-8.024461027800088
-9.44510325943956
-8.955021780322053
-7.597533509628395
-9.188544676759946
-10.968781186881367
-11.448911613822588
-11.379175379970073
-9.845546400351978
-9.639323178573704
-10.450439201055936
-7.170463545412497
-7.88330413885318
-8.68991044177759
-11.115171025266196
-7.226894193088706
-11.52797203513727
-9.780212221477962
-8.764219123990966
-9.9147050011752
-9.711174548490114
-9.938262126529342
-9.680831649979885
-10.498824857388305
-10.907882037487667
-10.196534676161896
-9.262519427430163
-10.810965625410251
-11.850196262515297
-11.260363545412497
-9.22028542077531
-10.575066228225975
-11.379175379970073
-10.575066228225975
-10.426269573058779
-8.002115973410758
-9.72137639649076
-8.047682579266116
-9.600049165970944
-8.833524799814477
-8.39137987919539
-9.618786773057675
-10.707183648959857
-8.238900991969546
-7.841738045968949
-8.999180925064671
-8.097050634245921
-8.96608890006195
-10.434163748056713
-10.255940593440684
-9.701704365455072
-9.80272724103774
-10.286310002350397
-10.48138596122269
-7.417295388730469
-7.31619245450835
-10.975285550228842
-9.507286077689074
-9.323107002553058
-10.17836220961367
-9.00534402352962
-10.774282579266117
-10.774282579266117
-11.096308797325765
-10.956643748789933
-11.787384789462841
-7.591721780322053
-9.514212628577953
-9.048670721504998
-10.17350228879917
-8.41497969626192
-10.164913796550124
-8.533763545412496
-11.448911613822588
-8.818534792396292
-8.74494138746106
-7.27626224806851
-8.533763545412496
-7.683575391703882
-9.823869208119635
-8.68991044177759
-11.889675215821008
-8.390977842048564
-9.061655313546481
-9.460776248169498
-9.474682417920613
-9.195086993792662
-11.123681910542931
-10.535536017568635
-10.276012809464353
-8.49536090872291
-8.024461027800088
-7.60952984954379
-7.468056774228018
-11.208846400351979
-11.180429115232656
-9.817176144397237
-8.740345708497417
-7.9447103126175325
-10.244329817707671
-9.291310172366368
-9.855497452528263
-8.999180925064671
-11.453145238965119
-10.226114167631177
-8.24387636490082
-8.44494763017917
-11.034246591131785
-7.370671103464004
-11.313497010500106
-8.482246400351977
-9.505814279720674
-8.533763545412496
-7.726586647597055
-9.435152207263272
-9.953494193088705
-8.72652287729498
-8.317535385707911
-9.27184001041383
-7.226894193088706
-7.232844732293866
-9.564193913718407
-9.667862373762738
-7.946483268803006
-11.401958682897753
-8.893820510461484
-7.251063821085861
-10.728715973410758
-9.329263803271253
-9.289378445800656
-7.226894193088706
-8.276023178573704
-9.147695814329479
-8.276023178573704
-10.479455088578803
-9.639323178573704
-10.558386993792661
-10.9064
-9.11808596122269
-10.592228985484999
-7.309347595993743
-10.085611613822588
-10.587027719234396
-9.680831649979885
-9.435152207263272
-8.62056360199842
-8.659190797029694
-8.730509114613302
-7.251063821085861
-7.831786993792662
-10.085611613822588
-10.009333062937358
-8.862851701224468
-9.35670885079567
-9.882689770395762
-11.208846400351979
-11.727188386177412
-9.598938869848652
-10.483329510530956
-11.111893281495112
-11.359761389325124
-8.933489455871152
-9.404888177438425
-9.625905618096603
-8.98308739773685
-10.728715973410758
-11.161455220888794
-10.877512628577954
-10.771325534634858
-8.894617468957303
-9.06296957305878
-9.28362079588444
-9.543099999999999
-7.7843958143294785
-8.610674876646463
-5.863594193088706
-12.680094193088705
-8.434855220888794
-8.242181186881368
-8.63956224806851
-8.68156143856081
-10.26589164561697
-9.953494193088705
-8.719686707535164
-8.917839020423331
-7.93973478652939
-9.540147008007354
-9.754277842048563
-9.528480154311396
-10.10824138746106
-11.117577842048563
-7.637288386177411
-10.363888386177411
-11.890496400351978
-10.862462211643471
-8.523095262782446
-8.539170648446254
-10.199509945764476
-9.11808596122269
-10.056724242400541
-8.458076772354822
-8.651917885546949
-7.763514478033418
-11.180429115232656
-9.680831649979885
-9.953494193088705
-10.780989202126868
-11.117577842048563
-10.785846050947283
-7.848466228225974
-8.652575379970074
-9.1820170313522
-9.387761027800089
-9.646330049311835
-10.849969352323791
-8.704092525030592
-8.354089353362252
-8.90359601170545
-8.944157738501202
-8.097050634245921
-7.968030380123881
-10.526375215821009
-9.048670721504998
-10.015875379970073
-8.210169408909714
-8.954899979524782
-9.789115752675771
-10.340666834711383
-11.830418435489246
-10.2085494139775
-8.350128979618095
-11.727188386177412
-9.0695849901184
-9.23417634923081
-9.30303478652939
-6.576434786529389
-7.74909981411876
-7.085378580309449
-7.583014657706965
-7.93973478652939
-8.002115973410758
-10.419727256026064
-8.086842214681457
-10.17663352614569
-9.34177286716211
-9.478650173295147
-11.316794193088706
-10.498824857388305
-9.010138168485962
-11.161455220888794
-10.596355001175198
-10.035947595993743
-10.068829597743818
-11.69268890006195
-12.029634786529389
-9.60411380877555
-9.573469408909714
-7.949685838705675
-9.80272724103774
-9.141654193873899
-10.413256441157214
-7.509926602795735
-9.82613240970703
-10.936769408909713
-9.060343964910347
-9.845546400351978
-8.115350173295148
-10.199509945764476
-10.15627368627999
-7.955737751709076
-11.305069578925682
-9.095420086631968
-10.930569627997155
-8.678117137589874
-7.4615372327512945
-9.13716309521855
-9.178864782668171
-8.854429034556471
-10.318321780322053
-10.078256566851442
-10.426269573058779
-9.1066445681448
-10.1238231727068
-8.071852207263273
-9.28362079588444
-9.049956441157216
-10.498405040283915
-11.52797203513727
-9.811978580309448
-8.123369352323792
-9.54905053920516
-12.680094193088705
-9.365415973410757
-11.023897575045279
-10.15627368627999
-9.17408354268392
-9.306995160273546
-9.639323178573704
-9.767103043884376
-10.030698674684114
-10.355656842129568
-11.161455220888794
-10.293626098387865
-10.236526602795735
-11.639312809464354
-9.460350634245922
-8.311917420733883
-8.1798
-7.695735514284611
-7.7843958143294785
-10.100601621240774
-12.1759647044943
-11.208846400351979
-7.848466228225974
-9.713428979618095
-9.462930480014736
-8.659190797029694
-9.225456402702376
-8.502318616375648
-8.134233394144642
-10.246154029018527
-9.941769578925683
-11.727188386177412
-10.9064
-9.540147008007354
-11.076728979618094
-9.897063545412497
-8.533763545412496
-11.260363545412497
-7.769405806911294
-8.737301621240773
-8.827306414566667
-9.798155220888795
-7.670155999920847
-9.008935988038058
-8.031332366051153
-8.002115973410758
-7.865628985484999
-9.947602864210827
-12.00746124042612
-11.69268890006195
-11.316794193088706
-8.696959021061911
-10.711427922813591
-10.728715973410758
-10.00286224806851
-9.543099999999999
-9.855497452528263
-8.434855220888794
-8.8452494139775
-9.132705806911295
-7.513758808194945
-10.147992800703957
-12.284884704454857
-10.034441718996726
-7.874400607655374
-12.90681939939747
-10.936769408909713
-8.923010002350397
-8.68641737166241
-10.429939044451988
-11.725061171670319
-9.608779655953818
-8.134233394144642
-8.849821434126445
-11.262820296720342
-10.592228985484999
-11.161455220888794
-10.628123227645178
-9.68266498644374
-11.260363545412497
-9.024758014174568
-9.178864782668171
-11.002623178573705
-11.038517420733882
-8.334547194372355
-7.6349248155049
-8.810451373234216
-8.600948601788756
-9.922333204811661
-10.728715973410758
-10.063815029752403
-7.912730003870491
-9.387761027800089
-12.623663545412496
-7.533300967184841
-10.390530141637402
-9.592468054979804
-9.10838464684424
-8.624942402379906
-9.089886647597055
-8.097050634245921
-11.038517420733882
-10.849969352323791
-9.030957795087126
-12.787549789927851
-8.332627991177533
-8.441726559139857
-8.944157738501202
-9.447617376453646
-10.226114167631177
-9.544493010547093
-10.542164782668172
-8.461401703411552
-10.553473491176973
-8.533763545412496
-10.849969352323791
-8.596144732293865
-12.161752207263273
-11.161455220888794
-9.401584387220742
-8.344096451932877
-8.22355548581046
-9.935993204648144
-7.7997752158210085
-9.816659028929932
-9.543099999999999
-7.920320795884441
-8.242181186881368
-8.892640593440683
-8.714956566851443
-7.2698613893251265
-11.260363545412497
-7.980583648959858
-7.226894193088706
-7.226894193088706
-7.226894193088706
-7.740518435489247
-9.11808596122269
-8.715498510862911
-8.693902919994152
-10.9064
-10.558386993792661
-9.664765303362884
-8.378424573212586
-8.955021780322053
-8.95174158541023
-9.468124141977322
-8.784692800703956
-9.076275159235085
-9.850501020622268
-9.372031390470381
-10.558386993792661
-9.264823227645177
-11.51957368627999
-11.299293204648142
-9.042332753754033
-10.72000885079567
-8.737301621240773
-9.27603000387049
-7.37097310483101
-8.69342424240054
-8.031332366051153
-8.651917885546949
-10.298303714076035
-10.963349165970943
-9.605481186881368
-10.936769408909713
-10.210373987585326
-10.550220330975193
-8.23239462245921
-8.242181186881368
-10.467118435489247
-10.289700648560787
-10.027165965901405
-9.758522115902297
-8.002115973410758
-7.831786993792662
-10.510995814329478
-11.002623178573705
-10.728715973410758
-8.311917420733883
-9.935993204648144
-12.2697
-8.985391189231766
-9.408170994885122
-10.907882037487667
-10.226114167631177
-8.799682808122142
-8.883825438042306
-9.628965940693218
-10.793538704647583
-10.410687787813039
-10.524894640018815
-9.953494193088705
-8.481753211096324
-7.472909945764476
-7.438072035137269
-9.070565803246406
-9.504310808086494
-8.156359567316173
-10.04971737166241
-7.366506617531681
-7.8424074340189724
-11.727188386177412
-10.558386993792661
-9.680831649979885
-10.36246911182497
-11.453145238965119
-10.907882037487667
-11.180429115232656
-7.7843958143294785
-9.323107002553058
-10.82365063424592
-8.69837886267083
-9.128281823684532
-8.79380818066363
-8.021281491451443
-9.30303478652939
-10.82365063424592
-11.208846400351979
-11.002623178573705
-9.845546400351978
-9.907927587233347
-8.590194193088706
-11.117577842048563
-11.274905110718919
-9.543099999999999
-10.575066228225975
-7.799103540140532
-8.492197452528265
-8.596144732293865
-7.226894193088706
-9.155865315558861
-7.181327587233347
-8.970574328083913
-9.754277842048563
-11.824437689985036
-10.968781186881367
-9.408619008593606
-8.664536870978496
-9.272270793355034
-8.084317376453647
-9.365415973410757
-11.379175379970073
-8.908643558620371
-9.653420836663699
-10.75106102780009
-8.240214157494286
-8.097050634245921
-9.261374215814016
-8.760523172706801
-10.439575159235085
-8.955021780322053
-6.882558710366942
-10.821976528934787
-9.513006774228018
-8.047682579266116
-9.686424196959196
-8.854429034556471
-10.318321780322053
-7.627424177841014
-9.971528287763533
-8.973667686123818
-9.004151528328553
-8.832632450486287
-8.363300018886159
-9.990128990276236
-9.279813235063362
-8.168075385836977
-10.168319352323792
-7.7997752158210085
-11.147947250958277
-9.598938869848652
-9.109484255445267
-9.897063545412497
-8.704810625382027
-10.707183648959857
-11.434291768133985
-10.648833798088829
-11.359761389325124
-11.39248096614638
-8.80137203513727
-9.30303478652939
-8.150349017238696
-8.590194193088706
-8.940334543109355
-8.74686997300242
-7.635884469082543
-10.36246911182497
-11.316794193088706
-9.09960437024631
-9.056427256026064
-10.063815029752403
-9.947602864210827
-7.3645137821867985
-8.334547194372355
-10.757166920984705
-9.361046406218883
-8.097050634245921
-10.453186647597056
-8.071852207263273
-10.32938890006195
-9.41145661753168
-9.766614495138118
-8.984457876337885
-8.311917420733883
-7.154532351087759
-10.1238231727068
-9.022296165857682
-9.713428979618095
-9.713428979618095
-9.660597575045278
-7.1612620829880935
-9.886395262782447
-7.4213928007039565
-8.776526137886488
-10.936769408909713
-9.678929493502633
-9.618786773057675
-7.226894193088706
-7.226894193088706
-9.22028542077531
-9.073590013285088
-11.076728979618094
-7.980583648959858
-8.818534792396292
-9.870744827334626
-8.754241165050527
-11.205168876866406
-9.725390470626516
-9.00058838617741
-10.276012809464353
-12.2697
-11.002623178573705
-8.672647595993743
-9.639323178573704
-12.186950634245921
-9.218571747604514
-8.242181186881368
-9.103818435489247
-8.311917420733883
-12.134747424604376
-10.635196181721419
-8.181204880032421
-9.135509985089106
-7.226894193088706
-8.126066731327171
-8.578469578925683
-10.04073067529016
-10.498824857388305
-7.769405806911294
-8.482246400351977
-9.660597575045278
-8.590194193088706
-10.255940593440684
-10.82365063424592
-8.62306180683214
-10.815977865953935
-11.016720836663698
-12.161752207263273
-8.311917420733883
-8.8452494139775
-7.695735514284611
-10.085611613822588
-7.226894193088706
-7.96823743508916
-10.75815206942659
-8.836209945764477
-9.909046435900484
-7.226894193088706
-10.36246911182497
-10.01063575579991
-12.186950634245921
-10.774282579266117
-9.571019434924326
-10.07650206942659
-8.150912628577952
-12.004160413939914
-8.390977842048564
-8.533763545412496
-8.863753222018637
-8.590194193088706
-8.390977842048564
-9.147695814329479
-9.089886647597055
-9.821376772354823
-8.853851401527177
-10.97245871036694
-7.920629007087284
-7.891071110274179
-7.8220004293705045
-9.47600106969374
-10.453186647597056
-9.543099999999999
-8.81506220961367
-8.651261120457775
-10.64692079588444
-12.2697
-9.006538925382571
-10.498824857388305
-7.529340593440684
-11.553906414566669
-8.955021780322053
-10.085611613822588
-10.36246911182497
-11.04409429399595
-12.81644523896512
-11.859305806911294
-10.686407002553057
-9.907927587233347
-7.75478596122269
-10.60212383769857
-7.560749640312305
-8.63956224806851
-8.917839020423331
-9.01740296720342
-8.584302864210828
-10.24324932817775
-9.268535300413928
-9.285533798088828
-9.410982579266117
-7.649249877185833
-9.163075215821008
-10.1238231727068
-10.093059179532446
-11.619240593440683
-8.458076772354822
-9.478650173295147
-8.13698084068576
-10.40052318336494
-10.64692079588444
-7.699669573058779
-10.413256441157214
-8.80306609542655
-10.375849877185832
-10.767219986569712
-11.619253842595631
-8.453862035255622
-7.226894193088706
-9.817176144397237
-9.811978580309448
-9.27184001041383
-9.408170994885122
-8.999180925064671
-10.771447424604373
-11.316794193088706
-7.77221444673964
-8.453862035255622
-10.907882037487667
-10.08984523896512
-9.147695814329479
-9.039748021592752
-9.228928985484998
-10.526375215821009
-10.029180966146379
-7.085378580309449
-9.701704365455072
-9.310982203402054
-7.726586647597055
-10.692563803271254
-11.619240593440683
-8.724237478449671
-12.680094193088705
-11.4871231727068
-11.334828287763534
-10.529499622370617
-10.440922312642622
-11.260363545412497
-10.573379404097471
-8.317596241853341
-10.9064
-8.706970166987771
-9.907927587233347
-8.635074391529512
-9.354551931589908
-7.25919879099336
-8.107438157999054
-8.390977842048564
-8.210169408909714
-10.628123227645178
-7.226894193088706
-7.226894193088706
-7.226894193088706
-7.226894193088706
-9.158419304537281
-11.619240593440683
-10.173191227686605
-9.990128990276236
-10.849969352323791
-9.996461389325127
-12.2697
-10.015875379970073
-10.592228985484999
-8.632272799686213
-8.926032214370618
-10.619013683249179
-10.484288306367803
-11.637908124344442
-10.837982417920614
-9.985930759609369
-9.410982579266117
-9.291310172366368
-10.04971737166241
-9.44259977297313
-10.015875379970073
-10.526375215821009
-9.250203381956574
-9.737598607615253
-8.893156640447348
-10.388058014174566
-10.82365063424592
-9.598938869848652
-9.134187844398962
-9.733501195641763
-10.936769408909713
-10.296789455871153
-9.447617376453646
-10.798452207263272
-10.686407002553057
-10.798452207263272
-9.358873656378043
-8.053154868310234
-8.603365232356769
-10.648833798088829
-11.316794193088706
-8.483116324018237
-9.447617376453646
-8.397355717011848
-9.228928985484998
-9.72137639649076
-11.061147194372355
-8.558494114870067
-10.078256566851442
-9.83575983592982
-9.540147008007354
-10.413256441157214
-10.111000371397086
-10.40052318336494
-10.628123227645178
-10.64692079588444
-11.260363545412497
-11.52797203513727
-11.316794193088706
-10.173191227686605
-11.534076103631635
-10.094628661160002
-12.40671117167032
-10.413256441157214
-10.276012809464353
-9.004151528328553
-7.614066834711383
-8.134233394144642
-10.30209956919756
-10.297847675397145
-8.769562466030424
-9.216863020106306
-9.80272724103774
-10.363888386177411
-9.793618235721201
-9.39463236605115
-9.061655313546481
-9.552048386962605
-10.9064
-8.089377865953933
-9.365415973410757
-10.707183648959857
-9.780212221477962
-9.935993204648144
-9.140153372621151
-8.572693204648145
-9.733501195641763
-8.995870642752521
-8.191761491008421
-8.123369352323792
-9.62216042131468
-10.32938890006195
-8.819427962194677
-10.69781790650928
-10.9064
-9.536223619093455
-8.403803043884377
-10.968781186881367
-10.729122338379973
-10.378351018852094
-11.002623178573705
-8.80137203513727
-9.514212628577953
-11.427158005267263
-9.080325850066929
-11.997748141314332
-10.225446505273545
-9.475614979815788
-10.199509945764476
-8.838907324767856
-9.598938869848652
-13.10257320017599
-10.413256441157214
-8.430318235721202
-8.960529482059165
-9.647422902700237
-11.117577842048563
-12.029634786529389
-7.4375984844791425
-11.208846400351979
-10.063815029752403
-7.623246455290356
-8.806468827017602
-10.526375215821009
-9.465521616172987
-9.91343528897046
-9.605481186881368
-9.150739901586123
-8.150912628577952
-10.66633478652939
-8.652575379970074
-7.84509257996897
-8.150912628577952
-7.874400607655374
-9.514212628577953
-8.382579493191285
-8.43942724103774
-8.653233605348795
-8.438051924119264
-11.034383402426027
-9.605481186881368
-8.245479655953817
-9.144667297919716
-10.10824138746106
-8.434855220888794
-10.413256441157214
-10.575066228225975
-9.875915809261691
-9.713428979618095
-10.9064
-11.359761389325124
-12.029634786529389
-8.892640593440683
-11.52797203513727
-10.015875379970073
-11.076728979618094
-10.9064
-8.914757970969998
-8.982223625479138
-8.911693748789933
-8.981112791779541
-8.899588729625206
-9.758522115902297
-10.49913810738446
-11.031094700466387
-7.565990281442513
-11.117577842048563
-11.44155656685144
-9.750063776805627
-10.363888386177411
-8.80137203513727
-9.845546400351978
-9.068255980206443
-7.703629946802936
-8.168075385836977
-9.616124736472369
-10.366667558961627
-11.197552072360041
-10.828821616172986
-11.117577842048563
-10.340666834711383
-7.374001621240773
-11.161455220888794
-12.332081186881368
-10.849969352323791
-7.6689055798844254
-9.865618616375647
-9.138656346116454
-8.726768902129844
-7.740518435489247
-9.00058838617741
-9.049956441157216
-8.608228287763533
-5.807163545412497
-10.385596165857681
-7.455234792396293
-10.66633478652939
-10.9064
-11.15241575267577
-7.467551776460834
-9.497533394144641
-9.990128990276236
-9.005363277331686
-11.776556441157215
-7.7997752158210085
-8.872844742952006
-10.056724242400541
-10.029180966146379
-9.425365642841115
-10.00286224806851
-7.805096558721281
-12.812211613822589
-11.18943240970703
-9.48131118302015
-9.930272641622677
-8.9982248155049
-8.626828990276236
-8.942008648420488
-9.120488003492618
