-11.649610002350398
-9.924204324210244
-9.855497452528263
-10.067392525030591
-9.798155220888795
-10.453186647597056
-10.467118435489247
-12.369012286606292
-9.20253455950252
-8.724536063529385
-10.411970721504998
-9.628965940693218
-10.575066228225975
-10.064528801589518
-8.110063766147485
-10.48138596122269
-11.368057002553059
-11.208846400351979
-11.582187692918488
-11.4871231727068
-12.524755220888794
-9.373901817764786
-12.623663545412496
-12.12324584377195
-8.871319761639711
-10.728715973410758
-11.599826602795735
-9.172498337808792
-8.917839020423331
-12.452388028776246
-8.7017069017412
-10.496005806911294
-12.891272035137268
-11.260363545412497
-8.590194193088706
-12.010220795884441
-12.440028979618095
-12.680094193088705
-8.03688743729897
-9.729098820043662
-10.340666834711383
-10.707183648959857
-9.390042624716735
-9.291310172366368
-11.444321803533104
-10.106705527540996
-8.79631874414478
-10.385596165857681
-9.595694622459211
-9.968009676437688
-10.570012937233487
-8.894617468957303
-12.029634786529389
-10.318321780322053
-11.057314988973147
-12.440028979618095
-11.076728979618094
-12.212328925363792
-11.379175379970073
-13.028907542962255
-10.728715973410758
-12.401817420733883
-12.572146400351977
-12.161752207263273
-10.82365063424592
-11.076728979618094
-7.765716862471896
-12.401817420733883
-13.430696959449149
-11.84468596122269
-9.628965940693218
-11.921686993792662
-10.439575159235085
-9.083041789082449
-11.84468596122269
-7.879726643574993
-10.426269573058779
-8.317494293995951
-10.363888386177411
-10.035947595993743
-11.038517420733882
-12.365923178573704
-10.605050967316723
-11.739149877185833
-12.241484676161896
-11.802875159235086
-12.623663545412496
-12.2697
-9.639323178573704
-8.62306180683214
-11.260363545412497
-8.80137203513727
-9.435152207263272
-9.855497452528263
-9.265981886007193
-9.200041614062952
-11.448911613822588
-9.006351715089998
-13.055988900061951
-10.813442214681459
-9.830926554663375
-9.211766228225974
-11.359761389325124
-10.686407002553057
-10.48138596122269
-10.849969352323791
-9.323107002553058
-10.94936719623642
-10.578459209816332
-9.737598607615253
-7.943695160273546
-9.200041614062952
-9.203367879368695
-11.420024242400542
-8.722311613822589
-10.48138596122269
-12.271136056714406
-8.964972832498338
-10.286310002350397
-10.340666834711383
-11.328755684097127
-9.935993204648144
-10.063815029752403
-10.97539660394099
-10.116760580010398
-12.300069408909714
-11.727188386177412
-9.953494193088705
-11.830418435489246
-11.208846400351979
-10.996740786900876
-10.439575159235085
-11.340963821085861
-8.824661256032158
-12.71046360199842
-8.727515056818616
-9.252011241886937
-12.480877842048564
-11.359761389325124
-11.002623178573705
-12.850423172706801
-11.288041109187034
-9.056427256026064
-11.076728979618094
-8.970574328083913
-10.66633478652939
-9.798155220888795
-10.881567991085575
-9.505814279720674
-11.62919164561697
-12.114361027800088
-11.649610002350398
-11.739149877185833
-10.496005806911294
-10.375849877185832
-10.60990413885318
-9.23417634923081
-12.572146400351977
-12.2697
-13.422667067495981
-12.452388028776246
-9.595694622459211
-8.717153503202107
-12.524755220888794
-10.692563803271254
-9.354551931589908
-10.063815029752403
-11.208846400351979
-9.430238704647584
-9.230672944528443
-11.874295814329479
-10.952558975756876
-12.524755220888794
-11.5718494139775
-12.842581022732302
-9.798155220888795
-9.941769578925683
-11.208846400351979
-11.260363545412497
-13.222605806911293
-12.010220795884441
-11.038517420733882
-11.316794193088706
-11.002623178573705
-12.137582579266116
-8.2382471281072
-11.463901621240772
-12.480877842048564
-12.070483648959858
-12.186950634245921
-9.0695849901184
-9.216863020106306
-8.602155684097127
-10.442272538238466
-11.117577842048563
-8.590194193088706
-8.828190766735831
-9.947602864210827
-9.531375385836977
-10.413256441157214
-8.944157738501202
-9.166199622370616
-11.84468596122269
-10.99513841853089
-10.82365063424592
-10.592228985484999
-11.161455220888794
-13.228964391437554
-12.382134008262483
-8.8452494139775
-10.580163020106307
-9.223727719234397
-9.060343964910347
-9.032205579884426
-10.75793236605115
-9.948503865528917
-11.703966834711384
-12.623663545412496
-12.240812628577952
-11.208846400351979
-9.537208671122123
-12.692055684097127
-12.332081186881368
-12.240812628577952
-12.953653222018637
-12.092015973410756
-13.633
-13.002612809464352
-11.260363545412497
-11.90546478266817
-11.681621780322052
-8.704810625382027
-12.2697
-11.161455220888794
-10.968781186881367
-11.096801195641765
-12.010220795884441
-10.918484813998578
-9.32106888120422
-8.937733729724886
-13.72173841853089
-13.12712318336494
-12.213269352323792
-12.2697
-8.74494138746106
-9.935993204648144
-7.5195540290185265
-12.369012286606292
-10.75106102780009
-12.240812628577952
-9.319037751709077
-9.50028084068576
-13.729223178573704
-13.509046318277445
-13.509046318277445
-9.468124141977322
-13.051236353350326
-11.670757738501202
-10.413256441157214
-10.15627368627999
-6.444317365795507
-9.935993204648144
-12.300069408909714
-12.2697
-12.982540593440683
-9.983863601998419
-13.10257320017599
-10.496005806911294
-10.453186647597056
-9.68266498644374
-10.375849877185832
-11.84468596122269
-12.866426137886487
-9.595694622459211
-11.599826602795735
-12.440028979618095
-12.401817420733883
-8.590194193088706
-10.286310002350397
-12.401817420733883
-12.114361027800088
-13.525052207263272
-11.751358014174567
-8.93243312433818
-12.899791227686604
-13.633
-7.75478596122269
-13.37352079588444
-12.908434792396292
-13.633
-12.186950634245921
-10.798452207263272
-8.444034841467765
-12.406051045876413
-8.1798
-13.318828985484998
-8.328427515423957
-5.6314763964907595
-7.9015232276451774
-10.798452207263272
-11.09273194479778
-6.905798261419644
-9.076275159235085
-10.413256441157214
-9.00058838617741
-12.13333492214395
-8.873226602795736
-12.678674918736265
-10.628123227645178
-11.218797452528264
-10.217729034556472
-8.541347392321525
-10.236526602795735
-9.243026643574993
-11.768883672865227
-9.54905053920516
-10.558386993792661
-13.318828985484998
-8.329189025068713
-8.1798
-8.446816711897217
-11.955528985484998
-10.793538704647583
-11.776556441157215
-9.941769578925683
-11.923694776734077
-10.311779463289337
-7.980583648959858
-6.9560649864437405
-11.660089455871152
-10.66633478652939
-8.30091883200479
-10.497487844398961
-11.79485598020644
-11.100898607615251
-9.932554238539323
-9.141654193873899
-10.147992800703957
-12.2697
-13.769351045876414
-9.30303478652939
-7.261014873262148
-6.948617420733883
-11.316794193088706
-10.164672035137269
-14.345840593440684
-9.639323178573704
-10.147992800703957
-8.86000590781854
-8.1798
-14.175511613822588
-11.727188386177412
-11.265770648446253
-8.467626554663374
-12.680094193088705
-9.166199622370616
-11.860787844398962
-11.511292800703956
-9.675217420733883
-11.372633062937359
-6.846869408909714
-12.489397034597898
-7.101445411911417
-8.1798
-13.925659835929821
-10.496005806911294
-8.246141560625524
-10.849969352323791
-7.712975159235086
-12.91780053484687
-12.46419860761525
-14.9963
-9.201702410852285
-10.849969352323791
-14.585905806911294
-12.070483648959858
-12.2697
-7.769405806911294
-7.614066834711383
-12.114361027800088
-13.695381186881367
-7.4640064145666685
-13.525052207263272
-7.865628985484999
-6.708552207263272
-7.330124242400542
-10.707183648959857
-10.26589164561697
-10.164672035137269
-11.119271902337845
-7.769405806911294
-7.686656441157215
-8.517832351087758
-7.637288386177411
-13.296159520987327
-12.432186829643596
-7.591721780322053
-10.798452207263272
-10.632785321376259
-9.20839257996897
-8.67949245450835
-9.990128990276236
-10.497487844398961
-11.588101988632712
-9.150739901586123
-9.762797034597899
-10.628123227645178
-7.704955980206442
-13.360300100907246
-8.304562373762737
-11.681621780322052
-10.00286224806851
-9.52559901155944
-8.397783361427102
-10.496005806911294
-8.119078944657026
-8.311917420733883
-7.529340593440684
-8.995870642752521
-10.798452207263272
-9.918994706973244
-10.526375215821009
-9.253824638916084
-7.27626224806851
-10.467118435489247
-6.8165
-11.639312809464354
-11.249695262782446
-10.496005806911294
-10.588756402702376
-13.765117420733883
-11.491878810059008
-10.217729034556472
-11.262520464618257
-9.573469408909714
-14.043394193088705
-14.043394193088705
-12.498040599307588
-12.908434792396292
-13.765117420733883
-7.040503043884376
-7.509926602795735
-12.680094193088705
-14.756234786529388
-14.529475159235085
-12.440028979618095
-12.029634786529389
-8.892640593440683
-11.448911613822588
-13.354723227645177
-11.802875159235086
-9.886395262782447
-7.851859209816332
-10.947460355080395
-9.123890651512918
-12.406051045876413
-8.871319761639711
-10.995698261419642
-10.834038157999053
-5.93928096614638
-5.807163545412497
-13.22408784439896
-11.921686993792662
-11.69363892102428
-11.17995902892993
-7.865628985484999
-7.1189464003519785
-9.705586829643597
-11.588101988632712
-8.1798
-10.217729034556472
-9.508600513884538
-13.769351045876414
-10.131770589579466
-9.06296957305878
-14.175511613822588
-10.371036243621097
-12.797591768133984
-10.799977429998371
-10.9064
-10.9064
-9.450142214681458
-7.740518435489247
-9.425365642841115
-12.678674918736265
-9.612096603940989
-9.450142214681458
-6.900316058666888
-8.590194193088706
-11.406171903157068
-11.268801042224553
-9.667862373762738
-14.175511613822588
-10.9064
-7.115012341577811
-10.849969352323791
-13.09048838617741
-7.27626224806851
-10.707183648959857
-9.646330049311835
-10.592228985484999
-11.366162248068509
-9.378721559587065
-11.366162248068509
-10.496005806911294
-9.543099999999999
-7.3273115356039495
-10.707183648959857
-10.413256441157214
-6.109609945764476
-10.496005806911294
-12.634527587233347
-6.9717856879676185
-11.179019974542472
-7.177611402856185
-7.443168827017601
-9.435152207263272
-13.284986993792662
-10.085611613822588
-10.363888386177411
-8.1798
-12.2697
-8.47245983592982
-9.264823227645177
-7.27626224806851
-11.859305806911294
