-5.881628287763533
-9.28362079588444
-12.137582579266116
-9.135509985089106
-6.576434786529389
-8.242181186881368
-10.363888386177411
-7.661458014174567
-8.434855220888794
-9.343883648959858
-8.333500510311133
-11.076728979618094
-10.592228985484999
-6.986828979618095
-12.2037189260876
-7.071555220888794
-9.639323178573704
-10.878184676161895
-7.4640064145666685
-9.024758014174568
-7.5195540290185265
-7.337215029752404
-7.769405806911294
-6.684382579266117
-9.953494193088705
-8.854429034556471
-8.836209945764477
-9.178864782668171
-9.508231883073742
-10.363888386177411
-9.907927587233347
-8.502431938109824
-9.343883648959858
-11.463632313185713
-11.316794193088706
-9.28362079588444
-11.670757738501202
-7.699669573058779
-6.576434786529389
-11.117577842048563
-7.498389264821901
-10.66633478652939
-8.590194193088706
-10.363888386177411
-10.363888386177411
-7.855956621789819
-7.783637231692488
-10.681651078494113
-7.75478596122269
-9.423067393264695
-11.316794193088706
-8.590194193088706
-7.979844480452016
-7.856127964192166
-10.276012809464353
-7.507167047337413
-9.410982579266117
-11.208846400351979
-7.769405806911294
-9.639323178573704
-10.439575159235085
-10.093059179532446
-10.139826137886487
-7.570189455871152
-9.129752814918648
-7.831786993792662
-10.968781186881367
-9.897063545412497
-9.132705806911295
-11.816486647597054
-10.363888386177411
-7.351656566851442
-9.28362079588444
-10.66633478652939
-7.625563772014388
-6.521193941335782
-8.590194193088706
-7.686656441157215
-11.316794193088706
-7.726586647597055
-6.3363695730587795
-9.264823227645177
-12.891272035137268
-10.774282579266117
-7.831786993792662
-6.948617420733883
-11.727188386177412
-8.720833276806905
-12.2697
-10.66633478652939
-11.5718494139775
-7.93973478652939
-10.936769408909713
-6.421095814329479
-12.401817420733883
-9.713428979618095
-10.363888386177411
-9.574290593440683
-11.52797203513727
-7.7997752158210085
-6.003159179532446
-7.831786993792662
-8.882854029018526
-8.700515029752404
-6.684382579266117
-6.576434786529389
-12.137582579266116
-8.1798
-10.558386993792661
-10.798452207263272
-9.28362079588444
-9.713428979618095
-7.7997752158210085
-9.132705806911295
-7.673923183364942
-10.400523183364943
-11.874295814329479
-10.147992800703957
-11.038517420733882
-8.150912628577952
-10.085611613822588
-7.295890797029696
-12.2697
-8.827306414566667
-7.9015232276451774
-9.387761027800089
-10.265891645616971
-9.598938869848652
-7.539291645616971
-10.139826137886487
-8.089377865953933
-7.883304138853182
-10.877512628577954
-9.784647250958278
-9.128281823684532
-11.038517420733882
-10.375849877185832
-11.161455220888794
-11.448911613822588
-10.070991768133984
-6.436475215821008
-11.727188386177412
-10.968781186881367
-9.845546400351978
-7.93973478652939
-6.948617420733883
-9.30303478652939
-10.510995814329478
-10.686407002553057
-6.538223227645177
-9.478650173295147
-9.408619008593606
-9.228928985484998
-7.815564782668171
-9.62216042131468
-7.7997752158210085
-9.639323178573704
-9.410982579266117
-9.024758014174568
-7.848466228225974
-8.1798
-9.2394706348845
-11.038517420733882
-8.123369352323792
-6.948617420733883
-9.049956441157216
-9.675217420733883
-8.210169408909714
-10.510995814329478
-11.260363545412497
-11.448911613822588
-9.725390470626516
-10.628123227645178
-11.697725759008096
-8.097050634245921
-6.421095814329479
-10.66633478652939
-7.93973478652939
-9.147695814329479
-11.889675215821008
-9.049956441157216
-9.754277842048563
-8.2340145240639
-8.892640593440683
-8.1798
-10.1238231727068
-6.672657965103094
-8.578469578925683
-8.652575379970074
-11.816486647597054
-11.002623178573705
-7.071555220888794
-7.815564782668171
-9.333404195439103
-11.448911613822588
-9.211766228225974
-10.426269573058779
-10.085611613822588
-8.578469578925683
-5.893963601998419
-8.667902847452783
-11.52797203513727
-7.263528990276237
-10.236526602795736
-6.3106231833649415
-9.699053959118128
-9.178864782668171
-7.349543454199709
-7.529340593440684
-7.769405806911294
-8.023323518003169
-9.675217420733883
-6.6068041954391035
-7.226894193088706
-11.316794193088706
-6.817904286552504
-6.196410002350397
-10.66633478652939
-12.742475379970074
-10.526375215821009
-10.318321780322053
-8.434855220888794
-10.66633478652939
-10.877512628577954
-6.576434786529389
-8.608228287763533
-8.892640593440683
-9.343883648959858
-9.237700607655373
-11.065004365455072
-11.328755684097127
-11.599826602795735
-9.953494193088705
-7.071555220888794
-6.468486993792662
-8.024461027800088
-9.11808596122269
-8.633798370201173
-8.933489455871152
-7.865628985484999
-9.639323178573704
-7.883304138853182
-8.533763545412496
-8.96608890006195
-8.923010002350397
-8.977366834711383
-7.740518435489247
-9.460350634245922
-7.549412809464354
-12.2697
-9.674477790822358
-9.488113909870627
-10.168561663419336
-10.96156041833185
-10.426269573058779
-10.217729034556472
-9.590540520991373
-11.160545038284983
-12.623663545412496
-12.742475379970074
-9.710548456962583
-8.614363821085862
-9.897063545412497
-9.910394314885798
-10.258000263957646
-11.710838172962447
-10.774282579266117
-11.986355589842908
-8.450397856655082
-8.628090063526527
-8.890670296556914
-10.407152829492542
-11.859305806911294
-10.682337751709076
-9.135673600930646
-11.888039649044131
-11.024638152417072
-10.698579831070967
-11.032626091856006
-10.813442214681459
-10.898168455952158
-7.4538433142771465
-8.326907428152067
-9.72700375137175
-9.383676179857355
-10.363888386177411
-10.548600429370504
-10.063815029752403
-8.41514747004572
-10.515261932292761
-11.026067670329358
-12.067643004684646
-10.649830728585297
-10.520792499755528
-9.683414921524596
-10.592228985484999
-9.137210056419182
-9.150739901586123
-9.965455684097126
-11.152218732205288
-8.578469578925683
-8.947169248145043
-10.248795013730911
-8.60263920692284
-8.712039941903257
-9.109484255445267
-9.897063545412497
-10.276012809464353
-11.171560680072654
-10.056724242400541
-12.716728990276236
-11.811004444844299
-12.543259028929931
-9.109484255445267
-9.076275159235085
-11.048217647374887
-11.134740599307587
-9.953494193088705
-12.2697
-11.363932204878331
-10.880562494838
-10.63949578959534
-8.839809188867868
-10.09606463607318
-10.311779463289337
