-9.401584387220742
-6.865868054979804
-9.639323178573704
-7.359011613822588
-9.543099999999999
-9.323107002553058
-6.3106231833649415
-8.912712809464354
-7.576674212984232
-8.114596446297835
-9.820683292395277
-7.885101025413506
-11.350288008548027
-10.538073025751105
-7.676195052707392
-9.576593815459322
-9.816659028929932
-8.196685524239449
-5.863594193088706
-9.911777592132523
-7.521888093804158
-6.202433991365054
-11.955528985484998
-6.596507002553058
-9.387761027800089
-6.622807160618791
-9.798155220888795
-8.820278751439737
-8.678117137589874
-10.400523183364943
-7.2698613893251265
-9.432690358946388
-8.24879660394099
-6.610012145613399
-8.555694706973243
-7.037915682153527
-6.569625771107138
-7.007595758212672
-10.60990413885318
-7.203672641622678
-8.395222115902298
-7.592819229509625
-6.214337021581011
-9.845546400351978
-7.010998607615252
-6.36191133067858
-9.605481186881368
-8.037120033517708
-8.327666983954993
-8.186947857443686
-7.540397574962089
-8.4463521581918
-10.674282203402054
-7.8367416140629516
-9.264823227645177
-9.132705806911295
-7.405170589579465
-9.365415973410759
-7.2210028642108295
-10.542164782668172
-11.316794193088706
-8.882854029018526
-10.255940593440684
-6.574464489645619
-8.245479655953817
-7.835085462865111
-6.923264827973205
-10.217729034556472
-8.74494138746106
-11.100898607615251
-10.453186647597056
-9.556142669464412
-7.437226819194759
-9.06296957305878
-10.009333062937358
-6.4479281616685284
-8.253807130322192
-9.132705806911295
-7.505644813941952
-10.307457738501203
-11.038517420733882
-10.439575159235085
-9.675217420733883
-8.760523172706801
-8.071852207263273
-6.793278448533972
-7.919938936040712
-8.002115973410758
-7.071555220888794
-10.227053222018636
-8.331023200175988
-9.543099999999999
-10.164672035137269
-6.629417781365385
-9.522731821127289
-6.769045062190354
-10.9064
-9.870744827334626
-9.415738216618324
-9.965455684097126
-6.349675159235085
-9.387761027800089
-6.951585214753236
-8.760523172706801
-7.955737751709076
-9.460350634245922
-8.315629493502634
-9.30303478652939
-8.944157738501202
-6.515001676179151
-8.354089353362252
-10.776752842048563
-8.902591645616969
-10.131770589579466
-8.013183093150655
-8.854429034556471
-7.459604359588169
-8.262253402905037
-6.377218435489247
-6.971247194372355
-8.097050634245921
-10.64692079588444
-7.245538987835396
-7.865628985484999
-10.798452207263272
-10.9064
-9.605481186881368
-10.467118435489247
-8.097050634245921
-11.260363545412497
-12.010220795884441
-6.077314946707689
-8.80137203513727
-7.591721780322053
-9.132705806911295
-7.585613375853411
-8.350128979618095
-7.100966581584325
-8.434855220888794
-6.8687711733022025
-7.52325389295002
-8.568683014503526
-10.307457738501203
-11.260363545412497
-11.763823183364941
-11.448911613822588
-7.949685838705675
-7.989102841509194
-10.936769408909713
-9.01740296720342
-6.866415332420942
-9.605481186881368
-12.029634786529389
-6.689138216618325
-8.988863772014389
-6.637676780034325
-7.690400895104961
-11.751358014174567
-11.921686993792662
-8.350128979618095
-11.316794193088706
-10.173191227686605
-7.650459425445473
-10.849969352323791
-11.4871231727068
-6.504072944528443
-9.460350634245922
-5.904654548169103
-8.42581575267577
-9.713428979618095
-8.31414187044068
-7.00686036438302
-7.764688063486404
-9.089886647597055
-9.543099999999999
-7.416479298088268
-9.897063545412497
-9.713428979618095
-6.585002605482939
-10.009333062937358
-11.495070589579464
-6.956664858498277
-9.947602864210829
-9.709494920843927
-8.912712809464354
-11.04596498644374
-6.156254029018527
-7.027677842048563
-8.873226602795736
-8.923010002350397
-9.103818435489247
-10.276012809464353
-10.458720086631969
-8.551001180162936
-10.75106102780009
-11.002623178573705
-5.875555684097127
-8.086842214681457
-6.342984990118401
-5.890235948548698
-5.994971983911064
-7.968030380123881
-8.517832351087758
-7.169925541134517
-7.729346902793048
-7.986961523923143
-6.995176581478742
