-7.634479158876101
-8.452457508135764
-10.9064
-7.770810686943716
-11.451730664299598
-10.224801988632713
-7.770810686943716
-7.770810686943716
-8.588786731975965
-8.452457508135764
-5.862190039725319
-8.316128684206275
-10.9064
-7.907141192619206
-9.952074918736264
-7.634479158876101
-8.588786731975965
-12.812211613822589
-7.498149561913176
-8.043467842166917
-9.27043745689118
-10.770034922143951
-10.633700100907244
-9.134098817458387
-7.907141192619206
-9.679451045876416
-5.725860041739037
-9.406781951308531
-8.997776801796418
-11.179019974542472
-8.452457508135764
-7.770810686943716
-10.0884306642996
-11.315374918736264
-9.543099999999999
-9.815719974542471
-11.927874268191482
-9.406781951308531
-7.634479158876101
-9.27043745689118
-10.9064
-7.498149561913176
-8.043467842166917
-8.861445817325126
-7.770810686943716
-9.543099999999999
-10.770034922143951
-9.406781951308531
-8.316128684206275
-8.36157220525576
-9.27043745689118
-7.770810686943716
-9.406781951308531
-9.134098817458387
-9.27043745689118
-9.134098817458387
-9.679451045876416
-8.7251157920004
-8.861445817325126
-12.680094193088705
-7.770810686943716
-9.27043745689118
-9.27043745689118
-8.316128684206275
-9.340008535191842
-6.8165
-9.134098817458387
-7.225490275993837
-8.1798
-7.361820253650936
-8.997776801796418
-8.7251157920004
-8.861445817325126
-5.4532
-8.7251157920004
-7.361820253650936
-10.413256441157214
-8.1798
-8.7251157920004
-9.202268137174784
-7.498149561913176
-8.997776801796418
-7.498149561913176
-9.134098817458387
-8.316128684206275
-8.1798
-9.543099999999999
-10.224801988632713
-9.474938240812364
-9.952074918736264
-12.4935729165955
-8.861445817325126
-9.406781951308531
-11.179019974542472
-7.634479158876101
-9.134098817458387
-9.134098817458387
-7.770810686943716
-8.997776801796418
-7.498149561913176
-10.9064
-5.725860041739037
-8.1798
-8.316128684206275
-8.452457508135764
-7.634479158876101
-9.952074918736264
-8.316128684206275
-7.634479158876101
-12.2697
-7.634479158876101
-11.451730664299598
-5.725860041739037
-8.861445817325126
-7.907141192619206
-7.907141192619206
-10.361053231515669
-7.498149561913176
-8.316128684206275
-8.1798
-9.679451045876416
-8.861445817325126
-7.361820253650936
-8.588786731975965
-11.315374918736264
-5.99851995620652
-9.134098817458387
-9.406781951308531
-7.498149561913176
-7.907141192619206
-9.27043745689118
-7.907141192619206
-9.543099999999999
-8.1798
-8.588786731975965
-8.316128684206275
-8.861445817325126
-7.634479158876101
-8.1798
-5.4532
-7.907141192619206
-9.798155220888795
-8.588786731975965
-7.498149561913176
-9.406781951308531
-8.588786731975965
-7.907141192619206
-8.1798
-10.9064
-10.361053231515669
-8.588786731975965
-9.406781951308531
-9.27043745689118
-5.4532
-8.997776801796418
-8.1798
-7.361820253650936
-9.406781951308531
-8.588786731975965
-8.1798
-7.770810686943716
-8.452457508135764
-9.27043745689118
-7.770810686943716
-5.589530025882667
-8.1798
-8.588786731975965
-8.861445817325126
-7.634479158876101
-10.361053231515669
-5.4532
-8.452457508135764
-7.361820253650936
-7.498149561913176
-8.7251157920004
-7.770810686943716
-8.316128684206275
-9.134098817458387
-8.043467842166917
-7.634479158876101
-9.697847194372354
-7.498149561913176
-7.907141192619206
-6.271180101710602
-10.9064
-8.588786731975965
-7.498149561913176
-9.543099999999999
-7.907141192619206
-8.1798
-8.043467842166917
-10.497487844398961
-5.725860041739037
-9.543099999999999
-7.907141192619206
-7.361820253650936
-9.543099999999999
-10.361053231515669
-8.452457508135764
-7.907141192619206
-9.406781951308531
-7.634479158876101
-8.043467842166917
-8.1798
-9.543099999999999
-9.134098817458387
-9.27043745689118
-9.952544846614765
-7.907141192619206
-7.907141192619206
-5.4532
-7.770810686943716
-7.361820253650936
-10.361053231515669
-10.497487844398961
-9.543099999999999
-7.634479158876101
-9.134098817458387
-8.043467842166917
-9.134098817458387
-11.179019974542472
-8.316128684206275
-8.043467842166917
-7.498149561913176
-8.588786731975965
-10.633700100907244
-10.0884306642996
-10.64692079588444
-11.161455220888794
-9.213460288515256
-11.161455220888794
-12.982540593440683
-9.293248222107232
-11.859305806911294
-12.982540593440683
-12.680094193088705
-10.717949811185308
-10.75106102780009
-9.847609383150646
-8.857210904985921
-11.260363545412497
-6.8165
-7.285047317879175
-6.8165
-9.39463236605115
-12.114361027800088
-11.562809945764474
-8.652575379970074
-11.076728979618094
-12.251050468682916
-11.161455220888794
-9.71461550158158
-10.936769408909713
-6.8165
-7.226894193088706
-6.8165
-6.8165
-7.239315021401006
-12.2697
-12.680094193088705
-10.40052318336494
-7.309347595993743
-6.8165
-7.226894193088706
-6.8165
-6.8165
-6.8165
-6.8165
-6.8165
-9.197393991239876
-7.226894193088706
-11.800190013285087
-9.845546400351978
-12.257975385836977
-9.573469408909714
-6.8165
-7.226894193088706
-6.8165
-8.848904201306008
-10.728715973410758
-9.675217420733883
-11.52797203513727
-7.60952984954379
-11.7322611987504
-6.6388159734107575
-11.776556441157215
-10.686407002553057
-11.859305806911294
-9.543099999999999
-8.232718248412706
-10.255940593440684
-11.727188386177412
-10.701943922199481
-8.533763545412496
-11.859305806911294
-6.8165
-6.8165
-6.8165
-7.226894193088706
-6.8165
-6.8165
-9.731870137675873
-7.226894193088706
-7.226894193088706
-7.226894193088706
-13.633
-8.188748386962605
-11.208846400351979
-7.912918592394838
-9.175673003147715
-7.717025850066929
-13.39293478652939
-7.500453222018637
-8.350128979618095
-12.029634786529389
-11.117577842048563
-7.729346902793048
-10.75106102780009
-13.633
-10.82365063424592
-11.859305806911294
-10.340666834711383
-10.877512628577954
-10.798452207263272
-10.453186647597056
-13.633
-13.633
-6.8165
-9.274147415107343
-9.573469408909714
-9.494798637933004
-13.2417115863534
-9.811978580309448
-8.17449517306922
-9.61060167734946
-10.476496328214017
-10.267902084449105
-8.60788239519994
-6.8165
-6.8165
-6.8165
-11.52797203513727
-10.877512628577954
-8.171714448720047
-12.680094193088705
-9.406264835841226
-14.043394193088705
-9.270400100907246
-6.8165
-7.896933986373191
-6.8165
-6.8165
-6.8165
-6.8165
-10.686407002553057
-9.363882953996773
-6.8165
-9.09932449613702
-11.002623178573705
-10.575066228225975
-9.798155220888795
-6.8165
-6.8165
-6.8165
-6.8165
-6.8165
-13.222883972698746
-7.226894193088706
-6.8165
-12.680094193088705
-8.048322364372849
-7.585146932662853
-11.941249021359793
-10.545373861891099
-9.784647250958278
-11.038517420733882
-10.286310002350397
-11.727188386177412
-11.076728979618094
-11.379175379970073
-7.9472822887180365
-12.680094193088705
-11.619240593440683
-13.39293478652939
-11.859305806911294
-12.2697
-10.352163772014388
-8.150912628577952
-10.286310002350397
-6.8165
-6.8165
-6.8165
-6.8165
-6.8165
-7.027677842048563
-7.637288386177411
-7.200187407828481
-6.8165
-7.226894193088706
-6.8165
-11.52797203513727
-10.363888386177411
-10.496005806911294
-8.659856422358013
-13.633
-10.542164782668172
-12.134098090860709
-12.982540593440683
-12.982540593440683
-12.029634786529389
-12.680094193088705
-9.489366731327172
-6.8165
-7.226894193088706
-6.8165
-7.226894193088706
-7.97147690347079
-6.8165
-6.8165
-6.8165
-6.8165
-6.8165
-7.226894193088706
-7.8552717476045135
-8.483827372365264
-6.8165
-6.8165
-8.744172959491836
-7.786433621580967
-6.8165
-8.738821708512662
-9.273903117651818
-11.359761389325124
-6.8165
-6.8165
-8.655513734947805
-10.652678445800657
-9.325152164058704
-7.334368516254276
-9.164635358139233
-9.953494193088705
-12.092015973410756
-6.8165
-7.226894193088706
-6.8165
-6.8165
-9.222176207790554
-12.882873686279991
-11.859305806911294
-13.39293478652939
-12.2697
-12.2697
-11.938366228225975
-6.8165
-10.246154029018527
-10.80840325943956
-10.460111564751115
-12.04970700255306
-11.599826602795735
-13.633
-6.8165
-6.8165
-6.8165
-6.8165
-6.8165
-10.131770589579466
-12.572146400351977
-11.427115029752404
-10.978732239057653
-8.74494138746106
-11.448911613822588
-11.727188386177412
-8.025737638696725
-6.8165
-11.763823183364941
-11.141307102850128
-10.520946866505765
-6.8165
-6.8165
-6.8165
-12.680094193088705
-9.422460942000338
-6.952329493502633
-10.406765576803823
-11.41093137889802
-7.6846647639839345
-6.8165
-6.8165
-10.440652636633779
-10.022490797029695
-7.226894193088706
-7.381641387461061
-11.117577842048563
-9.729431944797781
-9.483984206373794
-6.8165
-6.8165
-9.845546400351978
-9.09403187106709
-12.982540593440683
-10.181834792396293
-10.830642182364853
-10.446750256616538
-6.8165
-7.835813598720644
-6.8165
-6.8165
-11.156466443507613
-8.434855220888794
-11.859305806911294
-10.467118435489247
-9.937604916967615
-11.355321608831396
-10.793783413750955
-11.670757738501202
-9.701704365455072
-10.628123227645178
-9.788219350283226
-8.43317248167677
-10.181834792396293
-10.526375215821009
-8.924049640312305
-12.2697
-11.133659965299334
-10.881619716982115
-11.830418435489246
-5.900228990276236
-9.402400799380093
-11.053887084251759
