-8.999180925064671
-11.918897671093989
-12.714905191888121
-10.020299527661768
-11.081086851643164
-13.79431941487068
-12.572146400351977
-10.707183648959857
-11.34716360199842
-10.877512628577954
-11.091224368277002
-9.534284844601622
-11.34716360199842
-12.04970700255306
-11.727188386177412
-9.798155220888795
-9.754277842048563
-10.732393496896332
-12.452113793616672
-12.207216733003275
-10.592228985484999
-8.72009549021028
-10.936769408909713
-9.935993204648144
-9.811978580309448
-9.902470648446252
-10.696773872264359
-10.363888386177411
-12.680094193088705
-11.316794193088706
-11.955528985484998
-11.271227587233346
-10.592228985484999
-8.482246400351977
-13.000167904405124
-13.542832029369377
-12.496559857920545
-10.056724242400541
-7.534650813553839
-10.82365063424592
-12.230748811204261
-11.689902665898087
-9.289378445800656
-12.23520051388454
-11.889363680077341
-8.482246400351977
-9.497259349396781
-9.073054442314893
-8.745710814037414
-8.838907324767856
-9.323107002553058
-9.902470648446252
-11.24653190529916
-8.583131600392303
-13.037837519391381
-9.490720043155635
-10.962238869848653
-9.983863601998419
-9.713428979618095
-10.091686773881447
-11.296211917650275
-9.416857012264671
-10.89758484460162
-8.765278810059009
-10.66633478652939
-11.553906414566669
-11.874295814329479
-11.609454029018526
-11.463901621240772
-9.05253628692603
-12.055834400852982
-9.543099999999999
-9.605481186881368
-8.4942078913604
-9.330307911691364
-8.677925962096978
-11.739149877185833
-8.93666980550836
-11.002623178573705
-10.75106102780009
-10.363888386177411
-11.495070589579464
-10.164672035137269
-7.7154319105429305
-9.418130436709802
-8.778150483671242
-9.675217420733883
-10.363888386177411
-7.529340593440684
-9.675217420733883
-9.418130436709802
-9.155335580549766
-9.543099999999999
-12.281784813998577
-10.035947595993743
-10.64692079588444
-12.114361027800088
-11.609454029018526
-10.276012809464353
-11.038517420733882
-11.208846400351979
-9.89892881433858
-11.379175379970073
-8.944157738501202
-11.840981172479843
-10.482831807282297
-12.64280847280938
-12.886890029553628
-9.27184001041383
-9.418130436709802
-9.767103043884376
-13.286633931341882
-13.349748563553561
-11.013164827973204
-11.727188386177412
-8.230134180296997
-11.020298331941886
-9.225456402702376
-10.467118435489247
-11.751358014174567
-9.268535300413928
-12.072814233589801
-13.892627241037738
-13.209576586269979
-12.44319515650651
-13.212770713849531
-13.130027677692443
-13.18824597728125
-9.689448845515077
-11.545918938343391
-8.482246400351977
-12.427144573375736
-12.203924139891642
-12.068162202272081
-9.342405311944175
-11.751358014174567
-8.590194193088706
-9.427797160292126
-8.590194193088706
-12.175425965794954
-12.05730964933086
-11.734935811942893
-11.356460090755652
-12.166706827533561
-10.352163772014388
-9.13716309521855
-12.83484138746106
-11.938366228225975
-12.452853947430834
-10.318321780322053
-12.201282417920613
-10.739467095788942
-8.590194193088706
-8.590194193088706
-9.483984206373794
-8.714956566851443
-9.546067794019352
-11.372633062937359
-10.728715973410758
-9.198385462865112
-10.707183648959857
-10.413256441157214
-8.875139605000122
-9.277918597711633
-9.073590013285088
-9.422944070274538
-8.956119229509623
-13.56458094948758
-9.850998770687042
-11.766474546578207
-10.09268456789883
-11.165110008217301
-13.192310411835937
-12.597904972882237
-13.427802903455646
-11.54195088524219
-9.786999562370369
-11.918054594433933
-9.34600198276581
-9.264823227645177
-7.8733411257135275
-11.42462358293189
-12.32100188468106
-12.480032626106054
-12.951963995003512
-13.724021912323101
-11.522667208206489
-10.448705729721052
-9.1066445681448
-10.190606414566668
-10.660443457651514
-10.070991768133984
-12.680094193088705
-10.363888386177411
-9.947602864210827
-9.216863020106306
-10.48138596122269
-8.937733729724886
-8.356478355933103
-7.993192804937706
-11.263060924415878
-10.728715973410758
-12.161752207263273
-7.815564782668171
-11.15241575267577
-12.521122855709525
-12.438846014854573
-9.11750860996565
-10.239974469546473
-11.375175974507778
-13.31570274589282
-10.009333062937358
-9.492076455357548
-10.363888386177411
-10.413256441157214
-11.260363545412497
-11.448911613822588
-11.39248096614638
-11.448911613822588
-8.94739607109834
-10.1238231727068
-12.9351494139775
-11.619240593440683
-12.691874464792388
-13.452035778498937
-11.846276586269978
-13.102691589239475
-12.186436011295504
-12.888234887978937
-10.677692428768307
-12.327167684265678
-13.47720576159759
-12.04716910904152
-10.431821543640892
-12.054010031360416
-9.886924136124605
-11.142188165017444
-9.546067794019352
-11.988838555208531
-12.595802298453842
-11.768121836602477
-11.10295799635996
-9.523590521302722
-10.747881491451444
-10.73378116864956
-11.419108646230054
-11.369194724850495
-12.209246186217499
-13.16968415408479
-12.81711648209359
-12.461736759298367
-9.702478824253761
-12.353857213195013
-9.352402841509193
-9.28362079588444
-9.113769487665534
-9.573469408909714
-11.736738168485962
-12.775482092426044
-10.016401901718583
-9.111622994678223
-12.223037975391508
-7.950288253884502
-9.57067147090962
-13.027527251230367
-13.669319948114873
-9.515059052835301
-10.422596973183618
-12.935058332727081
-10.042654778966007
-9.734870138221705
-8.976229324914463
-8.170401807954628
-7.806048980089704
-11.595829305178551
-10.555434001800016
-9.143158829161885
-8.19206364649708
-11.161455220888794
-10.10824138746106
-9.68266498644374
-8.833524799814477
-9.953494193088705
-9.816659028929932
-8.276023178573704
-10.453186647597056
-8.596144732293865
-9.270400100907246
-12.572146400351977
-12.04970700255306
-10.66633478652939
-9.048670721504998
-9.947602864210827
-8.590194193088706
-10.798452207263272
-8.89821884148848
-9.717389353362252
-11.292435131825757
-13.517210057288775
-12.109824042632496
-11.69001386388267
-12.51258426394762
-12.85813060835595
-12.283476741282197
-13.222605806911293
-12.070483648959858
-10.728715973410758
-10.2085494139775
-9.897063545412497
-9.252011241886937
-11.194226554663373
-9.798155220888795
-11.399247595993742
-9.705586829643597
-10.352163772014388
-8.808177554515808
-10.227053222018636
-8.96274698902278
-9.095420086631968
-9.570361403519879
-10.707183648959857
-8.860940515222046
-10.40052318336494
-8.99940542141389
-10.656627791206915
-13.05693892102428
-11.322774938592916
-10.774282579266117
-8.385698163903355
-12.524755220888794
-9.483984206373794
-11.379175379970073
-8.816795955119527
-8.655873849042523
-10.141441546575328
-11.90546478266817
-10.417130437533478
-12.240812628577952
-10.131770589579466
-8.80137203513727
-11.161455220888794
-9.135509985089106
-11.78956957305878
-11.660089455871152
-10.015875379970073
-9.91343528897046
-8.746481241819746
-11.161455220888794
-10.98546042131468
-7.226894193088706
-8.555694706973243
-8.829076441795793
-9.435152207263272
-10.48138596122269
-9.27184001041383
-10.276012809464353
-8.23110188468106
-8.97282984954379
-11.938366228225975
-11.991423227645177
-8.459499457061408
-11.340963821085861
-10.164672035137269
-9.543099999999999
-9.492076455357548
-11.322744732293865
-13.361744193088704
-10.780505086183183
-12.769392454508349
-12.480877842048564
-11.208846400351979
-12.332081186881368
-11.599826602795735
-10.774282579266117
-9.555061491008422
-9.52559901155944
-9.037223183364942
-9.612096603940989
-10.686407002553057
-10.860833394144642
-9.48666935232379
-10.35318989724831
-11.448911613822588
-12.572146400351977
-8.967207075403136
-9.519878448533971
-9.705586829643597
-8.933489455871152
-10.115981022732303
-13.39293478652939
-13.023389455871152
-13.222605806911293
-7.980583648959858
-9.143158829161885
-8.217643386528838
-10.286310002350397
-10.255940593440684
-10.542164782668172
-10.363888386177411
-11.503126137886486
-11.975818994306538
-11.117577842048563
-11.117577842048563
-9.29910072775522
-12.851741824479928
-10.849969352323791
-12.528868447006893
-12.256236548560214
-13.222605806911293
-11.479281022732302
-11.656610690229552
-9.463965574102112
-12.580093817224643
-11.778361152186674
-12.423294926086815
-11.890454773099101
-12.091577562678266
-12.087864120384667
-8.989560739331104
-12.56870267176499
-13.167522312642621
-8.482246400351977
-9.573469408909714
-7.42715918546486
-12.148682244822808
-9.980439287582449
-10.95625812434444
-7.456646633428871
-10.658543893906518
-13.08765323151567
-12.268221662984317
-11.348973749035729
-12.076587717454224
-13.718164489809048
-8.590194193088706
-13.74869521850221
-12.605640215811299
-11.115888615033436
-8.262593772944406
-9.58893902240287
-10.100601621240774
-10.66633478652939
-12.198124618597992
-12.24420561016831
-10.269313464538612
-10.172676604736187
-10.968781186881367
-11.649610002350398
-6.79371669707232
-9.543099999999999
-10.413256441157214
-7.3893810227323025
-11.742785960264795
-12.405901984025885
-10.615130207283118
-12.454412043193093
-12.430959308187823
-12.54655749800238
-9.718184616970303
-11.438191710966494
-9.768400977178393
-11.222320213171603
-11.403207969737899
-6.608468493561481
-6.882558710366942
-10.246154029018527
-7.359011613822588
-8.749573017342467
-7.812373003147715
-11.588101988632712
-12.447976396490759
-9.150739901586123
-8.918869610182547
-9.218571747604514
-9.435152207263272
-8.319364986443741
-7.348739941903257
-8.783050431642016
-9.150739901586123
-9.135673600930646
-12.951401988632712
-11.97320413885318
-9.144667297919716
-8.867838832491302
-9.11808596122269
-12.842581022732302
-10.94936719623642
-8.482246400351977
-8.562435656455085
-7.455234792396293
-7.558050369400564
-12.070483648959858
-11.727188386177412
-8.906619373171242
-8.67949245450835
-9.679451045876416
-12.815030664299597
-7.809198337808791
-12.656872641622677
-9.789115752675771
-9.941769578925683
-8.107438157999054
-10.746524042632496
-8.884798443466186
-9.291310172366368
-9.543099999999999
-8.316374709041138
-8.699090062356563
-8.75894641101012
-9.886395262782447
-7.8354163227045
-7.107221786188957
-9.845546400351978
-10.581170296720341
-12.2697
-10.592228985484999
-7.366459179532446
-7.413226137886488
-9.470738157999053
-10.363888386177411
-10.558386993792661
-11.143512221477962
-11.04596498644374
-11.17995902892993
-7.215169578925683
-8.830851776460833
-10.9064
-12.54231997454247
-10.849969352323791
-8.875139605000122
-10.131770589579466
-9.201702410852285
-8.789647420974246
-8.624314873262149
-9.615432239057654
-7.740518435489247
-11.053507428152066
-8.628090063526527
-6.091934792396293
-7.769405806911294
-10.009333062937358
-13.633
-8.057232361574668
-7.712975159235086
-10.084133276806906
-7.908970793355035
-8.836209945764477
-9.653420836663699
-7.226894193088706
-8.925091107013873
-8.784692800703956
-8.1798
-12.358998261419643
-12.668369578925683
-7.215169578925683
-8.1798
-9.679451045876416
-13.765117420733883
-8.671288069180136
-8.81333352614569
-9.211766228225974
-10.75106102780009
-8.766872549021807
-8.995870642752521
-11.619240593440683
-10.439575159235085
-8.562435656455085
-7.894168180674031
-10.190606414566668
-11.271227587233346
-8.1798
-8.024461027800088
-9.543099999999999
-8.400355734773333
-9.863025167128274
-7.699669573058779
-11.776556441157215
-10.199509945764476
-9.48666935232379
-8.199056125381468
-11.315374918736264
-9.261134283205779
-9.789115752675771
-11.1260970345979
-11.751358014174567
-10.849969352323791
-10.496005806911294
-11.210823275868599
-8.370201195641764
-9.120981192748273
-12.815030664299597
-10.340666834711383
-9.508600513884538
-8.1798
-8.562435656455085
-7.405170589579465
-12.079002841509194
-7.211927869090879
-9.343883648959858
-8.995870642752521
-9.027230141637403
-7.366459179532446
-11.739149877185833
-12.01405300128365
-11.009630049311836
-12.300069408909714
-12.815030664299597
-8.45241997454247
-9.537208671122123
-9.789115752675771
-10.558386993792661
-8.995870642752521
-9.279813235063362
-9.930272641622677
-11.109179493191284
-9.625553402905037
-8.566972641622678
-9.754277842048563
-12.38719757504528
-10.94936719623642
-7.405170589579465
-12.645594706973245
-13.08765323151567
-9.538969922794251
-13.49663492214395
-11.771430230198236
-7.671409066350853
-6.846869408909714
-7.890524638916084
-11.830418435489246
-8.605791767176088
-9.024758014174568
-8.55013528897046
