-8.701943434949879
-11.316794193088706
-11.316794193088706
-11.161455220888794
-10.936769408909713
-10.877512628577954
-10.877512628577954
-10.849969352323791
-10.64692079588444
-10.60990413885318
-10.526375215821009
-10.510995814329478
-10.496005806911294
-10.276012809464353
-10.276012809464353
-10.246154029018527
-10.2085494139775
-10.199509945764476
-10.115981022732303
-10.093059179532446
-8.590194193088706
-7.920320795884441
-9.460350634245922
-9.132705806911295
-8.659190797029694
-9.11808596122269
-8.590194193088706
-9.543099999999999
-9.514212628577953
-9.195086993792662
-8.590194193088706
-9.147695814329479
-11.399247595993742
-11.353428990276235
-12.9351494139775
-12.908434792396292
-12.524755220888794
-11.62919164561697
-11.590353222018637
-11.52797203513727
-11.50312613788649
-10.10824138746106
-9.996461389325127
-9.489366731327172
-9.327204414526546
-7.636105421413889
-10.04971737166241
-11.859305806911294
-7.662692787650631
-10.263888010313348
-10.60990413885318
-7.144144827334626
-8.071852207263273
-6.708552207263272
-11.316794193088706
-12.137582579266116
-11.889675215821008
-11.739149877185833
-12.2697
-11.802875159235086
-11.590353222018637
-8.805616308991004
-9.717389353362252
-12.891272035137268
-9.811978580309448
-13.09048838617741
-9.427797160292126
-10.791097160292127
-7.914618597711632
-8.045319008593605
-9.460350634245922
-9.953494193088705
-9.953494193088705
-9.625553402905037
-8.65521268351633
-9.891705376108854
-9.087139201055935
-10.798452207263272
-10.592228985484999
-10.526375215821009
-5.973202117363827
-10.684368881204218
-9.201702410852285
-7.704955980206442
-7.970104195439103
-12.819659179532445
-11.751358014174567
-10.707183648959857
-10.798452207263272
-10.496005806911294
-10.48138596122269
-12.982540593440683
-9.996461389325127
-8.197834094674828
-7.226894193088706
-9.489366731327172
-10.936769408909713
-10.774282579266117
-9.401584387220742
-8.210169408909714
-11.038517420733882
-11.208846400351979
-10.82365063424592
-8.482246400351977
-11.117577842048563
-12.186950634245921
-10.968781186881367
-10.526375215821009
-11.69268890006195
-9.543099999999999
-8.590194193088706
-10.476149324085014
-9.159688288548729
-12.029634786529389
-12.982540593440683
-7.277550765807052
-11.379175379970073
-10.311779463289337
-7.541302084449105
-11.727188386177412
-11.340963821085861
-11.639312809464354
-12.2697
-12.365923178573704
-8.002115973410758
-12.680094193088705
-11.161455220888794
-11.991423227645177
-11.456359179532447
-12.114361027800088
-6.760069352323791
-12.850423172706801
-8.523095262782446
-12.623663545412496
-12.524755220888794
-11.51957368627999
-10.426269573058779
-9.00058838617741
-8.672647595993743
-9.211766228225974
-7.9015232276451774
-9.403919986569713
-12.680094193088705
-10.400523183364943
-12.070483648959858
-8.434855220888794
-11.282294706973245
-11.599826602795735
-12.742475379970074
-11.359761389325124
-11.44155656685144
-12.623663545412496
-12.812211613822589
-10.999971780322051
-10.147992800703957
-10.02918096614638
-8.750348490494817
-7.591721780322053
-12.804856566851441
-12.797591768133984
-10.76024064837906
-8.842523053056397
-11.776556441157215
-9.762797034597899
-8.79631874414478
-7.980583648959858
-7.491129034556471
-10.181834792396293
-9.435152207263272
-11.84468596122269
-8.873226602795736
-12.300069408909714
-8.590194193088706
-9.430238704647584
-9.845546400351978
-11.78956957305878
-12.186950634245921
-9.965455684097126
-8.590194193088706
-9.323107002553058
-9.180467148104057
-9.211766228225974
-10.936769408909713
-11.52797203513727
-11.260363545412497
-11.619240593440683
-11.081164175010196
-8.62056360199842
-11.670757738501202
-11.495070589579464
-11.619240593440683
-9.775810166499463
-10.9064
-11.859305806911294
-12.070483648959858
-11.874295814329479
-12.300069408909714
-12.401817420733883
-11.479281022732302
-10.728715973410758
-11.002623178573705
-10.085611613822588
-11.84468596122269
-10.877512628577954
-10.340666834711383
-8.988863772014389
-9.965455684097126
-9.555061491008422
-10.724346406218881
-11.01664733131549
-10.849969352323791
-10.467118435489247
-7.170463545412497
-10.436890013285089
-11.260363545412497
-11.260363545412497
-10.526375215821009
-10.510995814329478
-11.715463772014388
-10.728715973410758
-10.60990413885318
-9.365415973410759
-9.246604138853183
-8.646033062937358
-9.605481186881368
-13.633
-8.95392636156892
-10.401784256615233
-11.08467639649076
-9.452677865953934
-11.955528985484998
-11.618693137086703
-10.415836286926032
-10.410687787813039
-10.004796077769765
-12.332081186881368
-7.779858829161886
-10.774282579266117
-9.771440599307587
-11.649610002350398
-12.114361027800088
-12.982540593440683
-10.363888386177411
-11.78956957305878
-10.936769408909713
-10.265891645616971
-10.255940593440684
-10.217729034556472
-9.134187844398962
-9.262975882411142
-9.953494193088705
-9.705586829643597
-10.467118435489247
-10.181834792396293
-12.524755220888794
-11.366162248068509
-11.038517420733882
-11.038517420733882
-10.968781186881367
-10.936769408909713
-10.707183648959857
-10.64692079588444
-10.526375215821009
-10.04279245450835
-9.953494193088705
-9.953494193088705
-9.675217420733883
-9.514212628577953
-9.30303478652939
-9.675217420733883
-7.637288386177411
-8.311917420733883
-8.590194193088706
-8.66588096614638
-11.117577842048563
-10.02918096614638
-11.123713814682327
-11.474385986412065
-11.475968188955417
-10.318321780322053
-9.754277842048563
-12.572146400351977
-11.874295814329479
-12.365923178573704
-12.300069408909714
-12.114361027800088
-11.859305806911294
-11.802875159235086
-10.82365063424592
-10.75106102780009
-10.374642794877461
-9.383224042632497
-8.652575379970074
-8.882854029018526
-7.980583648959858
-9.1416541938739
-11.448911613822588
-10.66633478652939
-9.947602864210829
-8.059644070274539
-8.961637197381675
-10.241320747752079
-9.947602864210829
-11.619240593440683
-12.114361027800088
-11.511292800703956
-11.619240593440683
-10.363888386177411
-9.343883648959858
-9.543099999999999
-6.8165
-6.853134797187531
-11.536491227686605
-8.150912628577952
-9.447617376453646
-12.2697
-10.64692079588444
-10.64692079588444
-10.60990413885318
-11.379175379970073
-10.686407002553057
-9.435152207263272
-8.390977842048564
-9.246604138853183
-10.467118435489247
-10.199509945764476
-8.590194193088706
-10.199509945764476
-10.190606414566668
-10.131770589579466
-6.074772035137269
-8.944157738501202
-9.605481186881368
-9.754277842048563
-9.06296957305878
-6.760069352323791
-10.64692079588444
-9.049956441157216
-9.573469408909714
-12.749090797029694
-12.686044732293865
-11.84468596122269
-11.44155656685144
-11.379175379970073
-11.316794193088706
-11.038517420733882
-10.849969352323791
-10.75106102780009
-10.686407002553057
-10.66633478652939
-10.48138596122269
-8.80137203513727
-9.598938869848652
-10.908433357212877
-11.590353222018637
-11.161455220888794
-9.038484256615233
-12.137582579266116
-12.524755220888794
-12.070483648959858
-12.913146326158381
-6.250766834711383
-6.1466266027957355
-9.918994706973244
-7.49670590781854
-6.8165
-10.66633478652939
-10.558386993792661
-10.558386993792661
-10.558386993792661
-10.400523183364943
-7.699669573058779
-8.590194193088706
-7.232844732293866
-7.980583648959858
-7.226894193088706
-10.877512628577954
-12.908434792396292
-12.71046360199842
-7.999927158839628
-10.575066228225975
-10.526375215821009
-10.352163772014388
-10.093059179532446
-10.015875379970073
-10.009333062937358
-11.727188386177412
-11.649610002350398
-11.97320413885318
-10.849969352323791
-8.071852207263273
-10.686407002553057
-10.173191227686605
-9.573469408909714
-8.350128979618095
-12.300069408909714
-10.413256441157214
-8.123369352323792
-8.097050634245921
-11.590353222018637
-11.34716360199842
-11.161455220888794
-10.592228985484999
-7.226894193088706
-10.228935810781785
-10.45181133067858
-6.941262373762737
-13.844177842048563
-9.055127423084281
-12.982540593440683
-12.365923178573704
-11.016989536042782
-13.055988900061951
-7.365710193136323
-8.430318235721202
-6.757384206373794
-9.845546400351978
-9.06296957305878
-12.401817420733883
-12.480877842048564
-12.524755220888794
-10.035947595993743
-12.029634786529389
-8.809891227686604
-8.977366834711383
-6.206889455871152
-8.79297368627999
-11.260363545412497
-9.713428979618095
-9.573469408909714
-9.147695814329479
-9.798155220888795
-10.628123227645178
-10.575066228225975
-11.119267373710034
-12.240812628577952
-12.213269352323792
-11.938366228225975
-11.802875159235086
-11.44155656685144
-11.385790797029696
-11.260363545412497
-11.002623178573705
-11.038517420733882
-11.076728979618094
-10.199509945764476
-10.728715973410758
-7.309347595993743
-8.002115973410758
-10.936769408909713
-11.776556441157215
-10.307457738501203
-9.965455684097126
-10.628123227645178
-10.439575159235085
-7.226894193088706
-10.145530952387071
-6.461944676759947
-10.805899772973131
-9.514212628577953
-6.693932361574668
-12.137582579266116
-11.938366228225975
-12.029634786529389
-7.920320795884441
-9.754277842048563
-8.60518420050689
-8.311917420733883
-8.024461027800088
-8.809891227686604
-12.680094193088705
-12.070483648959858
-11.161455220888794
-9.343883648959858
-7.922233798088828
-8.696250375056094
-9.169340604098826
-11.038517420733882
-9.410982579266117
-8.67949245450835
-8.390977842048564
-9.897063545412497
-11.751358014174567
-9.543099999999999
-11.328755684097127
-9.163075215821008
-10.147992800703957
-10.115981022732303
-12.240812628577952
-12.161752207263273
-12.092015973410756
-11.938366228225975
-9.967877256663703
-7.529340593440684
-8.390977842048564
-12.982540593440683
-11.90546478266817
-11.84468596122269
-10.286310002350397
-10.147992800703957
-10.093059179532446
-8.590194193088706
-10.82365063424592
-10.798452207263272
-10.707183648959857
-10.877512628577954
-10.774282579266117
-10.774282579266117
-11.97320413885318
-11.874295814329479
-11.727188386177412
-11.406092454508348
-11.340963821085861
-11.316794193088706
-11.208846400351979
-10.968781186881367
-10.877512628577954
-9.06296957305878
-10.877512628577954
-12.680094193088705
-12.972754029018526
-12.506087689985037
-11.076728979618094
-11.038517420733882
-10.877512628577954
-10.66633478652939
-10.628123227645178
-10.575066228225975
-10.542164782668172
-10.413256441157214
-10.340666834711383
-10.296789455871153
-10.190606414566668
-10.38192248085224
-11.208846400351979
-10.798452207263272
-8.892640593440683
-11.002623178573705
-12.2697
-11.859305806911294
-10.255940593440684
-11.590353222018637
-11.4871231727068
-11.660089455871152
-12.029634786529389
-11.479281022732302
-11.802875159235086
-10.467118435489247
-10.340666834711383
-10.246154029018527
-10.022490797029695
-9.147695814329479
-9.049956441157216
-9.713428979618095
-10.164672035137269
-6.118649413977501
-9.48666935232379
-11.157277708112728
-9.897063545412497
-9.396940648379061
-6.862658975756877
-13.23759581432948
-9.891705376108854
-9.733501195641763
-11.334828287763534
-10.073161863418063
-11.218797452528264
-10.803406827533562
-13.09048838617741
-10.173191227686605
-7.815564782668171
-9.387761027800089
-11.639312809464354
-9.246604138853183
-11.830418435489246
-11.90546478266817
-11.763823183364941
-8.854429034556471
-9.195086993792662
-12.2697
-11.62919164561697
-12.161752207263273
-10.877512628577954
-11.859305806911294
-11.599826602795735
-13.222605806911293
-12.524755220888794
-12.742475379970074
-9.845546400351978
-9.460350634245922
-8.646033062937358
-9.132705806911295
-11.076728979618094
-11.038517420733882
-10.849969352323791
-10.75106102780009
-10.592228985484999
-10.686407002553057
-10.2085494139775
-9.953494193088705
-9.713428979618095
-11.234044827334627
-9.745879493191284
-11.739149877185833
-8.902591645616969
-11.161455220888794
-11.379175379970073
-7.1189464003519785
-11.414024199114147
-6.684382579266117
-8.350128979618095
-10.241320747752079
-11.562809945764474
-10.098328782875111
-10.297847675397145
-9.573469408909714
-7.330124242400542
-10.063815029752403
-7.487440090117073
-8.95392636156892
-7.575499569197561
-13.034057738501202
-8.533763545412496
-9.573469408909714
-7.883304138853182
-9.323107002553058
-9.754277842048563
-8.902591645616969
-7.5195540290185265
-8.590194193088706
-10.413256441157214
-6.760069352323791
-9.147695814329479
-11.776556441157215
-10.035947595993743
-11.076728979618094
-11.78956957305878
-12.240812628577952
-13.09048838617741
-12.401817420733883
-12.2697
-10.877512628577954
-11.590353222018637
-11.889675215821008
-12.440028979618095
-11.316794193088706
-10.442694990160893
-7.881278410303736
-9.667862373762738
-11.727188386177412
-11.038517420733882
-8.652575379970074
-8.737301621240773
-8.99940542141389
-9.91343528897046
-7.98152915226628
-8.020545715030893
-9.618786773057675
-9.546067794019352
-8.293698331941886
-11.991423227645177
-7.815564782668171
-12.114361027800088
-12.332081186881368
-12.186950634245921
-10.385596165857681
-9.333404195439103
-9.177266742110513
-11.15241575267577
-12.070483648959858
-12.186950634245921
-12.213269352323792
-11.379175379970073
-11.889675215821008
-12.186950634245921
-11.991423227645177
-10.877512628577954
-11.316794193088706
-12.240812628577952
-11.50312613788649
-10.82365063424592
-11.58102903455647
-10.592228985484999
-9.91343528897046
-11.739149877185833
-11.5718494139775
-11.117577842048563
-11.076728979618094
-11.076728979618094
-11.038517420733882
-10.968781186881367
-10.968781186881367
-10.936769408909713
-10.9064
-8.836209945764477
-9.28362079588444
-8.944157738501202
-10.10824138746106
-10.100601621240774
-8.646033062937358
-9.953494193088705
-11.991423227645177
-11.366162248068509
-10.968781186881367
-12.524755220888794
-11.955528985484998
-11.038517420733882
-10.542164782668172
-11.938366228225975
-14.345840593440684
-12.240812628577952
-12.137582579266116
-12.161752207263273
-11.260363545412497
-10.877512628577954
-11.51957368627999
-11.619240593440683
-11.208846400351979
-11.670757738501202
-8.002115973410758
-10.66633478652939
-7.289275379970073
-11.52797203513727
-10.085611613822588
-10.04971737166241
-11.619240593440683
-11.859305806911294
-12.092015973410756
-12.440028979618095
-11.889675215821008
-11.955528985484998
-12.300069408909714
-12.092015973410756
-11.874295814329479
-11.859305806911294
-11.58102903455647
-11.921686993792662
-7.769405806911294
-7.614066834711383
-8.62056360199842
-9.845546400351978
-12.365923178573704
-10.48138596122269
-9.845546400351978
-12.092015973410756
-10.62997635487685
-12.029634786529389
-12.572146400351977
-12.440028979618095
-12.240812628577952
-10.849969352323791
-12.240812628577952
-12.365923178573704
-12.524755220888794
-11.495070589579464
-9.971528287763533
-10.877512628577954
-6.846869408909714
-7.438072035137269
-13.09048838617741
-11.90546478266817
-8.923010002350397
-10.035947595993743
-11.44155656685144
-8.827306414566667
-9.012549877185833
-9.48666935232379
-7.226894193088706
-9.163075215821008
-9.387761027800089
-6.684382579266117
-10.115981022732303
-6.8165
-11.372633062937359
-12.029634786529389
-10.08561161382259
-7.559710002350398
-11.385790797029696
-10.070991768133984
-6.846869408909714
-11.619240593440683
-8.668578345149761
-10.139826137886487
-11.161455220888794
-9.072251993128795
-7.93973478652939
-7.1189464003519785
-10.968781186881367
-10.307457738501203
-10.04279245450835
-10.00286224806851
-9.845546400351978
-8.96608890006195
-11.434291768133985
-11.334828287763534
-12.680094193088705
-12.332081186881368
-11.562809945764474
-11.359761389325124
-10.063815029752403
-8.590194193088706
-9.514212628577953
-9.343883648959858
-9.024758014174568
-9.573469408909714
-8.434855220888794
-10.877512628577954
-8.002115973410758
-9.365415973410759
-8.652575379970074
-10.849969352323791
-10.774282579266117
-10.66633478652939
-10.592228985484999
-10.217729034556472
-8.809891227686604
-12.213269352323792
-12.874592800703956
-10.286310002350397
-8.602155684097127
-9.546067794019352
-9.897063545412497
-8.572693204648145
-8.004312909761422
-8.482246400351977
-7.972185300102579
-7.414850483671241
-10.575066228225975
-12.332081186881368
-11.763823183364941
-12.213269352323792
-11.938366228225975
-11.816486647597054
-11.78956957305878
-11.727188386177412
-11.166027241037739
-10.877512628577954
-11.921686993792662
-10.542164782668172
-12.480877842048564
-12.114361027800088
-11.545134792396293
-11.353428990276235
-11.316794193088706
-11.316794193088706
-11.208846400351979
-11.038517420733882
-10.75106102780009
-10.728715973410758
-8.63956224806851
-10.558386993792661
-10.388058014174566
-10.04971737166241
-9.953494193088705
-8.590194193088706
-9.639323178573704
-12.161752207263273
-12.891272035137268
-8.590194193088706
-12.812211613822589
-12.680094193088705
-11.208846400351979
-11.703966834711384
-11.379175379970073
-10.1238231727068
-10.75106102780009
-10.022490797029695
-9.573469408909714
-8.590194193088706
-12.742475379970074
-11.038517420733882
-12.866426137886487
-12.524755220888794
-11.776556441157215
-9.462930480014736
-11.50312613788649
-12.092015973410756
-9.573469408909714
-11.802875159235086
-11.830418435489246
-12.114361027800088
-12.092015973410756
-12.2697
-12.623663545412496
-9.30303478652939
-9.343883648959858
-8.99940542141389
-11.51957368627999
-12.213269352323792
-12.029634786529389
-11.117577842048563
-10.968781186881367
-11.938366228225975
-11.715463772014388
-10.774282579266117
-12.891272035137268
-12.891272035137268
-11.208846400351979
-13.477661027800089
-11.955528985484998
-12.742475379970074
-10.968781186881367
-11.649610002350398
-11.938366228225975
-12.812211613822589
-12.812211613822589
-12.680094193088705
-11.208846400351979
-12.2697
-13.633
-10.363888386177411
-12.742475379970074
-13.09048838617741
-9.552048386962605
-7.781367297919716
-12.480877842048564
-11.991423227645177
-11.90546478266817
-11.90546478266817
-11.84468596122269
-10.02918096614638
-10.75106102780009
-10.75106102780009
-10.686407002553057
-11.038517420733882
-8.590194193088706
-11.002623178573705
-9.410982579266117
-12.623663545412496
-11.562809945764474
-11.353428990276235
-11.076728979618094
-9.798155220888795
-12.623663545412496
-12.070483648959858
-11.859305806911294
-8.590194193088706
-9.793618235721201
-11.260363545412497
-11.776556441157215
-12.161752207263273
-11.874295814329479
-12.2697
-9.775810166499463
-9.690207428152068
-6.592437751709077
-9.422944070274538
-7.93973478652939
-10.185327862511473
-11.092731944797784
-9.830926554663375
-10.59747634923081
-10.377059425445474
-10.821081980901745
-9.807334841467766
-10.241320747752079
-8.97282984954379
-10.968781186881367
-9.983863601998419
-11.649610002350398
-12.480877842048564
-12.070483648959858
-11.545134792396293
-12.010220795884441
-12.812211613822589
-12.070483648959858
-11.739149877185833
-11.649610002350398
-10.774282579266117
-8.242181186881368
-9.365415973410759
-7.661458014174567
-12.365923178573704
-11.609454029018526
-12.480877842048564
-12.365923178573704
-8.8452494139775
-9.211766228225974
-9.573469408909714
-10.109010814037415
-9.418130436709802
-7.851859209816332
-11.90546478266817
-12.2697
-12.114361027800088
-11.316794193088706
-12.680094193088705
-11.406092454508348
-12.161752207263273
-11.161455220888794
-10.774282579266117
-11.703966834711384
-11.420024242400542
-12.213269352323792
-11.751358014174567
-11.703966834711384
-13.166175159235085
-11.590353222018637
-11.260363545412497
-11.553906414566669
-12.812211613822589
-12.186950634245921
-11.117577842048563
-12.213269352323792
-12.812211613822589
-11.076728979618094
-11.002623178573705
-10.968781186881367
-10.968781186881367
-10.9064
-10.9064
-10.877512628577954
-10.82365063424592
-10.147992800703957
-10.056724242400541
-9.953494193088705
-9.628965940693218
-9.264823227645177
-12.78332424240054
-7.580857738501202
-9.713428979618095
-9.953494193088705
-12.480877842048564
-11.69268890006195
-10.82365063424592
-10.286310002350397
-9.274147415107343
-11.681621780322052
-12.365923178573704
-12.092015973410756
-10.375849877185832
-10.318321780322053
-10.164672035137269
-8.752681022732302
-6.948617420733883
-11.955528985484998
-8.863753222018637
-10.131770589579466
-8.210169408909714
-7.865628985484999
-9.435152207263272
-11.41301737166241
-12.812211613822589
-11.97320413885318
-11.69268890006195
-10.774282579266117
-6.733750634245921
-12.010220795884441
-11.249695262782446
-10.001576528416292
-8.323124196959197
-10.599235856223132
-8.482246400351977
-12.092015973410756
-11.203932897736289
-10.254954625407372
-8.8380068323248
-10.635570793355036
-9.789115752675771
-9.750063776805627
-13.433783648959858
-13.193718435489247
-11.52797203513727
-10.255940593440684
-12.092015973410756
-11.751358014174567
-12.480877842048564
-10.936769408909713
-11.5718494139775
-9.675217420733883
-9.195086993792662
-12.524755220888794
-11.776556441157215
-6.878881186881368
-12.213269352323792
-7.726586647597055
-11.34716360199842
-11.921686993792662
-11.670757738501202
-12.092015973410756
-10.32938890006195
-12.440028979618095
-12.04970700255306
-9.639323178573704
-12.623663545412496
-14.043394193088705
-12.010220795884441
-12.114361027800088
-9.163075215821008
-10.774282579266117
-11.97320413885318
-8.1798
-9.452677865953934
-6.8165
-11.938366228225975
-11.670757738501202
-10.58358542077531
-11.639312809464354
-11.117577842048563
-9.965455684097126
-9.754277842048563
-10.093059179532446
-6.986828979618095
-9.30303478652939
-11.260363545412497
-9.754277842048563
-7.4640064145666685
-9.211766228225974
-8.760523172706801
-9.228928985484998
-7.226894193088706
-10.9064
-11.955528985484998
-9.387761027800089
-10.496005806911294
-11.260363545412497
-9.713428979618095
-9.514212628577953
-8.854429034556471
-10.686407002553057
-9.754277842048563
-8.827306414566667
-7.7997752158210085
-6.708552207263272
-8.390977842048564
-11.161455220888794
-11.955528985484998
-11.609454029018526
-7.9015232276451774
-10.100601621240774
-11.599826602795735
-12.480877842048564
-12.213269352323792
-11.50312613788649
-12.240812628577952
-12.213269352323792
-11.399247595993742
-12.114361027800088
-11.619240593440683
-11.316794193088706
-12.742475379970074
-8.602155684097127
-7.170463545412497
-7.831786993792662
-9.845546400351978
-8.86782713947149
-7.366459179532446
-7.539291645616971
-9.147695814329479
-9.211766228225974
-7.4296736862799895
-6.9092505957910815
-7.226894193088706
-11.84468596122269
-8.097050634245921
-10.82365063424592
-8.669254614403386
-8.818534792396292
-8.977366834711383
-11.62919164561697
-12.070483648959858
-12.440028979618095
-11.553906414566669
-10.774282579266117
-12.213269352323792
-12.186950634245921
-11.44155656685144
-11.921686993792662
-10.652678445800657
-8.293698331941886
-13.935446400351978
-11.399247595993742
-11.955528985484998
-10.276012809464353
-12.240812628577952
-12.401817420733883
-12.332081186881368
-12.300069408909714
-12.213269352323792
-9.323107002553058
-8.74494138746106
-9.845546400351978
-9.195086993792662
-9.06296957305878
-12.401817420733883
-9.595694622459211
-12.572146400351977
-9.037223183364942
-11.703966834711384
-10.60990413885318
-12.623663545412496
-11.97320413885318
-12.070483648959858
-11.955528985484998
-13.09048838617741
-11.802875159235086
-11.316794193088706
-6.39148596122269
-9.410982579266117
-10.363888386177411
-8.707691768133984
-11.69268890006195
-12.812211613822589
-12.04970700255306
-12.161752207263273
-11.670757738501202
-9.514212628577953
-6.8165
-7.637288386177411
-9.514212628577953
-11.223836407770163
-8.029033047949033
-9.492076455357548
-9.460350634245922
-12.982540593440683
-12.161752207263273
-8.944157738501202
-12.010220795884441
-11.161455220888794
-10.75106102780009
-7.226894193088706
-8.914757970969998
-9.410982579266117
-8.276023178573704
-11.69268890006195
-10.056724242400541
-12.04970700255306
-9.737598607615253
-8.185750539205161
-9.947602864210829
-10.575066228225975
-9.798155220888795
-13.986963545412497
-10.849969352323791
-10.877512628577954
-11.859305806911294
-11.260363545412497
-6.9200825790437035
-6.7820005138845385
-12.010220795884441
-10.900508671122124
-7.72521133067858
-8.286564827973205
-8.902591645616969
-9.178864782668171
-8.988863772014389
-9.163075215821008
-12.04970700255306
-11.955528985484998
-11.434291768133985
-10.575066228225975
-12.010220795884441
-12.742475379970074
-10.213121434126444
-11.859305806911294
-10.774282579266117
-9.369818028389258
-6.919730049311836
-11.830418435489246
-9.28362079588444
-9.435152207263272
-8.13698084068576
-9.514212628577953
-10.022490797029695
-9.323107002553058
-11.260363545412497
-10.439575159235085
-11.208846400351979
-9.845546400351978
-11.372633062937359
-8.707691768133984
-8.707691768133984
-9.06296957305878
-7.831786993792662
-8.933489455871152
-10.731572312365362
-8.652575379970074
-11.042229493502635
-9.608779655953818
-10.60990413885318
-11.78956957305878
-9.343883648959858
-11.739149877185833
-10.38192248085224
-9.953494193088705
-8.614363821085862
-8.590194193088706
-8.311917420733883
-7.831786993792662
-7.634479158876101
-8.7251157920004
-7.770810686943716
-8.316128684206275
-8.588786731975965
-8.043467842166917
-7.9532239204421415
-10.236526602795736
-7.907141192619206
-7.498149561913176
-9.679451045876416
-7.634479158876101
-9.134098817458387
-8.861445817325126
-9.406781951308531
-7.770810686943716
-8.7251157920004
-11.448911613822588
-7.7997752158210085
-8.316128684206275
-10.224801988632713
-8.043467842166917
-8.588786731975965
-10.770034922143951
-9.953494193088705
-7.498149561913176
-8.043467842166917
-7.498149561913176
-7.770810686943716
-9.679451045876416
-9.134098817458387
-8.043467842166917
-9.543099999999999
-8.588786731975965
-11.588101988632712
-9.573469408909714
-10.0884306642996
-8.997776801796418
-8.588786731975965
-10.497487844398961
-7.770810686943716
-7.089160323251182
-8.588786731975965
-10.361053231515669
-7.225490275993837
-7.498149561913176
-7.770810686943716
-9.406781951308531
-9.952074918736264
-7.498149561913176
-9.815719974542471
-8.588786731975965
-7.361820253650936
-9.134098817458387
-9.134098817458387
-7.498149561913176
-9.27043745689118
-8.997776801796418
-8.316128684206275
-11.315374918736264
-7.498149561913176
-9.27043745689118
-8.588786731975965
-7.361820253650936
-8.452457508135764
-7.9015232276451774
-8.588786731975965
-8.7251157920004
-11.4517306642996
-9.952074918736264
-9.543099999999999
-7.498149561913176
-7.634479158876101
-7.907141192619206
-9.543099999999999
-7.498149561913176
-7.225490275993837
-9.543099999999999
-9.952074918736264
-10.0884306642996
-7.634479158876101
-7.361820253650936
-8.588786731975965
-8.1798
-8.861445817325126
-8.316128684206275
-8.861445817325126
-8.1798
-8.043467842166917
-8.043467842166917
-11.042751045876416
-8.7251157920004
-7.361820253650936
-10.633700100907244
-9.134098817458387
-10.439575159235085
-7.634479158876101
-7.498149561913176
-9.952074918736264
-7.907141192619206
-8.588786731975965
-8.7251157920004
-7.498149561913176
-10.0884306642996
-7.089160323251182
-9.406781951308531
-9.27043745689118
-10.340666834711383
-9.543099999999999
-8.043467842166917
-10.224801988632713
-8.316128684206275
-9.134098817458387
-8.997776801796418
-10.75106102780009
-7.361820253650936
-7.225490275993837
-8.1798
-7.770810686943716
-9.27043745689118
-8.533763545412496
-7.712975159235086
-7.089160323251182
-8.707691768133984
-8.1798
-9.61209660394099
-7.089160323251182
-9.543099999999999
-8.1798
-8.7251157920004
-8.588786731975965
-7.634479158876101
-10.798452207263272
-9.762797034597899
-10.361053231515669
-8.32403364116518
-8.861445817325126
-10.9064
-8.588786731975965
-7.361820253650936
-7.089160323251182
-8.452457508135764
-7.634479158876101
-8.997776801796418
-7.498149561913176
-7.225490275993837
-11.179019974542472
-7.907141192619206
-8.588786731975965
-8.316128684206275
-8.452457508135764
-9.952074918736264
-9.27043745689118
-10.361053231515669
-9.815719974542471
-7.907141192619206
-8.043467842166917
-8.588786731975965
-8.452457508135764
-7.089160323251182
-7.634479158876101
-7.770810686943716
-7.361820253650936
