-9.178864782668171
-6.262263772014388
-8.74494138746106
-8.596144732293865
-7.679756523273221
-8.311917420733883
-8.024461027800088
-6.406105806911294
-7.078466900599121
-8.142514279720674
-11.002623178573705
-9.42251455086679
-8.788081366788756
-8.20249502670207
-9.42501468080526
-7.302580966146381
-7.071555220888794
-6.401681823684531
-6.327433903391394
-8.00873139047038
-6.058092800703958
-6.15334932817775
-7.1189464003519785
-7.364962153027749
-6.956439835248398
-7.680255582413832
-6.684382579266117
-5.875555684097127
-7.984827922813592
-7.472909945764476
-6.849993815459322
-9.359068353414713
-6.689138216618325
-6.8076848446016225
-5.93928096614638
-10.515567834478423
-9.144020693730528
-10.272165850227278
-5.996452168849942
-7.60278890006195
-6.431819304537282
-6.878881186881368
-7.263528990276237
-9.897063545412497
-7.817167148104058
-9.435152207263272
-7.5195540290185265
-6.091934792396293
-6.990789353362252
-6.249629324914464
-9.605481186881368
-7.726586647597055
-8.652575379970074
-6.251913301699154
-7.299701389632737
-6.141870965443528
-6.436475215821008
-6.137153222018637
-8.923010002350397
-6.486266124166737
-7.405170589579465
-7.044840599307587
-6.199534408900006
-6.733750634245921
-6.191064319927166
-6.8165
-7.438072035137269
-8.80137203513727
-6.401681823684531
-7.532657610832779
-6.010701621240773
-7.509926602795735
-6.661161027800089
-6.293244511558878
-6.602663803271254
-9.211471518179561
-8.882854029018526
-6.091064735418006
-7.198006821666659
-7.62003864311968
-5.92729256331017
-7.571069007191684
-6.100706414566668
-8.242181186881368
-6.641012909761423
-6.826914194024465
-5.886531617379554
-8.80137203513727
-8.150912628577952
-6.4554738618910985
-6.576434786529389
-7.002831944797782
-9.605481186881368
-8.44867858030945
-7.232844732293866
-8.590194193088706
-6.323356441157215
-6.475102410852285
-6.284501673445835
-6.250766834711383
-7.381641387461061
-6.471785462865111
-6.3195076280339295
-6.768198637933004
-8.600912165172643
-7.320337677978385
-8.115350173295148
-8.824661256032158
-6.948617420733883
-6.3613620971817
-6.305605579884426
-7.75478596122269
-6.010701621240773
-6.395834134991962
-6.3632866475970555
-10.540566742110514
-7.529340593440684
-6.31124628332074
-7.2192468362290345
-6.35930699734963
-6.023748490494817
-7.034911314945682
-6.3144144898129255
-6.186112809464354
-6.457084947693832
-6.923264827973205
-7.529340593440684
-7.144144827334626
-10.64692079588444
-6.201626544176465
-6.670260765518615
-6.596507002553058
-8.825541663134425
-7.455234792396293
-7.170463545412497
-12.328800991969548
-5.929273849042523
-8.58570637594211
-9.246604138853183
-8.74043224482281
-9.998832583326635
-6.963607428152068
-8.880810559756396
-8.482246400351977
-10.288391107013872
-7.0234637768056265
-7.472909945764476
-7.796667210431173
-6.062218766301291
-6.549430003870491
-12.186950634245921
-10.400523183364943
-7.498576600266331
-8.104824141977321
-6.401681823684531
-6.401681823684531
-7.099532409707031
-6.848117193707014
-5.995711613822588
-6.971247194372355
-8.731260000785195
-8.370201195641764
-6.502328985484999
-7.60278890006195
-6.869094622459211
-7.027677842048563
-6.275173719240337
-6.217557738501203
-6.986828979618095
-9.897063545412497
-11.553906414566669
-7.077045897028367
-6.684240515678527
-6.406105806911294
-5.900228990276236
-6.427199720629702
-6.0630474209742475
-7.1189464003519785
-7.181327587233347
-7.637288386177411
-8.818534792396292
-9.00058838617741
-8.672647595993743
-6.0672081806636315
-8.276023178573704
-6.127829034556472
-9.48666935232379
-6.728624423286942
-9.460350634245922
-7.9015232276451774
-6.882179655953817
-6.846869408909714
-9.280800208195496
-6.308109066350854
-6.445898337808791
-8.142514279720674
-6.004660000785195
-7.4640064145666685
-8.311917420733883
-7.109159835929821
-6.39148596122269
-6.164070296556914
-6.733750634245921
-6.5863858387056755
-6.71850325943956
-6.625802841509193
-6.401681823684531
-7.779858829161886
-8.229168054979803
-6.733750634245921
-8.944157738501202
-11.972747794822027
-7.625563772014388
-6.405218361828067
-11.076728979618094
-11.921686993792662
-11.69268890006195
-9.012549877185833
-6.570543457651513
-9.037223183364942
-9.163075215821008
-11.816486647597054
-6.63010885079567
-6.104251776460833
-11.911847395183049
-7.364962153027749
-7.203672641622678
-9.119531807282296
-10.227053222018636
-8.590194193088706
-7.071555220888794
-7.002831944797782
-9.65663960810954
-7.865628985484999
-6.553213235063363
-7.531317468957305
-9.435152207263272
-11.117577842048563
-7.438072035137269
-7.980583648959858
-10.190606414566668
-6.401681823684531
-6.401681823684531
-6.401681823684531
-6.986828979618095
-7.726586647597055
-11.639312809464354
-6.683956439617619
-10.32938890006195
-6.26420820044277
-7.091470409019439
-9.605481186881368
-8.1798
-7.289275379970073
-6.189183207013496
-6.878881186881368
-6.014509182061852
-7.099532409707031
-6.323742702125909
-6.3416559802064425
-5.920084051092197
-7.563879552449736
-9.30303478652939
-6.145672414567974
-9.178864782668171
-7.094776772354822
-7.198006821666659
-6.78479992178136
-6.509335856223131
-6.746763766147485
-6.825448386962605
-6.514645969549539
-8.035957965103094
-8.590194193088706
-6.661161027800089
-7.3893810227323025
-6.452264782668172
-6.39148596122269
-8.1798
-6.147582331279579
-5.994898071712331
-6.631199168904396
-8.47733289773629
-5.9710685162542765
-6.178005509394106
-6.375006443875867
-8.191761491008421
-6.8165
-7.053612221477963
-7.853563020106307
-6.787612628577953
-8.608228287763533
-10.265891645616971
-10.467118435489247
-6.590413566259948
-7.133936407770163
-6.509335856223131
-6.254192535688734
-8.311917420733883
-6.551318597711632
-6.342984990118401
-7.848466228225974
-6.438035358139232
-7.699669573058779
-9.024758014174568
-8.854429034556471
-6.184074688115513
-7.251063821085861
-8.091924423286942
-7.374001621240772
-7.1189464003519785
-6.878881186881368
-8.590194193088706
-6.166040593440684
-7.128897452528265
-5.906561389325126
-6.895560421314681
-7.165105376108855
-7.848466228225974
-6.250766834711383
-6.186112809464354
-8.848904201306008
-8.434855220888794
-6.335055313546482
-6.091934792396293
-10.296789455871153
-6.452264782668172
-7.509926602795735
-8.002115973410758
-6.401698229212106
-7.170463545412497
-6.502328985484999
-9.605481186881368
-9.965455684097126
-6.259946455290356
-6.452745037122389
-7.539291645616971
-7.920320795884441
-5.996674516101917
-6.590413566259948
-10.558386993792661
-6.3846962272541745
-7.637288386177411
-6.381462709342982
-8.146250534846871
-8.80137203513727
-8.590194193088706
-9.28362079588444
-6.493685420775311
-9.996461389325127
-6.935805434975642
-9.717389353362252
-7.071555220888794
-7.170463545412497
-6.273988386177411
-6.3716063207958324
-6.118649413977501
-7.539291645616971
-7.769405806911294
-5.886531617379554
-6.100706414566668
-6.162989421584255
-7.570189455871152
-6.36743187106709
-6.810608671122123
-8.722311613822589
-8.150912628577952
-6.346990013285088
-7.740518435489247
-6.401681823684531
-6.191239020423332
-6.608885300102578
-5.932590797029695
-7.071555220888794
-8.603225127869932
-7.649249877185833
-7.0234637768056265
-7.1239010206222675
-9.049956441157216
-6.457084947693832
-6.407587844398962
-9.54908074550421
-9.71107010790565
-6.580395160273547
-7.214009786846346
-8.44867858030945
-8.608228287763533
-8.071852207263273
-9.635850595791082
-6.944928476294485
-6.219714657706965
-10.222372773398154
-9.675217420733883
-7.920320795884441
-8.276023178573704
-8.602155684097127
-8.873226602795736
-6.869094622459211
-8.071852207263273
-8.370201195641764
-8.150912628577952
-7.648042794877462
-8.555694706973243
-6.959824196959197
-8.115350173295148
-6.407587844398962
-7.497640515222046
-8.955021780322053
-6.206889455871152
-7.154532351087759
-6.13809376815317
-6.6388159734107575
-8.156578448533972
-6.276361430104383
-6.049926137886488
-6.32593628692603
-7.60278890006195
-6.538223227645177
-8.458076772354822
-6.497127719234396
-8.923010002350397
-7.539291645616971
-7.951511389325127
-6.416558829161886
-7.295890797029696
-7.040503043884376
-6.112307324767856
-8.544627587233347
-10.122246411010119
-12.223221107340729
-6.068880706259393
-6.127829034556472
-6.6068041954391035
-9.318219490984246
-6.206889455871152
-7.75478596122269
-7.970104195439103
-7.186282207503637
-7.45003352614569
-6.852819948114874
-6.921494800744079
-7.650459425445473
-8.988863772014389
-7.251063821085861
-7.580857738501202
-7.529340593440684
-8.311917420733883
-6.1817394892819175
-7.289275379970073
-6.480952162983038
-9.845546400351978
-9.897063545412497
-8.210169408909714
-6.8076848446016225
-7.823620330975194
-8.395222115902298
-7.231053282614952
-6.765476455357548
-7.426347420974247
-7.9338434576515136
-6.576434786529389
-6.998790470626516
-5.8791917671760885
-6.288371449752409
-5.863594193088706
-6.120473987585326
-6.817685333062927
-6.483983263462453
-7.257263601998419
-9.021069069735168
-7.581935215899895
-7.011821503741016
-7.027255083253609
-7.838402410852285
-7.673923183364942
-7.503279354674189
-6.116830445827378
-7.410797944460455
-6.015273641389718
-7.8569854207753105
-7.525406534666516
-7.2210028642108295
-12.765732721163317
-6.545670793355036
-9.037223183364942
-9.012549877185833
-7.387048490494816
-6.13809376815317
-9.178864782668171
-7.740518435489247
-7.726586647597055
-7.976369583716921
-8.330714988973147
-7.361236063529385
-6.3716063207958324
-7.289275379970073
-6.292022480852239
-6.568592636554891
-7.7419298155787555
-6.392931807282296
-6.798999011559439
-6.853134797187531
-9.089886647597055
-6.967414988973147
-7.351701690978286
-6.787612628577953
-8.605791767176088
-7.352387973574694
-6.536375882411143
-7.472909945764476
-8.854429034556471
-8.863753222018637
-8.507444827334627
-7.9338434576515136
-6.706090358946388
-7.846777001210848
-8.358076396490759
-7.381641387461061
-7.793575434908451
-7.712975159235086
-7.84509257996897
-6.576434786529389
-9.48666935232379
-6.375529208474121
-7.590626361568919
-8.390977842048564
-8.79297368627999
-8.533763545412496
-8.707691768133984
-6.446531910546808
-9.365415973410759
-8.467626554663374
-9.012549877185833
-8.776526137886488
-7.043535992829295
-7.348739941903257
-6.738921616172987
-6.617283648959858
