-10.388058014174566
-12.114361027800088
-11.042724218312898
-12.037280594626338
-12.931324011712425
-10.9064
-12.186950634245921
-10.286310002350397
-9.573469408909714
-10.439575159235085
-10.400523183364943
-8.071852207263273
-11.512093364388718
-11.382852903455646
-7.580857738501202
-10.164672035137269
-13.176520549811436
-10.526375215821009
-9.543099999999999
-8.047682579266116
-10.82365063424592
-12.680094193088705
-13.3335288692506
-10.632803871274197
-7.472909945764476
-12.572146400351977
-8.722311613822589
-11.222805620823964
-9.645105392406489
-11.670757738501202
-8.350128979618095
-10.9064
-10.66633478652939
-10.526375215821009
-9.535790077155697
-8.967207075403136
-7.505170965443528
-9.158419304537281
-10.093059179532446
-9.68266498644374
-10.227053222018636
-11.619240593440683
-12.137582579266116
-10.164672035137269
-12.524755220888794
-13.851373833430133
-12.572146400351977
-11.18943240970703
-8.819406129812096
-9.102410411835939
-9.745879493191284
-12.092015973410756
-11.739149877185833
-11.859305806911294
-12.742475379970074
-12.895388409702031
-12.657310890161025
-9.465521616172987
-11.208846400351979
-10.363888386177411
-9.30303478652939
-12.137582579266116
-12.538226549315743
-8.720833276806905
-10.947796886472204
-10.307457738501203
-9.543099999999999
-10.015875379970073
-11.324850735754424
-9.543099999999999
-12.137582579266116
-12.572146400351977
-11.921686993792662
-12.186950634245921
-12.524755220888794
-11.366162248068509
-13.09048838617741
-9.953494193088705
-8.590194193088706
-9.589258975756877
-8.590194193088706
-9.514212628577953
-6.837593913718408
-12.982540593440683
-12.982540593440683
-11.536491227686605
-10.947626701452519
-10.64692079588444
-13.032139478496417
-8.590194193088706
-12.731709217744623
-12.52005071744163
-11.570102878919911
-11.590353222018637
-9.410982579266117
-9.132705806911295
-10.686407002553057
-12.891272035137268
-12.161752207263273
-7.351656566851442
-9.30303478652939
-9.28362079588444
-9.211766228225974
-7.337215029752404
-12.2697
-11.505860779793533
-9.34600198276581
-11.715463772014388
-9.68266498644374
-12.652168138175513
-11.117577842048563
-10.255940593440684
-7.680255582413832
-7.60278890006195
-8.892640593440683
-8.760523172706801
-8.830851776460833
-12.982540593440683
-11.921686993792662
-8.1798
-9.845546400351978
-11.117577842048563
-7.7843958143294785
-11.002623178573705
-12.029634786529389
-11.208846400351979
-10.496005806911294
-11.921686993792662
-11.859305806911294
-11.379175379970073
-11.135317357040039
-9.410982579266117
-13.623734112175073
-9.076275159235085
-12.064502903455647
-12.862507986705378
-10.915348386962606
-10.877512628577954
-11.208846400351979
-10.2085494139775
-10.115981022732303
-11.50530063424592
-12.064502903455647
-12.213269352323792
-11.208846400351979
-11.456359179532447
-12.300069408909714
-12.524755220888794
-7.5342952137109735
-12.708013628013031
-10.439575159235085
-10.70869790716474
-8.242181186881368
-12.029634786529389
-13.39293478652939
-12.524755220888794
-13.196077307201692
-10.287388221109886
-10.32938890006195
-11.448911613822588
-11.52797203513727
-12.391309195744448
-8.760523172706801
-8.482246400351977
-12.680094193088705
-12.365923178573704
-7.7843958143294785
-8.434855220888794
-11.316794193088706
-11.208846400351979
-10.683108867598579
-11.639312809464354
-12.742475379970074
-11.619240593440683
-13.411252185123153
-8.304562373762737
-12.564235387283723
-9.897063545412497
-10.82365063424592
-10.496005806911294
-7.455234792396293
-9.00058838617741
-9.996461389325127
-9.855497452528265
-9.473363766147484
-12.2697
-12.524755220888794
-8.892640593440683
-10.340666834711383
-8.311917420733883
-11.161455220888794
-10.686407002553057
-11.816486647597054
-12.029634786529389
-12.982540593440683
-10.64692079588444
-8.482246400351977
-10.426269573058779
-9.573469408909714
-7.7843958143294785
-12.137582579266116
-12.742475379970074
-12.742475379970074
-8.533763545412496
-9.897063545412497
-9.132705806911295
-9.00058838617741
-12.2697
-10.363888386177411
-11.619240593440683
-12.401817420733883
-13.168937542859318
-8.96608890006195
-11.52797203513727
-12.092015973410756
-10.860833394144642
-6.538223227645177
-9.793618235721201
-9.195086993792662
-10.236526602795736
-10.968781186881367
-10.426269573058779
-9.435152207263272
-10.439575159235085
-10.265891645616971
-10.296789455871153
-8.63956224806851
-11.739149877185833
-9.953494193088705
-13.222605806911293
-13.319855110718919
-12.982540593440683
-12.365923178573704
-12.753647907164739
-13.28407470698875
-13.895146262515297
-8.047682579266116
-10.526375215821009
-8.1798
-7.170463545412497
-12.092015973410756
-12.092015973410756
-13.838197096544352
-11.97320413885318
-12.623663545412496
-7.330124242400542
-9.195086993792662
-12.953653222018637
-11.90546478266817
-7.848466228225974
-11.260363545412497
-11.727188386177412
-9.211766228225974
-13.155321255382495
-9.748297096544352
-9.255643607066206
-11.055166448868142
-9.953494193088705
-11.727188386177412
-10.628123227645178
-7.244928287763534
-9.454257986705379
-8.533763545412496
-7.661458014174567
-12.480877842048564
-12.572146400351977
-12.440028979618095
-12.480877842048564
-12.401817420733883
-7.625563772014388
-9.543099999999999
-8.25886042131468
-11.260363545412497
-10.2085494139775
-10.015875379970073
-8.25886042131468
-7.094776772354822
-6.878881186881368
-9.06296957305878
-8.760523172706801
-10.255940593440684
-13.222605806911293
-12.982540593440683
-12.04970700255306
-12.572146400351977
-10.936769408909713
-12.524755220888794
-10.9064
-13.633
-11.52797203513727
-11.639312809464354
-7.769405806911294
-13.55025063424592
-13.935446400351978
-11.798021987698629
-10.02918096614638
-8.827306414566667
-9.163075215821008
-12.982540593440683
-9.44259977297313
-9.701704365455074
-13.633
-12.982540593440683
-12.036287579617543
-13.79171820388508
-11.90546478266817
-13.39293478652939
-7.60278890006195
-9.435152207263272
-7.381641387461061
-7.686656441157215
-9.06296957305878
-8.714956566851443
-7.865628985484999
-11.991423227645177
-10.265891645616971
-7.27626224806851
-8.873226602795736
-13.803328979618096
-8.1798
-12.891272035137268
-12.137582579266116
-8.892640593440683
-8.350128979618095
-10.019552903455647
-10.994478280489254
-9.543099999999999
-9.953494193088705
-12.572146400351977
-7.491129034556471
-10.190606414566668
-7.93973478652939
-12.2697
-11.208846400351979
-9.953494193088705
-8.722311613822589
-9.350261523923143
-10.439575159235085
-7.006901195641763
-7.614066834711383
-11.448911613822588
-13.10257320017599
-13.227267900642376
-8.024461027800088
-8.013183093150655
-7.7997752158210085
-12.480877842048564
-13.633
-12.2697
-10.991564489809047
-11.217186017568634
-12.332081186881368
-12.2697
-13.17173180099921
-8.434855220888794
-8.084317376453647
-12.2697
-12.926517991085577
-13.79171820388508
-12.240812628577952
-12.213269352323792
-12.524755220888794
-11.479281022732302
-12.680094193088705
-12.300069408909714
-11.52797203513727
-8.892640593440683
-9.30303478652939
-10.318321780322053
-9.460350634245922
-13.222605806911293
-11.955528985484998
-9.440106827533562
-11.379175379970073
-11.874295814329479
-12.186950634245921
-10.15627368627999
-9.573469408909714
-13.718164489809048
-11.859305806911294
-7.848466228225974
-10.728715973410758
-10.439575159235085
-10.707183648959857
-10.774282579266117
-9.158419304537281
-9.639323178573704
-12.300069408909714
-11.991423227645177
-11.161455220888794
-12.401817420733883
-12.114361027800088
-6.912723178573704
-9.750063776805627
-12.186950634245921
-11.84468596122269
-9.00058838617741
-10.64692079588444
-10.100601621240774
-12.008841057568935
-11.921686993792662
-8.311917420733883
-10.375849877185832
-12.401817420733883
-12.114361027800088
-8.071852207263273
-9.505814279720674
-8.3994970345979
-12.480877842048564
-12.029634786529389
-11.334828287763534
-8.097050634245921
-8.487201020622267
-11.379175379970073
-10.686407002553057
-12.423400510311133
-6.273988386177411
-9.413355623193087
-12.401817420733883
-12.891272035137268
-7.980583648959858
-9.605481186881368
-10.363888386177411
-12.680094193088705
-9.821376772354823
-9.875915809261691
-8.123369352323792
-10.467118435489247
-9.427797160292126
-9.387761027800089
-11.266532171978795
-12.891272035137268
-9.193444624730722
-7.1189464003519785
-9.9252788692506
-10.48138596122269
-12.812211613822589
-13.204658685831205
-13.39293478652939
-13.004378090983693
-10.968781186881367
-8.590194193088706
-8.047682579266116
-9.953494193088705
-8.047682579266116
-13.633
-9.51139992178136
-11.456359179532447
-9.246604138853183
-8.737301621240773
-8.784692800703956
-7.5342952137109735
-10.686407002553057
-10.686407002553057
-10.510995814329478
-10.070991768133984
-7.170463545412497
-9.953494193088705
-9.953494193088705
-12.623663545412496
-9.022296165857682
-8.760523172706801
-6.520004138853181
-10.66633478652939
-11.4871231727068
-11.161455220888794
-7.226894193088706
-10.375849877185832
-7.848466228225974
-8.652575379970074
-10.877512628577954
-7.289275379970073
-12.161752207263273
-11.117577842048563
-12.029634786529389
-7.337215029752404
-9.754277842048563
-9.06296957305878
-7.337215029752404
-7.815564782668171
-11.260363545412497
-9.11808596122269
-8.434855220888794
-12.2697
-13.09048838617741
-12.574209383150645
-12.401817420733883
-11.991423227645177
-11.038517420733882
-11.649610002350398
-10.877512628577954
-10.798452207263272
-11.161455220888794
-7.32311737166241
-10.724346406218881
-7.3893810227323025
-9.410982579266117
-12.050059217744623
-12.332081186881368
-9.460350634245922
-11.448911613822588
-9.28362079588444
-10.227053222018636
-9.642816248688884
-9.543099999999999
-10.575066228225975
-10.078256566851442
-11.670757738501202
-8.533763545412496
-12.300069408909714
-12.623663545412496
-9.543099999999999
-10.210306314288976
-10.558386993792661
-9.865618616375647
-8.652575379970074
-7.0234637768056265
-12.680094193088705
-9.992021608831397
-10.085611613822588
-12.2697
-10.439575159235085
-10.352163772014388
-11.322744732293865
-10.48138596122269
-11.117577842048563
-9.132705806911295
-10.363888386177411
-8.115350173295148
-8.930326098387866
-8.590194193088706
-7.980583648959858
-9.821376772354823
-10.307457738501203
-12.572146400351977
-7.7997752158210085
-11.045538386177412
-10.296789455871153
-9.00058838617741
-10.426269573058779
-10.48138596122269
-7.661458014174567
-11.619240593440683
-10.093059179532446
-12.572146400351977
-12.680094193088705
-12.029634786529389
-11.117577842048563
-12.029634786529389
-10.510995814329478
-7.409184663715222
-11.727188386177412
-12.213269352323792
-12.692055684097127
-11.727188386177412
-11.715463772014388
-9.754277842048563
-8.944157738501202
-9.543099999999999
-9.00058838617741
-8.071852207263273
-10.9064
-9.00058838617741
-10.0923485202324
-10.426269573058779
-10.82365063424592
-10.496005806911294
-7.815564782668171
-13.002612809464352
-12.332081186881368
-11.208846400351979
-11.208846400351979
-12.240812628577952
-8.700515029752404
-8.915783207013495
-12.680094193088705
-13.09048838617741
-12.891272035137268
-13.036514489809047
-9.494798637933005
-6.67034064837906
-10.9064
-7.2388556840971265
-8.123369352323792
-11.52797203513727
-9.543099999999999
-9.953494193088705
-11.366162248068509
-11.208846400351979
-10.04971737166241
-10.217729034556472
-11.260363545412497
-11.727188386177412
-12.213269352323792
-11.379175379970073
-10.849969352323791
-11.751358014174567
-11.802875159235086
-9.953494193088705
-11.379175379970073
-11.51957368627999
-10.9064
-10.022490797029695
-12.572146400351977
-6.948617420733883
-11.448911613822588
-11.316794193088706
-11.776556441157215
-10.363888386177411
-8.482246400351977
-8.311917420733883
-8.276023178573704
-12.2697
-12.186950634245921
-12.114361027800088
-11.619240593440683
-12.365923178573704
-12.440028979618095
-12.572146400351977
-10.022490797029695
-12.010220795884441
-13.222605806911293
-10.352163772014388
-11.076728979618094
-8.739583218157419
-9.639323178573704
-8.80137203513727
-9.30303478652939
-8.892640593440683
-12.332081186881368
-10.070991768133984
-9.163075215821008
-11.448911613822588
-7.289275379970073
-8.024461027800088
-10.286310002350397
-8.276023178573704
-12.742475379970074
-12.680094193088705
-9.00058838617741
-8.80137203513727
-11.379175379970073
-8.590194193088706
-11.117577842048563
-10.029403508424116
-7.337215029752404
-9.838878988521884
-9.718980950200208
-9.789115752675771
-8.217695870437822
-9.886395262782447
-7.979907379706233
-11.366162248068509
-9.789115752675771
-11.239215809261692
-11.092731944797784
-8.873226602795736
-8.454299575064464
-6.728624423286942
-10.255940593440684
-8.019924042632496
-7.205954238539324
-7.183524523584012
-6.947139083718199
-6.776441095881753
-9.82613240970703
-7.955737751709076
-11.448911613822588
-11.353428990276235
-8.585476449663815
-9.425365642841115
-11.588101988632712
-9.27043745689118
-9.27043745689118
-9.675217420733883
-9.392333047949034
-8.618075893854613
-8.539170648446254
-8.19661458102601
-8.187547425765484
-7.928010172366368
-7.8761706348845
-10.276012809464353
-10.199509945764476
-9.435152207263272
-11.860787844398962
-11.860787844398962
-7.775356346116455
-8.672647595993743
-8.233042051356067
-8.162299011559439
-9.679451045876416
-9.27043745689118
-7.359011613822588
-9.996461389325127
-11.002623178573705
-7.036197034597899
-8.156578448533972
-9.323107002553058
-11.014758724663482
-9.97766382108586
-8.642142093837325
-9.48131118302015
-8.717887630595825
-11.4517306642996
-8.47733289773629
-10.968781186881367
-11.042751045876416
-10.633700100907244
-9.045851927892974
-9.62419387609143
-7.182425036420919
-9.737598607615253
-12.332081186881368
-11.016720836663698
-8.178617035236478
-9.543099999999999
-9.406781951308531
-10.849969352323791
-9.396940648379061
-8.604577256663704
-10.251515664174507
-10.558386993792661
-7.908970793355036
-7.374001621240773
-8.977366834711383
-9.705586829643597
-8.912712809464354
-7.841738045968949
-7.4640064145666685
-9.845546400351978
-8.552352795934073
-9.97766382108586
-9.343883648959858
-10.164672035137269
-10.00286224806851
-10.296789455871153
-9.11808596122269
-9.159967210431173
-9.543099999999999
-10.296789455871153
-9.592468054979804
-10.20196669707232
-9.675217420733883
-9.54905053920516
-6.88085806239799
-8.288695869267857
-8.702229529986697
-10.883178448533972
-11.353428990276235
-11.52797203513727
-11.420024242400542
-10.565002410852285
-12.542319974542472
-11.179019974542472
-8.7251157920004
-10.361053231515669
-8.997776801796418
-10.224801988632713
-11.72435323151567
-10.497487844398961
-9.406781951308531
-8.725279407841942
-10.9064
-9.952074918736264
-10.361053231515669
-11.4517306642996
-10.497487844398961
-11.315374918736264
-11.4517306642996
-11.208846400351979
-11.434291768133985
-11.72435323151567
-11.293572641622678
-11.228918616375648
-11.776556441157215
-7.831786993792662
-9.00058838617741
-11.588101988632712
-8.047682579266116
-6.82665178913945
-8.336858480328354
-8.869419041974657
-8.609450318470172
-11.4517306642996
-9.198385462865112
-9.065606876605035
-8.843430445827378
-8.808177554515808
-8.139741095881753
-6.74940106969374
-10.633700100907244
-11.997000100907245
-7.75478596122269
-10.276012809464353
-9.503041095881754
-9.632398261419644
-8.735785426642215
-9.573469408909714
-10.770034922143951
-8.452457508135764
-10.224801988632713
-9.27043745689118
-10.9064
-9.343883648959858
-7.980583648959858
-11.72435323151567
-8.80306609542655
-9.44510325943956
-10.224801988632713
-13.22408784439896
-11.588101988632712
-12.13333492214395
-12.678674918736265
-10.9064
-8.452457508135764
-10.497487844398961
-11.860787844398962
-9.087139201055935
-8.80137203513727
-9.361046406218883
-11.997000100907245
-11.042751045876416
-11.4517306642996
-10.361053231515669
-11.315374918736264
-9.952074918736264
-9.134098817458387
-11.315374918736264
-12.542319974542472
-9.543099999999999
-10.224801988632713
-7.634479158876101
-8.452457508135764
-8.997776801796418
-11.042751045876416
-12.951401988632712
-9.406781951308531
-8.784692800703956
-10.770034922143951
-10.9064
-10.9064
-10.497487844398961
-8.11801118302015
-8.071852207263273
-7.862156402702376
-9.406781951308531
-10.361053231515669
-8.997776801796418
-9.952074918736264
-12.2697
-9.543099999999999
-10.0884306642996
-11.448911613822588
-9.54905053920516
-11.340963821085861
-10.770034922143951
-9.401125884459589
-10.181834792396293
-11.72435323151567
-10.224801988632713
-6.7235422146814585
-11.588101988632712
-11.042751045876416
-9.134098817458387
-7.225490275993837
-11.860787844398962
-8.48521419437133
-8.33608704873104
-8.245479655953817
-9.543099999999999
-10.496005806911294
-9.440106827533562
-8.22276719623642
-8.221495286687817
-7.9015232276451774
-12.406051045876415
-11.860787844398962
-9.48666935232379
-7.980583648959858
-7.549412809464354
-12.406051045876415
-10.164672035137269
-10.115981022732303
-8.325391233553509
-8.223404177112469
-10.413256441157214
-12.406051045876415
-11.588101988632712
-10.085611613822588
-7.1189464003519785
-9.250203381956574
-11.997000100907245
-11.997000100907245
-11.997000100907245
-8.997776801796418
-8.452457508135764
-10.0884306642996
-9.543099999999999
-10.770034922143951
-8.11270106969374
-6.798999011559439
-10.497487844398961
-9.406781951308531
-9.679451045876416
-10.497487844398961
