-8.999180925064671
-8.862851701224468
-9.408170994885122
-9.817176144397237
-8.181204880032421
-9.505688789665927
-7.578708648420489
-8.590194193088706
-10.08984523896512
-12.680094193088705
-8.999180925064671
-9.817176144397237
-8.862851701224468
-7.869122055600178
-8.72652287729498
-9.544493010547093
-9.918994706973244
-8.72652287729498
-8.72652287729498
-11.076825497158177
-8.316579514464966
-6.839375881370241
-8.25886042131468
-8.1798
-11.18943240970703
-10.496005806911294
-9.54905053920516
-8.24746759402903
-8.43759419416436
-7.81812559078494
-9.406781951308531
-7.991251931589908
-7.9508912826249825
-9.543099999999999
-7.8494820826367695
-6.406105806911294
-10.131770589579466
-8.085830986993832
-10.863034421633891
-10.501559310366316
-11.134740599307587
-11.353428990276235
-10.361053231515669
-11.406092454508348
-6.986671114354613
-8.610338105876243
-10.415836286926032
-11.307385639675203
-9.022296165857682
-7.678729618509397
-8.452457508135764
-7.226894193088706
-10.770034922143951
-9.643517342515244
-7.0436228772182075
-8.955021780322053
-9.182073861891098
-6.906556049682838
-8.353579086170823
-8.588786731975965
-8.1798
-8.585476449663815
-10.434216989931445
-11.991423227645177
-11.179019974542472
-9.053571381013407
-9.134098817458387
-9.178864782668171
-10.434216989931445
-9.679451045876416
-11.239215809261692
-10.04279245450835
-10.318321780322053
-8.935607789677105
-11.495070589579464
-11.562809945764474
-7.044840599307587
-10.354490194132039
-11.681621780322052
-11.420024242400542
-6.933997575045279
-7.529340593440684
-6.899634338767533
-7.920320795884441
-8.80137203513727
-9.00058838617741
-9.552048386962605
-8.01407746441918
-6.961485841203036
-8.22276719623642
-7.498149561913176
-9.952074918736264
-8.997776801796418
-8.923010002350397
-9.679451045876416
-10.75106102780009
-9.188642279364863
-12.213269352323792
-8.134233394144642
-8.487201020622267
-7.706551150458769
-9.47600106969374
-8.043467842166917
-11.316794193088706
-8.643436244444773
-9.235935856223131
-7.217496001043333
-11.859305806911294
-11.17995902892993
-5.726759028929933
-8.700515029752404
-9.420532361574669
-7.230100054528708
-7.320920332118087
-6.871168891862359
-7.265927330550959
-10.181729372875028
-8.220860355080397
-7.661746720465194
-7.516263109203077
-7.834754787812015
-10.388058014174566
-9.561134094674827
-7.460130881336677
-8.823782156142103
-11.727188386177412
-7.47088421721503
-9.415738216618324
-7.740518435489247
-9.537208671122123
-9.134098817458387
-9.109484255445267
-9.057729948888616
-8.462832409707032
-7.138508427919107
-7.035082583002178
-9.132705806911295
-12.029634786529389
-9.05253628692603
-10.75106102780009
-8.060611511122433
-11.282294706973245
-8.403803043884377
-8.390977842048564
-10.085611613822588
-6.99477639649076
-7.865628985484999
-9.166199622370616
-12.114361027800088
-7.491129034556471
-8.722311613822589
-8.11270106969374
-8.427612639236095
-7.772373600930647
-9.06296957305878
-8.635713434945224
-10.968781186881367
-10.67689420786111
-11.776556441157215
-9.144667297919716
-8.056751196438736
-8.183363142151142
-9.246604138853183
-11.039764322832298
-7.33692976177908
-8.1798
-7.712975159235086
-11.511292800703956
-7.208244661771623
-7.970104195439103
-11.495070589579464
-11.991423227645177
-10.361053231515669
-11.109179493191284
-12.161752207263273
-7.484516372290461
-7.089160323251182
-8.7251157920004
-9.425365642841115
-9.20839257996897
-11.161455220888794
-8.306759310113401
-10.292575390628215
-9.253824638916084
-9.076275159235085
-8.946314657706965
-8.25414267788979
-7.273693594724334
-10.192376441795794
-11.921686993792662
-9.567269627997156
-9.134098817458387
-11.366162248068509
-8.1798
-9.61209660394099
-7.6784756731196255
-8.082807625528037
-6.538223227645177
-8.234988596672713
-9.235935856223131
-6.7904387612335055
-10.224801988632713
-7.498149561913176
-7.473628046115911
-6.962469918355148
-7.113055071474102
-7.732676285514749
-10.32938890006195
-8.604577256663704
-9.52559901155944
-11.991423227645177
-12.300069408909714
-8.997776801796418
-9.543099999999999
-12.345386773057674
-12.365923178573704
-8.818534792396292
-9.215159209816331
-7.46861953809771
-7.263528990276237
-8.104824141977321
-11.751358014174567
-8.246141560625524
-9.024758014174568
-10.361053231515669
-7.555569610182548
-7.907141192619206
-7.907473766850337
-8.308228476294484
-8.1798
-7.94803835479871
-11.599826602795735
-8.512615809261693
-9.291310172366368
-9.235935856223131
-9.201702410852285
-7.98270198276581
-8.51678535936103
-11.448911613822588
-11.889675215821008
-11.921686993792662
-11.545134792396293
-8.582531616024728
-9.132705806911295
-11.143512221477962
-7.871227832569822
-9.435152207263272
-8.73249450061175
-12.498040599307588
-8.76657700603943
-7.958175944587167
-7.676448021592752
-8.493917052629136
