-8.813936787428986
-8.181204880032421
-8.044873351964807
-7.036032306582042
-9.73385341083333
-6.217557738501203
-6.206889455871152
-6.912723178573704
-9.567269627997156
-9.30898532573455
-10.628123227645178
-8.751290215649892
-8.179383896458797
-9.649864827973206
-10.236526602795735
-9.060343964910347
-9.935993204648144
-9.930272641622677
-10.216804641445702
-10.510995814329478
-7.681785489381832
-9.754277842048563
-9.203684848696968
-9.203684848696968
-10.57530798963883
-10.762557965103094
-8.482246400351977
-8.54189283102171
-8.350128979618095
-8.999884655621042
-10.556341816018552
-7.607612109019486
-9.473363766147484
-8.865635810781786
-8.87802074775208
-9.953494193088705
-10.798452207263272
-12.598375417093843
-11.194226554663373
-6.3407491826849025
-9.87075686479733
-7.404123385812257
-7.363224368046714
-8.317535385707911
-7.335958030152945
-10.015875379970073
-9.06296957305878
-11.72576911182497
-8.1798
-10.66633478652939
-7.2609521569157955
-7.744948737726429
-10.413256441157214
-9.959444732293866
-8.031240221678203
-6.948617420733883
-11.248638931249474
-7.824323929555256
-11.186200183249202
-7.587404715666989
-8.222102282655902
-7.226894193088706
-8.685623828413034
-9.902470648446252
-9.452677865953934
-10.217729034556472
-9.281713954728417
-8.937201528639903
-8.682321881229297
-9.468124141977322
-8.572118654707687
-8.943082218374066
-9.029712634444856
-9.543099999999999
-6.258871181919638
-10.15627368627999
-11.463901621240772
-9.72137639649076
-8.027200001075654
-7.7971323724301
-7.589314528682524
-9.953494193088705
-9.50028084068576
-9.62216042131468
-8.31117779082236
-7.699669573058779
-11.859305806911294
-9.041014489812925
-9.902470648446252
-10.849969352323791
-10.1238231727068
-10.04279245450835
-10.286401132667752
-9.241245969549539
-10.199509945764476
-8.366537613650362
-10.015875379970073
-8.87418233127958
-9.758522115902297
-9.483984206373794
-8.394370823638921
-7.001171602383872
-8.519406318343048
-7.745615227369581
-8.311917420733883
-7.399834044982894
-7.989102841509194
-6.054456160458427
-10.190606414566668
-9.14331412491355
-8.564012343936039
-9.485215429168035
-10.078256566851442
-10.085796694687378
-9.576593815459322
-8.722311613822589
-7.491129034556471
-8.590194193088706
-9.964248601788757
-8.062345820977512
-9.296303060809496
-12.401817420733883
-9.04738778781304
-9.783950283687728
-10.173191227686605
-10.58067512075854
-9.30898532573455
-9.262975882411142
-6.6388159734107575
-10.439575159235085
-8.575159024995921
-9.447617376453646
-8.047682579266116
-10.57530798963883
-10.798452207263272
-9.660597575045278
-11.619240593440683
-9.775810166499463
-9.109484255445267
-11.147947250958277
-8.85504400712088
-9.944858686958272
-8.856282161788144
-9.690207428152068
-8.570398342600027
-8.806468827017602
-9.999731026606797
-8.479453027245112
-10.877512628577954
-10.558386993792661
-9.971528287763533
-9.427797160292126
-7.556292091867291
-7.106077016216486
-8.809033771103461
-6.809730006107267
-11.276735288970459
-9.262975882411142
-9.902470648446252
-9.365415973410757
-9.124049383998805
-10.678296277537811
-11.09273194479778
-8.11774454321957
-9.564193913718407
-9.26667635487685
-10.849969352323791
-9.15015447953494
-8.917839020423331
-11.589414167631176
-8.434102248804322
-11.316794193088706
-7.885101025413506
-9.784647250958278
-8.603970934370901
-11.208846400351979
-8.893628206125356
-10.1238231727068
-9.576593815459322
-8.855354873161358
-9.03596479039988
-10.217729034556472
-9.43544831813075
-8.589602415261151
-9.694014988973146
-8.888706534666516
-9.435152207263272
-7.87350108460223
-10.592228985484999
-9.103818435489247
-8.270821912323102
-10.355656842129568
-10.514039901586123
-8.744269895155215
-10.662400727755221
-8.889687601448037
-8.497236407770162
-10.231941531787498
-9.573469408909714
-5.877227205785094
-7.61554887219905
-8.1798
-7.559710002350398
-7.673923183364942
-9.675217420733883
-7.732120086631968
-9.935993204648144
-8.572118654707687
-8.72652287729498
-9.323107002553058
-9.103818435489247
-9.798155220888795
-8.835313543371932
-9.608779655953818
-10.526375215821009
-10.00286224806851
-9.435152207263272
-8.78223095238707
-9.729431944797781
-7.7997752158210085
-7.769405806911294
-9.605481186881368
-10.236526602795735
-9.576593815459322
-8.569413153682774
-9.150739901586123
-7.745757433126761
-7.208187293071691
-7.769405806911294
-9.517208240859365
-8.584302864210828
-8.066449589653077
-11.877882823940492
-8.735785426642215
-11.038517420733882
-10.041760667432513
-8.860940515222046
-8.387604193791558
-8.586652365973254
-10.48138596122269
-10.00286224806851
-11.203932897736289
-9.589258975756877
-9.17640559028936
-9.367282849174684
-11.303330741648915
-10.085611613822588
-10.527935358139233
-11.480372690543284
-9.358873656378043
-9.072251993128795
-8.375945545164472
-8.72602368659134
-9.48666935232379
-10.542164782668172
-10.227053222018636
-6.463446119332031
-9.078972538238466
-11.203932897736289
-9.078972538238466
-11.260363545412497
-10.044170973564565
-7.3784668637141415
-7.567341674659267
-7.546053661621665
-7.323744605315871
-10.26589164561697
-10.558386993792661
-9.225456402702376
-9.343883648959858
-8.955021780322053
-11.78956957305878
-8.892640593440683
-8.406564742854986
-9.713428979618095
-10.170776103631637
-10.354490194132039
-9.953494193088705
-9.953494193088705
-10.903447008007353
-9.109484255445267
-8.49269942260257
-9.08097654012291
-11.098846357147409
-10.948730899918136
-7.349590840658026
-9.28362079588444
-8.836209945764477
-11.889363680077341
-9.258217884146838
-8.493201818616743
-7.022399002214606
-7.813113558175067
-6.381648169611857
-8.05850693155293
-8.933489455871152
-9.652351789727733
-8.618696841648475
-9.918994706973244
-7.993408850795671
-8.175669922794253
-8.935607789677105
-6.929860327663906
-8.134507565794449
-8.453862035255622
-9.562968087882643
-8.404668016524965
-9.729431944797781
-8.971701014755364
-8.950652213130176
-9.564193913718407
-9.043721291666735
-6.845170105452933
-9.007736243621098
-9.11615113430168
-8.970574328083913
-8.221813008008658
-8.017267594376174
-9.858145613843302
-10.831740774642181
-8.794685667468853
-8.368570137675873
-9.112510399414624
-9.103818435489247
-7.540452846553901
-6.250602448322022
-7.672347383281302
-9.22028542077531
-11.657662704840336
-8.453862035255622
-8.561306821666658
-8.772643074631649
-8.458076772354822
-11.588791018743834
-7.908543755001881
-9.036126303507448
-7.959807002553058
-8.700515029752404
-9.028470086943317
-8.515218335066027
-9.754277842048563
-7.289275379970073
-8.961637197381675
-10.728715973410758
-7.77221444673964
-7.635884469082543
-9.992653828504046
-9.959444732293866
-9.816659028929932
-10.199509945764476
-8.733305647623501
-8.952832965750924
-10.093059179532446
-10.60990413885318
-8.196919224031022
-8.897197314726121
-8.84188870453467
-9.57067147090962
-9.798155220888795
-9.82613240970703
-9.440106827533562
-8.748025111448577
-8.913734507159091
-8.484718527814815
-8.235638869848653
-10.111325111448576
-9.711618832499436
-10.79016304025337
-10.62997635487685
-10.581871747604513
-8.1798
-9.353648363447478
-9.033455999920847
-10.10824138746106
-8.769271230225039
-9.096811564751116
-7.993192804937706
-8.88324240139531
-9.97766382108586
-8.900753617766402
-8.857210904985921
-8.80137203513727
-9.646330049311835
-8.860940515222046
-8.9930936785053
-7.908543755001881
-9.04610762803393
-9.223727719234397
-12.05664157472296
-9.85599942260257
-8.928226544176464
-9.178864782668171
-7.687944958895757
-8.971701014755364
-7.865628985484999
-10.921390007418184
-8.533763545412496
-8.549294809194189
-9.771440599307587
-8.859072773398154
-8.897595213710973
-8.950652213130176
-9.758522115902297
-10.996540015897189
-8.036071803533101
-9.147695814329479
-11.898836017568634
-11.793247096544352
-10.03662853185624
-9.007736243621098
-9.23417634923081
-9.367612909761421
-8.644726737995343
-8.047682579266116
-8.350128979618095
-7.589314528682524
-7.765422737444894
-8.54189283102171
-9.54905053920516
-7.580857738501202
-10.354490194132039
-8.738061177043699
-8.435766804852056
-8.24912932306589
-9.195086993792662
-8.23239462245921
-10.628123227645178
-9.678929493502633
-9.213460288515256
-9.452677865953934
-9.576593815459322
-10.539769336377619
-9.334373394543478
-8.943082218374066
-8.846319179152413
-8.453862035255622
-10.510995814329478
-9.944858686958272
-11.038517420733882
-9.372031390470381
-8.920936187035176
-9.218571747604514
-8.267379613864016
-10.714529548761709
-9.594257226570674
-9.026148949389292
-9.543099999999999
-9.845546400351978
-8.892640593440683
-8.696250375056094
-8.434855220888794
-8.267379613864016
-7.882228618726046
-7.374989233925446
-7.969953709579361
-8.100047837083789
-9.639323178573704
-10.53579833780879
-9.531375385836977
-10.15627368627999
-8.112965447312414
-9.678929493502633
-7.769998176812813
-9.590540520991373
-8.899588729625206
-8.961637197381675
-9.343883648959858
-8.955021780322053
-7.624403979935051
-10.417130437533478
-8.399559220678075
-7.036032306582042
-12.025700727755222
-8.45241997454247
-8.45054632213334
-11.52797203513727
-10.575066228225975
-10.877512628577954
-10.510995814329478
-12.086446783709288
-7.226894193088706
-7.908543755001881
-9.878596478098743
-7.8569854207753105
-8.529206125168823
-9.69447354611535
-9.729431944797781
-11.038517420733882
-7.323744605315871
-7.558361196426959
-8.49269942260257
-9.44259977297313
-8.883825438042306
-9.051244958895758
-9.988242402379905
-8.24912932306589
-9.811978580309448
-8.346587152502643
-9.678929493502633
-9.947602864210827
-10.199509945764476
-9.717389353362252
-11.091997658087056
-9.48666935232379
-7.30869191434439
-8.510024673103441
-11.208846400351979
-7.920320795884441
-7.77221444673964
-11.875815901601367
-7.226894193088706
-9.024758014174568
-10.83067249507631
-7.274783911052826
-7.70204261698575
-8.331479448301012
-9.28362079588444
-9.408170994885122
-11.60308239374035
-8.850740090117073
-8.434855220888794
-7.650943937475113
-11.41301737166241
-9.845546400351978
-8.886749264562807
-6.50434511644928
-7.785847413750273
-10.199509945764476
-8.960308187469716
-10.181834792396293
-9.098206320795832
-10.2085494139775
-8.691524200475877
-7.865628985484999
-6.586143238562676
-12.300069408909714
-8.450473188040473
-9.690207428152068
-8.43942724103774
-9.48131118302015
-12.164852097719551
-9.468124141977322
-7.882228618726046
-8.434855220888794
-8.490193817224643
-9.183684947693832
-9.33757374553844
-9.258016650993177
-9.639950412227165
-9.331330380123882
-9.053713848072444
-8.843430445827378
-9.30303478652939
-7.38148762206163
-9.008935988038058
-8.842523053056397
-9.04610762803393
-9.103818435489247
-10.66633478652939
-8.947563326626414
-8.08473171580258
-9.992653828504046
-9.259298394394712
-8.833524799814477
-9.865618616375647
-10.363888386177411
-7.494003859482884
-10.363888386177411
-10.246154029018527
-10.728715973410758
-11.038517420733882
-8.311917420733883
-8.044873351964807
-9.27184001041383
-11.03043186945393
-8.1798
-8.47831234157781
-10.307457738501203
-7.716348807492092
-8.039684640929403
-8.558494114870067
-8.97396084065595
-8.57788939890162
-13.055988900061951
-10.100601621240774
-8.004753276957015
-7.558361196426959
-10.340666834711383
-8.03364064837906
-9.881132351087759
-11.859305806911294
-8.412948902100998
-7.247068499580284
-10.286310002350397
-7.133936407770163
-7.546053661621665
-9.918994706973244
-9.065606876605035
-8.923010002350397
-8.752681022732302
-8.696250375056094
-6.679429932578007
-7.742212495778529
-7.022498769729148
-9.430238704647584
-8.59554697992893
-7.7449047104630235
-8.608228287763533
-6.1498871948761575
-10.647229007087283
-6.976772141859403
-7.539291645616969
-8.652575379970074
-8.180096110867478
-8.882854029018526
-8.945235215899894
-8.956119229509623
-8.165469041200357
-8.549294809194189
-10.195041444046982
-9.025992787650631
-9.543099999999999
-11.619240593440683
-7.969688850864246
-8.350128979618095
-10.03662853185624
-8.159145864267261
-9.57973479718753
-9.80272724103774
-9.22200406833094
-10.144385583598138
-9.108062709342981
-8.835591282993464
-10.246154029018527
-9.323107002553058
-12.010220795884441
-8.79297368627999
-7.802461994775126
-11.15882537722737
-7.875268900383792
-7.979105311944174
-7.567719535472751
-8.74494138746106
-7.257263601998419
-8.588576340120094
-8.405967849466748
-7.131462968806568
-8.312658439477715
-8.077468794764677
-8.164602803054356
-7.603459551823872
-9.007736243621098
-8.590194193088706
-8.14030577174249
-9.264823227645177
-6.190786231505136
-9.294399280398956
-11.600751211888713
-10.085796694687378
-12.833295939973596
-11.032328782367895
-8.254282914057507
-7.608618712330353
-12.65290088195594
-7.50139376815317
-10.849969352323791
-10.164672035137269
-8.38174617332511
-9.432690358946388
-6.856183925815996
-8.428963892010918
-8.590194193088706
-9.72137639649076
-7.218662649040863
-9.462930480014736
-9.543099999999999
-9.893842828492305
-8.027200001075654
-8.808323024008342
-9.516773212370222
-11.180429115232656
-7.759134134991963
-8.333689479029909
-6.967867047408542
-10.255940593440684
-7.374989233925446
-9.135673600930646
-9.335485300102578
-9.125496987077518
-9.032205579884426
-7.404123385812257
-10.863740990450871
-7.049665141556979
-11.521327485010783
-9.913668093517586
-11.639729452773214
-7.608618712330353
-10.227053222018636
-8.590194193088706
-9.217306815074663
-6.722473146444706
-6.190786231505136
-9.605481186881368
-10.936769408909713
-8.1161472212062
-10.217729034556472
-9.77231193672339
-7.336359637837889
-8.625570597311174
-9.158419304537281
-9.811978580309448
-8.263002475446033
-9.689448845515077
-10.164672035137269
-8.185451587587004
-8.186947857443686
-7.6670348874366345
-8.881884211165032
-9.667862373762738
-9.042283672865228
-8.570398342600027
-10.537383542683921
-11.463901621240772
-9.315802368427716
-10.496005806911294
-8.017607741064268
-10.003002185123155
-9.729431944797781
-7.2901595466408144
-6.994257241376934
-8.355242889270446
-8.72652287729498
-7.4276276481582935
-8.125278202734076
-8.936831107740286
-6.878881186881368
-10.53579833780879
-8.197834094674828
-8.977366834711383
-11.495070589579464
-12.27565053920516
-9.252011241886937
-7.959335690232553
-9.049956441157216
-11.619240593440683
-10.029180966146379
-8.11774454321957
-7.218662649040863
-10.762557965103094
-8.797157969894332
-9.424303456996114
-10.42641580019615
-10.9064
-8.5040130841562
-12.06290891922305
-8.30180708154238
-9.427591681819067
-9.988242402379905
-9.522731821127289
-8.952832965750924
-8.159145864267261
-8.59554697992893
-9.227190148208233
-7.7971323724301
-7.30258096614638
-10.164672035137269
-10.471362709342982
-10.527935358139233
-9.132705806911295
-10.575066228225975
-8.711313025093494
-12.483060827770636
-9.531375385836977
-9.729431944797781
-10.111325111448576
-9.315901841416768
-7.814283077136434
-10.227053222018636
-7.432976814066708
-8.452889315563622
-11.09273194479778
-9.096811564751116
-7.511839605000123
-10.560220045058536
-8.150912628577952
-11.080689353362251
-12.070483648959858
-13.935446400351978
-10.222372773398154
-10.015875379970073
-10.887876160720323
-9.747469351713029
-12.092015973410756
-10.633700100907244
-8.588786731975965
-11.315374918736264
-9.134099825474618
-10.085611613822588
-9.875915809261691
-11.588101988632712
-12.582269536655216
-10.224801988632713
-10.770034922143951
-10.526375215821009
-12.815030664299597
-11.588101988632712
-9.132705806911295
-7.548140156617298
-9.675217420733883
-10.410462632261881
-12.678674918736265
-8.374298607615252
-10.558386993792661
-11.315374918736264
-9.435152207263272
-10.361053231515669
-8.827306414566667
-7.566315615787648
-10.458720086631969
-8.743405527540997
-9.065950590534948
-11.50677865979244
-10.061110517374319
-7.566315615787648
-11.997000100907245
-8.115929049052466
-11.134740599307587
-11.450321139061092
-10.04279245450835
-8.67949245450835
-10.147992800703957
-8.224680198440806
-10.164672035137269
-9.272270793355034
-8.20150777968027
-9.112337628038585
-10.705179998358771
-7.788356188073636
-8.782142052011267
-8.390977842048564
-10.798452207263272
-8.791308217763579
-8.955021780322053
-8.715362931820657
-7.219831600392302
-10.744656453573931
-8.128233517522913
-9.115204818470733
-8.125267025958523
-9.388758869453177
-9.406781951308531
-10.75106102780009
-9.503041095881754
-8.274754071190841
-11.860787844398962
-11.117577842048563
-8.242181186881368
-7.458552718695027
-10.968781186881367
-10.224801988632713
-9.264823227645177
-7.47088421721503
-11.061147194372355
-7.769405806911294
-9.163075215821008
-10.526375215821009
-8.444034841467765
-7.637288386177411
-9.545473043926972
-8.544627587233347
-10.070991768133984
-9.47600106969374
-10.497487844398961
-9.48666935232379
-9.754277842048563
-7.226894193088706
-8.070738183899783
-10.224801988632713
-9.605773713420575
-10.36247080884654
-7.331535622490049
-8.602155684097127
-12.13333492214395
-11.639312809464354
-12.406051045876413
-10.48370101272421
-7.740733324770865
-9.693098938763832
-11.547228160518735
-8.7251157920004
-9.543099999999999
-11.179019974542472
-8.042964835841227
-10.526375215821009
-12.406051045876413
-9.624873249278053
-9.632398261419644
-11.859305806911294
-9.011415150459422
-9.134098817458387
-11.588101988632712
-9.907927587233347
-10.15627368627999
-7.996468731237789
-9.690207428152068
-12.54231997454247
-10.100601621240774
-11.991423227645177
-8.071295195581527
-10.75106102780009
-11.448911613822588
-11.076728979618094
-11.480102207263272
-11.619240593440683
-12.54231997454247
-8.649949771821642
-9.745879493191284
-9.500831863217089
-9.28362079588444
-9.406781951308531
-11.315374918736264
-11.179019974542472
-10.770034922143951
-10.340666834711383
-10.66633478652939
-10.883178448533972
-9.310982203402054
-10.0884306642996
-10.9064
-7.131512356616761
-6.543840071898324
-8.073275382453605
-9.049956441157216
-8.358877037136333
-11.997000100907245
-9.754277842048563
-8.716420284944713
-8.18157889067372
-9.385645220600981
-7.734228920183909
-9.543099999999999
-11.316794193088706
-8.23498859667271
-7.4358769783885315
-9.418130436709802
-9.20839257996897
-9.327204414526546
-11.588101988632712
-10.22219753435627
-8.626828990276236
-10.147992800703957
-9.195086993792662
-10.257917468957304
-8.502318616375648
-10.612360890161025
-9.918994706973244
-11.588101988632712
-7.47088421721503
-8.069905600547617
-9.679451045876416
-11.72435323151567
-10.296789455871153
-9.185300429370505
-8.979648431628029
-8.384291474380149
-11.677725736938854
-11.997000100907245
-9.503041095881754
-8.624314873262149
-8.905768422623188
-10.085611613822588
-11.860787844398962
-11.451730664299598
-11.860046825655129
-8.1798
-9.30303478652939
-9.653420836663699
-11.479281022732302
-10.437138628331851
-7.226894193088706
-11.143512221477962
-9.420387970971056
-10.633700100907244
-12.179970935087132
-10.070991768133984
-6.680170193667171
-5.4532
-10.497487844398961
-9.406781951308531
-10.496005806911294
-8.7251157920004
-9.356062877513084
-8.588786731975965
-8.8741543638529
-9.941769578925683
-9.156875434908452
-8.238900991969546
-9.57973479718753
-12.401817420733883
-11.660089455871152
-9.049956441157216
-9.28362079588444
-7.591721780322053
-10.592228985484999
-7.06521313167915
-10.156607342905996
-9.66581922868851
-11.997000100907245
-8.68641737166241
-9.941769578925683
-10.633700100907244
-8.7251157920004
-10.9064
-10.94936719623642
-8.452457508135764
-11.260363545412497
-11.997000100907245
-9.514212628577953
-11.179019974542472
-7.634479158876101
-8.168075385836977
-8.892640593440683
-11.18943240970703
-10.318321780322053
-11.997000100907245
-8.43942724103774
-7.580857738501202
-11.315374918736264
-9.134098817458387
-12.951401988632712
-11.042751045876413
-11.997000100907245
-11.451730664299598
-8.861445817325126
-11.997000100907245
-8.861445817325126
-12.54231997454247
-7.538268456924898
-8.736509358110176
-8.452457508135764
-12.161752207263273
-10.578811425007896
-10.633700100907244
-10.361053231515669
-9.037223183364942
-7.348187403751886
-8.452457508135764
-11.921686993792662
-10.363888386177411
-7.93440648836247
-11.72435323151567
-10.9064
-10.9064
-8.151476776945723
-8.29729757504528
-10.020233251995142
-9.268535300413928
-8.861445817325126
-9.435152207263272
-11.451730664299598
-11.042751045876413
-11.448911613822588
-8.255486773057676
-7.980583648959858
-10.363888386177411
-9.28362079588444
-9.383224042632497
-8.832632450486287
-10.085611613822588
-9.369818028389258
-12.54231997454247
-11.126871500186747
-8.806912621985958
-9.611232408236749
-7.900414128974593
-8.993525793481007
-8.933489455871152
-10.115981022732303
-9.27043745689118
-8.316128684206275
-12.53555561157046
-9.952074918736264
-12.951401988632712
-10.181834792396293
-8.1798
-10.224801988632713
-11.72435323151567
-8.752385059883261
-10.00286224806851
-10.217729034556472
-10.595318093517587
-11.997000100907245
-10.9064
-11.451730664299598
-7.3791859203141685
-9.57973479718753
-8.706249444236354
-8.843430445827378
-9.990128990276236
-7.192394706973244
-8.566972641622678
-10.100601621240774
-9.567269627997156
-10.707183648959857
-12.2697
-10.033909474644902
-11.448911613822588
-8.31712086372991
-9.598938869848652
-11.58456551159459
-7.809662727681351
-9.82613240970703
-9.952074918736264
-11.860787844398962
-11.179019974542472
-9.042283672865228
-7.080734841467766
-9.875915809261691
-11.315374918736264
-8.588786731975965
-9.815719974542471
-10.982086773057674
-10.263888010313348
-8.342286829643596
-8.679710279404388
-8.827306414566667
-8.132044579573511
-12.406051045876413
-10.361053231515669
-8.63956224806851
-8.819546527300565
-8.588786731975965
-7.1268938172246425
-7.972185300102579
-8.981938854860328
-9.653420836663699
-9.845546400351978
-11.599826602795735
-7.809198337808791
-8.316251696623706
-7.736584376715079
-10.12353399932143
-8.52733953663618
-8.993525793481007
-8.652575379970074
-9.907927587233347
-9.518267991085576
-11.179332992671625
-9.807334841467766
-10.255940593440684
-9.612096603940989
-8.979648431628029
-8.933489455871152
-9.48666935232379
-7.104808111149603
-12.2697
-9.470738157999053
-11.619240593440683
-9.132705806911295
-9.897063545412497
-9.076275159235085
-9.690207428152068
-9.953494193088705
-8.76724099339006
-8.328334114448726
-9.024906069608306
-8.124318189141157
-8.247703347258675
-9.802085028892918
-10.936769408909713
-11.179489501736201
-9.243026643574993
-10.296789455871153
-8.526275612419655
-6.905798261419644
-7.976369583716921
-8.873226602795736
-8.560180134995207
-12.2697
-9.58606719623642
-8.139741095881753
-8.997776801796418
-11.451730664299598
-10.497487844398961
-9.115204818470733
-10.968781186881367
-11.179019974542472
-11.315374918736264
-10.592228985484999
-11.562809945764474
-8.03364064837906
-7.554127286284918
-7.932282286892864
-8.931550435078023
-9.52559901155944
-10.633700100907244
-8.861445817325126
-9.27043745689118
-8.999182593986914
-7.565975390628215
-10.04279245450835
-11.316794193088706
-10.526375215821009
-8.957218716672717
-9.465521616172987
-7.125794701165354
-8.343230247111311
-9.39505021127555
-9.185300429370505
-12.815030664299597
-12.13333492214395
-7.036197034597899
-8.486206774096136
-8.731260000785195
-9.150739901586123
-9.232422055600178
-10.75106102780009
-11.042751045876413
-8.099630480014735
-9.737598607615253
-8.630620296724219
-9.681058016160078
-9.845546400351978
-11.588049999999999
-8.109537712210454
-8.304562373762737
-7.361820253650936
-9.132705806911295
-10.9064
-9.653463812178558
-9.679451045876416
-8.401537455723288
-8.588786731975965
-8.622714011235377
-9.969927999960422
-8.861445817325126
-6.922343753453296
-7.344825151342681
-12.602515809261693
-8.735785426642215
-8.73276463607318
-9.729431944797781
-11.179489501736201
-11.58456551159459
-11.450321139061092
-6.925182419646902
-11.732565590527436
-6.8165
-9.406781951308531
-8.588786731975965
-7.100488138190873
-8.292981101488124
-7.676701098607582
-11.056398938763833
-10.579140145678828
-11.208846400351979
-10.75106102780009
-10.181834792396293
-9.343883648959858
-12.070483648959858
-11.588101988632712
-7.563252244956288
-10.9064
-6.819229822284967
-8.236941562711204
-12.668369578925683
-10.558386993792661
-7.806074109484362
-12.678674918736265
-9.13107470518645
-11.889675215821008
-9.697847194372354
-10.236526602795735
-11.315374918736264
-11.315374918736264
-12.406051045876413
-7.044840599307587
-7.49670590781854
-7.897834283205778
-9.952074918736264
-7.093357498002381
-8.071295195581527
-9.543099999999999
-7.9015232276451774
-12.401817420733883
-8.043451382155434
-10.092348520232402
-8.366131944797782
-8.676035208745487
-8.043467842166917
-9.775786344214035
-10.147992800703957
-10.606326643574993
-8.052915888017512
-8.854429034556471
-9.03868627782923
-7.866242273391331
-11.179019974542472
-9.543116498592473
-8.62056360199842
-8.912712809464352
-9.076275159235085
-10.0884306642996
-9.832437100082263
-9.144667297919716
-9.134098817458387
-10.085611613822588
-10.033938787018927
-10.388058014174566
-8.34462858747755
-8.923010002350397
-8.076806827533563
-8.787991269776406
-9.747633291922078
-9.57973479718753
-10.361053231515669
-11.588101988632712
-11.315374918736264
-8.586652365973254
-9.147695814329479
-9.29910072775522
-9.632398261419644
-9.897063545412497
-7.2519099676452825
-10.75106102780009
-9.543099999999999
-9.01740296720342
-9.27043745689118
-9.406781951308531
-10.497487844398961
-10.224801988632713
-11.042751045876413
-9.416625190143513
-7.551047559023472
-8.47831234157781
-12.982540593440683
-10.284236187035177
-11.047349840351757
-6.8165
-7.309619876369743
-9.52559901155944
-8.101702480964647
-11.915144676759947
-9.20839257996897
-9.68042086372991
-8.162299011559439
-10.497487844398961
-7.4562430326117894
-8.47901896742778
-7.907141192619206
-8.793290655608264
-8.593757335239848
-10.236526602795735
-5.4532
-9.037223183364942
-9.078972538238466
-9.592468054979804
-9.415738216618324
-7.509926602795735
-7.009180287492487
-10.558386993792661
-7.07429419416436
-7.765569781694297
-7.591721780322053
-9.180817396198147
-8.946314657706965
-9.508600513884538
-10.019835753714231
-11.179019974542472
-11.860787844398962
-8.687812127707128
-8.358076396490759
-8.410758467981543
-8.427612639236095
-10.526375215821009
-7.983551442979211
-8.071359018007618
-9.065950590534948
-8.7251157920004
-7.784444396726091
-9.679451045876416
-7.483773987585326
-9.719501446545046
-8.276023178573704
-8.62306180683214
-8.043467842166917
-7.770810686943716
-11.997000100907245
-7.980583648959858
-9.120488003492618
-8.834186005252274
-10.849969352323791
-9.697847194372354
-8.798503210273513
-9.30303478652939
-9.032205579884426
-8.813735442095398
-8.30749343750712
-7.270243495609558
-9.27043745689118
-9.027230141637403
-11.117577842048563
-10.236526602795735
-8.26082598162806
-10.497487844398961
-7.701514451324339
-11.170634841467766
-9.68266498644374
-9.098259019831769
-9.05230363993207
-9.543099999999999
-8.1798
-8.125267025958523
-7.53648845088437
-7.498149561913176
-10.633700100907244
-7.634479158876101
-6.8165
-8.957218716672717
-7.770810686943716
-9.952784555912483
-11.049832307553118
-7.896222795375662
-7.772373600930647
-9.27043745689118
-8.051960930282782
-7.4572512728272855
-7.729346902793048
-8.043467842166917
-10.9064
-10.962238869848653
-11.042751045876413
-8.892443268437297
-7.769405806911294
-7.9015232276451774
-8.861445817325126
-7.516263109203077
-8.091924423286942
-7.921467855333652
-8.123369352323792
-10.503500810620386
-9.291310172366368
-7.2962273512884295
-9.427095664597553
-7.678983672865228
-10.131770589579466
-8.555694706973243
-9.460350634245922
-9.48855622652274
-8.523095262782446
-11.450321139061092
-8.652575379970074
-11.997000100907245
-11.588101988632712
-7.997746406218882
-9.243026643574993
-12.54231997454247
-7.47088421721503
-11.117577842048563
-9.815719974542471
-10.770034922143951
-9.543099999999999
-9.543099999999999
-11.315374918736264
-11.179019974542472
-8.545725036420919
-11.72435323151567
-10.633700100907244
-11.588101988632712
-11.889675215821008
-7.399120846341533
-8.191761491008421
-10.255940593440684
-8.81333352614569
-7.361820253650936
-12.406051045876413
-10.361053231515669
-7.272413434945224
-8.766011397200653
-9.88396851175163
-8.806912621985958
-10.0884306642996
-9.72137639649076
-8.770072955015353
-11.042751045876413
-9.771440599307587
-7.943297928680532
-11.58456551159459
-10.217729034556472
-7.545343558620371
-11.451730664299598
-9.952074918736264
-10.224801988632713
-7.215169578925683
-11.293572641622678
-11.388779068177536
-8.918869610182547
-7.529340593440684
-9.406781951308531
-7.618180060829483
-10.9064
-10.968781186881367
-10.613503381956573
-10.496005806911294
-9.561134094674827
-12.815030664299597
-9.815719974542471
-11.042751045876413
-11.315374918736264
-9.48666935232379
-9.068255980206443
-8.787991269776406
-9.48131118302015
-12.2697
-10.115981022732303
-8.452457508135764
-11.955528985484998
-9.543099999999999
-9.675217420733883
-11.681621780322052
-6.856926103635514
-8.188748386962605
-10.80840325943956
-9.387761027800089
-10.770034922143951
-11.315374918736264
-9.198385462865112
-9.625553402905037
-9.78848812852822
-9.264823227645177
-8.88714020130014
-9.865618616375647
-9.531375385836977
-11.340963821085861
-9.584599044464909
-9.228928985484998
-11.208846400351979
-12.13333492214395
-10.770034922143951
-10.628123227645178
-11.751358014174567
-10.413256441157214
-9.415738216618324
-9.30303478652939
-9.83575983592982
-11.199059835929821
-9.789115752675771
-7.627890194132037
-10.36818230755312
-7.9207717074966295
-9.229955110718919
-9.014971449752409
-8.877058808194944
-10.296789455871153
-8.197834094674828
-10.363888386177411
-11.727188386177412
-7.226894193088706
-10.66633478652939
-9.945262649040863
-9.555061491008422
-10.849969352323791
-11.681621780322052
-10.496005806911294
-8.566972641622678
-11.315374918736264
-12.406051045876413
-8.649949771821642
-11.5718494139775
-6.795641699521909
-10.199509945764476
-12.401817420733883
-9.718980950200208
-10.236526602795735
-9.922355588280736
-11.044358016160077
-9.8161895017362
-8.18157889067372
-8.234332544906637
-11.161455220888794
-10.439575159235085
-9.543099999999999
-10.930569627997155
-9.182073861891098
-7.391722780566256
-11.208846400351979
-8.408140599307588
-10.361053231515669
-9.550847425765484
-9.132705806911295
-9.737598607615253
-11.038517420733882
-8.441265980612409
-9.72137639649076
-9.195086993792662
-9.941769578925683
-8.749573017342467
-11.042751045876413
-10.08846512967762
-11.239215809261692
-7.93973478652939
-10.9064
-9.06296957305878
-9.592468054979804
-7.128897452528265
-6.910326912358349
-9.156875434908452
-9.625553402905037
-10.046937677978384
-10.056724242400541
-8.234332544906637
-8.779648827909869
-8.639913845833725
-8.185750539205161
-8.641440951526125
-9.329527944082495
-9.29910072775522
-11.448911613822588
-9.706132663549088
-10.413256441157214
-11.315374918736264
-7.815564782668171
-9.58606719623642
-7.570189455871152
-7.634479158876101
-7.158316925766763
-8.406401762030821
-8.562435656455085
-11.315374918736264
-8.961637197381675
-9.639323178573704
-12.382134008262483
-9.72137639649076
-9.508600513884538
-9.435152207263272
-9.791572503983616
-7.920320795884441
-10.66633478652939
-9.150739901586123
-8.707691768133984
-10.115981022732303
-7.8694390648072305
-8.403803043884377
-9.136078705604952
-9.306807010855875
-10.9064
-10.66633478652939
-10.628123227645178
-10.75106102780009
-9.132705806911295
-11.860787844398962
-11.179019974542472
-9.327204414526546
-8.128776455357547
-10.04279245450835
-8.261926921665893
-9.679451045876416
-10.592228985484999
-8.444960680072652
-9.06296957305878
-8.586652365973254
-11.451730664299598
-10.388058014174566
-7.93973478652939
-7.47088421721503
-9.177354937621118
-11.588101988632712
-9.679451045876416
-9.070916989931444
-10.496005806911294
-7.68783391725823
-10.340666834711383
-11.01624851729895
-12.13333492214395
-11.451730664299598
-7.179138772662217
-7.273309256075863
-9.010138168485962
-11.639312809464354
-9.068255980206443
-8.873226602795736
-8.367756290582536
-10.296789455871153
-10.9064
-8.1798
-7.413550650729459
-10.224801988632713
-9.406781951308531
-8.13698084068576
-8.140294694488873
-8.376770735078088
-8.501298678712262
-11.328755684097127
-9.29519263655489
-8.631889479776522
-8.74494138746106
-11.639312809464354
-9.103818435489247
-10.11910542928191
-7.770810686943716
-8.871319761639711
-9.875915809261691
-8.615598594561927
-8.892640593440683
-8.722311613822589
-10.9064
-10.224801988632713
-8.836563552535665
-8.52733953663618
-9.29519263655489
-8.804142328561614
-7.773083516530086
-8.124318189141157
-11.328879007087284
-10.9064
-9.387761027800089
-8.628255919999315
-9.865618616375647
-11.315374918736264
-10.770034922143951
-10.087021139061093
-10.988853402905038
-10.947270008296188
-11.860787844398962
-11.58456551159459
-10.178271107340729
-10.497487844398961
-7.813968892907943
-7.978894421944731
-8.723793651310256
-10.2085494139775
-9.952074918736264
-10.36247080884654
-7.200266647567245
-9.123890651512918
-8.467339130137447
-7.865628985484999
-8.22070172851088
-9.690207428152068
-7.968859034796836
-8.856282161788144
-8.288866684386754
-7.31619245450835
-6.948617420733883
-9.235056102726968
-10.9064
-9.406781951308531
-9.434018485537761
-9.78848812852822
-10.320078676766041
-8.144184446320928
-5.818027587233347
-10.00286224806851
-11.463901621240772
-8.55013528897046
-9.965455684097126
-9.198385462865112
-10.770034922143951
-7.955737751709076
-8.892640593440683
-12.13333492214395
-13.222605806911293
-9.343883648959858
-9.737598607615253
-11.038517420733882
-8.057232361574668
-8.67949245450835
-8.722311613822589
-9.947631886007194
-9.845546400351978
-10.085611613822588
-10.413256441157214
-8.96608890006195
-12.13333492214395
-9.39694064837906
-8.580796001043334
-8.720833276806905
-8.412510166499462
-9.257468180674032
-9.897063545412497
-9.05230363993207
-7.571671493358819
-8.599743975397256
-11.72435323151567
-9.037223183364942
-11.802875159235086
-8.0227144927425
-10.147992800703957
-12.54231997454247
-12.332081186881368
-11.955528985484998
-8.373476853608002
-8.45713021153422
-9.713428979618095
-9.514884676161895
-7.3436701669877715
-8.881105734321393
-9.406264835841226
-9.543099999999999
-9.134098817458387
-9.406781951308531
-10.9064
-11.451730664299598
-11.72435323151567
-8.641440951526125
-11.038517420733882
-11.042751045876413
-11.315374918736264
-10.497487844398961
-10.497487844398961
-7.340218671176918
-7.376588096468573
-7.526780483789712
-7.578279764905046
-7.710826069154372
-8.137628202695812
-8.216434797187532
-8.737301621240773
-7.33978864549489
-9.188642279364863
-9.952074918736264
-8.357029192723552
-10.657265115099118
-8.412036886089162
-11.328755684097127
-10.164672035137269
-9.264823227645177
-7.505360459337665
-7.523981783417375
-8.988863772014389
-11.997000100907245
-10.529499622370617
-8.892640593440683
-10.526375215821009
-12.029634786529389
-9.737598607615253
-12.524755220888794
-8.39261357618194
-10.770034922143951
-9.952074918736264
-9.754277842048563
-9.754277842048563
-6.693932361574668
-8.091414234830403
-7.498149561913176
-11.619240593440683
-9.856501818616744
-9.91676467169216
-10.779038216618325
-8.714956566851443
-8.918869610182547
-9.965455684097126
-9.115204818470733
-10.633700100907244
-11.991423227645177
-9.527326014243831
-9.31499627753781
-8.082584181036072
-7.759175333424227
-10.388058014174566
-7.731842183004629
-6.963607428152067
-9.519878448533971
-9.653420836663699
-10.100601621240774
-9.886395262782447
-10.497487844398961
-9.406781951308531
-8.544627587233347
-8.316128684206275
-8.892640593440683
-10.056724242400541
-12.13333492214395
-8.80306609542655
-6.862658975756877
-11.179019974542472
-9.109484255445267
-8.752681022732302
-8.304562373762737
-8.071852207263273
-8.191761491008421
-8.588786731975965
-10.982086773057674
-9.958765301416694
-10.892803344433617
-7.9015232276451774
-10.496005806911294
-10.455946902793048
-9.406781951308531
-9.279813235063362
-10.413256441157214
-9.624873249278053
-9.134098817458387
-7.907141192619206
-10.633700100907244
-12.13333492214395
-8.67949245450835
-9.435152207263272
-8.267722944501168
-6.707505595760108
-11.751358014174567
-10.361053231515669
-10.633700100907244
-9.378553404607485
-9.815719974542471
-11.588101988632712
-7.9015232276451774
-8.552229957508148
-10.764884387220743
-9.729431944797781
-7.831786993792662
-11.179019974542472
-8.1798
-6.941262373762737
-8.895815281598187
-7.831786993792662
-7.012645545164472
-9.754277842048563
-9.331330380123882
-7.84509257996897
-8.566972641622678
-7.8060406040988255
-12.480877842048564
-8.384291474380149
-8.697853124352317
-9.952074918736264
-7.648284014545569
-7.654834373926674
-8.500280495026807
-9.845546400351978
-10.628123227645178
-8.892602440040854
-11.315374918736264
-8.697853124352317
-9.30303478652939
-10.798452207263272
-11.316794193088706
-7.476509188867867
-8.592567237015677
-8.493362675417892
-8.793290655608264
-10.467118435489247
-12.678674918736265
-11.860787844398962
-11.316794193088706
-7.65410296720342
-7.693127256026064
-12.13333492214395
-11.860787844398962
-8.707691768133984
-8.685025893543262
-9.297690841388613
-8.1798
-11.588101988632712
-9.30303478652939
-8.854429034556471
-11.315374918736264
-10.00286224806851
-9.474944738160769
-10.363888386177411
-10.9064
-9.019844511558878
-10.255940593440684
-9.279813235063362
-8.738745611389342
-11.260363545412497
-9.406781951308531
-9.697847194372354
-9.675217420733883
-9.204369413862677
-9.129752814918648
-8.816795955119527
-9.182073861891098
-10.467118435489247
-12.029634786529389
-11.179019974542472
-12.312667196236418
-11.479281022732302
-12.2697
-9.39694064837906
-9.163075215821008
-8.002115973410758
-7.509926602795735
-8.191761491008421
-10.496005806911294
-8.8452494139775
-9.497533394144641
-9.024758014174568
-9.72137639649076
-7.8007108077994864
-10.04279245450835
-7.661458014174567
-8.653892563310169
-11.451730664299598
-7.712975159235086
-8.480276103468208
-9.24316932912025
-12.705993225891595
-10.9064
-9.406781951308531
-8.086842214681457
-13.08765323151567
-11.997000100907245
-10.318321780322053
-8.316128684206275
-8.933489455871152
-10.28134055074406
-11.41404349689633
-9.861549365531666
-9.430238704647584
-10.497487844398961
-10.340666834711383
-12.815030664299597
-9.952074918736264
-11.451730664299598
-10.707183648959857
-9.52559901155944
-7.529340593440684
-10.224801988632713
-10.707183648959857
-11.588101988632712
-9.815719974542471
-10.633700100907244
-8.33301133445229
-10.413256441157214
-9.789115752675771
-11.451730664299598
-8.235638869848653
-8.227883728307717
-8.836209945764477
-11.450321139061092
-9.543099999999999
-9.679451045876416
-9.406781951308531
-10.871900513884539
-7.29191268351633
-9.965455684097126
-7.663930141637403
-9.787324302996856
-10.9064
-8.071852207263273
-9.172498337808792
-10.968781186881367
-7.842742412057428
-7.470582116462124
-8.633161389325126
-8.635713434945224
-12.2697
-8.96608890006195
-12.13333492214395
-9.134098817458387
-11.997000100907245
-9.952074918736264
-8.997776801796418
-9.508600513884538
-9.460350634245922
-8.1798
-12.54231997454247
-7.6729162551168395
-7.972185300102579
-7.542713464538613
-8.095080640021008
-7.734906320795832
-7.3791859203141685
-11.860787844398962
-9.27043745689118
-8.7251157920004
-8.75580542928191
-9.03868627782923
-8.7251157920004
-8.697668516254277
-7.361820253650936
-9.930272641622677
-9.039748021592752
-9.123890651512918
-11.038517420733882
-8.002115973410758
-8.697668516254277
-11.315374918736264
-9.218571747604514
-8.74494138746106
-8.55346467169216
-11.179489501736201
-9.361046406218883
-10.968781186881367
-9.28745300128365
-9.420393738671622
-11.588101988632712
-8.652575379970074
-10.455946902793048
-9.612096603940989
-10.526375215821009
-8.497236407770162
-8.254814344061854
-11.170634841467766
-10.340666834711383
-11.038517420733882
-8.0820836959911
-10.628123227645178
-10.224801988632713
-10.00286224806851
-8.89660096718484
-9.11808596122269
-7.4640064145666685
-8.506991935525821
-10.015875379970073
-11.451730664299598
-10.770034922143951
-10.361053231515669
-10.633700100907244
-7.634479158876101
-8.043467842166917
-8.959423835300552
-10.707183648959857
-9.56480777968027
-9.378721559587065
-9.112337628038585
-10.131770589579466
-8.135880331693862
-11.315374918736264
-11.179019974542472
-9.132705806911295
-9.97766382108586
-10.496005806911294
-10.00286224806851
-7.550741472316634
-9.798155220888795
-10.255940593440684
-9.89760203900776
-8.722311613822589
-8.509507803871857
-9.953494193088705
-9.97766382108586
-7.323135446645757
-8.588898980150574
-11.991423227645177
-8.554578639409634
-9.639323178573704
-8.502318616375648
-9.72137639649076
-7.367960000785194
-9.47600106969374
-10.35917064275252
-9.644219267514089
-9.225456402702376
-9.235935856223131
-7.425850089011213
-7.959807002553058
-9.97766382108586
-10.070991768133984
-9.195086993792662
-7.742212495778529
-7.458727862511473
-8.805838819356794
-8.818534792396292
-8.725279407841942
-10.988853402905038
-10.224801988632713
-11.038517420733882
-10.9064
-9.771440599307587
-7.402934538542851
-8.948479463289337
-8.1798
-8.63956224806851
-10.252006534666515
-10.497487844398961
-9.27043745689118
-10.891956314288976
-7.907141192619206
-8.697853124352317
-10.628123227645178
-7.712975159235086
-12.54231997454247
-11.340963821085861
-11.451730664299598
-8.861445817325126
-10.224801988632713
-8.41514747004572
-14.585905806911294
-11.465421708512661
-8.888706534666516
-11.179019974542472
-9.027230141637403
-10.592228985484999
-13.193718435489247
-9.163075215821008
-11.751358014174567
-7.249216475851827
-12.678674918736265
-8.62181138679572
-8.735785426642215
-10.224801988632713
-8.619318441356151
-11.353428990276235
-9.990128990276236
-7.872988385954997
-8.722311613822589
-9.68266498644374
-10.9064
-10.707183648959857
-9.761254505717115
-9.690207428152068
-10.255940593440684
-9.875915809261691
-6.680170193667171
-10.04279245450835
-7.206983832655337
-11.044358016160077
-6.436475215821008
-7.170463545412497
-8.139741095881753
-8.452457508135764
-9.83575983592982
-11.042751045876413
-11.448911613822588
-9.401584387220742
-10.439575159235085
-10.015875379970073
-12.332081186881368
-12.572146400351977
-9.543099999999999
-8.997776801796418
-11.179019974542472
-12.2697
-9.48666935232379
-11.271227587233346
-9.095420086631968
-9.374253057869572
-9.087139201055935
-9.646330049311835
-11.406092454508348
-8.914757970969998
-7.438072035137269
-10.968781186881367
-11.72435323151567
-9.72619656151642
-11.208846400351979
-10.9064
-8.7251157920004
-9.406781951308531
-8.7251157920004
-11.72435323151567
-9.27043745689118
-10.361053231515669
-10.770034922143951
-11.315374918736264
-10.100601621240774
-9.04738778781304
-10.276012809464353
-9.993033484603735
-8.834186005252274
-11.58102903455647
-7.102793001787452
-9.66581922868851
-10.968781186881367
-7.446076604736188
-7.838402410852285
-10.496005806911294
-8.128776455357547
-9.807334841467766
-8.134355370027345
-9.865618616375647
-8.483234013036652
-8.4734312449536
-12.13333492214395
-9.679451045876416
-10.9064
-11.72435323151567
-9.049956441157216
-11.009630049311836
-9.132705806911295
-12.114361027800088
-10.707183648959857
-10.224801988632713
-7.280022245611241
-11.776556441157215
-7.814925048767813
-7.866325952801714
-10.97539660394099
-7.759716311702761
-9.132705806911295
-6.8165
-6.8165
-6.8165
-10.924434094674828
-9.264823227645177
-9.807334841467766
-9.010138168485962
-7.653129161610246
-10.029180966146379
-11.588101988632712
-10.633700100907244
-7.879370080079014
-10.199509945764476
-10.100601621240774
-9.068255980206443
-9.037223183364942
-8.497236407770162
-7.6304598609547725
-7.504224404622927
-6.925395869267856
-9.679451045876416
-8.590194193088706
-12.54231997454247
-11.72435323151567
-9.814355806911294
-9.04738778781304
-10.199509945764476
-9.243097986347621
-10.388058014174566
-10.340666834711383
-10.199509945764476
-7.769405806911294
-10.38070296720342
-10.4477044448443
-11.451730664299598
-9.953494193088705
-9.854494787314584
-9.965455684097126
-8.847073987585325
-10.04279245450835
-11.72435323151567
-7.128897452528265
-6.905798261419644
-7.1299018186167435
-10.100601621240774
-7.359011613822588
-8.722311613822589
-6.666536793960227
-9.435152207263272
-8.652575379970074
-12.572146400351977
-9.930272641622677
-8.04343492214395
-9.134098817458387
-10.115981022732303
-8.598541794949352
-12.13333492214395
-7.208244661771623
-9.633842737856842
-9.802085028892918
-9.279813235063362
-9.990128990276236
-9.952074918736264
-6.820659089526246
-9.029712634444856
-10.439575159235085
-8.852581689322438
-9.625553402905037
-9.374253057869572
-11.545134792396293
-9.228928985484998
-9.855497452528263
-11.451730664299598
-8.482246400351977
-9.77484609103829
-7.999724307220518
-8.20459494301986
-8.252132239057655
-7.361820253650936
-6.941262373762737
-10.0884306642996
-8.361285475713688
-8.977366834711383
-10.83824473816077
-10.631835300413927
-7.661458014174567
-9.378721559587065
-7.769405806911294
-8.697853124352317
-9.185300429370505
-11.703966834711384
-10.276012809464353
-7.059437105820484
-8.955021780322053
-9.816659028929932
-9.737598607615253
-7.961148062854424
-9.57973479718753
-8.929611414284896
-11.451730664299598
-8.997776801796418
-10.361053231515669
-8.70466693561863
-9.029712634444856
-9.081682262268842
-7.882666977379218
-9.406781951308531
-8.818534792396292
-8.7251157920004
-8.594949830440914
-8.299897475512179
-7.582672050539628
-7.526780483789712
-10.318321780322053
-8.931378674073404
-11.179019974542472
-11.619240593440683
-10.224801988632713
-10.75106102780009
-10.255940593440684
-9.132705806911295
-8.1798
-11.72435323151567
-9.324988290914238
-8.836096418788536
-8.468789109363986
-12.33869660394099
-7.563879552449734
-8.986546455290355
-8.316128684206275
-9.47600106969374
-8.66588096614638
-8.882854029018526
-10.633700100907244
-10.0884306642996
-10.633700100907244
-8.316128684206275
-9.182073861891098
-9.435152207263272
-10.0884306642996
-10.0884306642996
-12.54231997454247
-9.361046406218883
-8.221495286687817
-7.634479158876101
-10.633700100907244
-9.166199622370616
-8.979648431628029
-9.83575983592982
-9.323107002553058
-9.865618616375647
-12.2697
-11.406092454508348
-10.04279245450835
-11.315374918736264
-8.764850373397934
-8.3994970345979
-7.773266847769189
-8.776469791257497
-9.013193300105915
-9.47812796059046
-8.178323504003677
