-12.553533975998574
-9.798155220888795
-11.309946001960355
-11.225807582597744
-10.4580877442459
-9.447617376453646
-9.798155220888795
-11.316794193088706
-8.68641737166241
-8.46907240072298
-10.496005806911294
-13.168631910542931
-8.978506534133903
-6.846869408909714
-9.639071808689767
-9.693707098322836
-7.456978751439737
-9.018622480852239
-8.590194193088706
-8.590194193088706
-11.448911613822588
-10.085611613822588
-10.774282579266117
-10.746713859617198
-8.590194193088706
-12.07127138037818
-10.352163772014388
-9.618786773057675
-6.468486993792662
-9.798155220888795
-11.384969716026912
-12.055696094608718
-9.675217420733883
-9.935993204648144
-10.307457738501203
-8.033409414762696
-11.076728979618094
-8.399926229011168
-8.776526137886488
-11.52797203513727
-9.948969197485207
-9.163075215821008
-7.32311737166241
-10.340666834711383
-9.076887438323231
-12.065961876751794
-10.693567361483034
-10.1238231727068
-10.181834792396293
-8.646033062937358
-11.534076103631635
-12.680094193088705
-9.131227469895611
-7.370218390047902
-9.222260679590224
-8.590194193088706
-6.254192535688734
-8.589011228325184
-7.600558864780866
-10.728715973410758
-8.719388849158065
-12.43139858510623
-10.66633478652939
-7.981853739544536
-9.478650173295147
-9.789115752675771
-9.085770243990162
-8.869419041974657
-10.82365063424592
-11.773987787813038
-11.359761389325124
-10.439575159235085
-7.458815453852291
-9.972750318470172
-12.358998261419643
-9.953494193088705
-10.628123227645178
-12.070483648959858
-9.134098817458387
-10.333314190626862
-9.163075215821008
-12.213269352323792
-11.776556441157215
-10.770034922143951
-8.1605770316723
-9.134098817458387
-9.625553402905037
-9.907927587233347
-10.361053231515669
-10.497487844398961
-11.228918616375648
-10.288391107013872
-10.545373861891099
-9.543099999999999
-10.663584590459116
-9.264823227645177
-9.58606719623642
-11.860715332149798
-10.575066228225975
-8.861445817325126
-9.815719974542471
-10.0884306642996
-9.815719974542471
-11.179019974542472
-10.0884306642996
-11.042709987271236
-11.451769445137687
-12.572146400351977
-11.381523726115557
-9.331330380123882
-11.991423227645177
-9.543099999999999
-11.117577842048563
-11.776556441157215
-9.383224042632497
-12.38719757504528
-12.678674918736265
-11.451730664299598
-8.854429034556471
-11.179019974542472
-11.859799819407185
-11.366302185123153
-7.498149561913176
-9.331330380123882
-10.015875379970073
-8.316128684206275
-8.316128684206275
-12.2697
-13.09048838617741
-11.559067507772944
-9.660597575045278
-8.452457508135764
-9.679451045876416
-13.284986993792662
-13.695381186881367
-11.860787844398962
-9.952074918736264
-9.679451045876416
-7.996007568942116
-6.990630428742541
-7.978894421944731
-8.884798443466186
-9.250203381956574
-10.9064
-9.780212221477962
-10.75106102780009
-11.451730664299598
-12.13333492214395
-11.860787844398962
-9.729431944797781
-11.451730664299598
-12.161752207263273
-10.388058014174566
-8.596144732293865
-8.402939333056985
-9.392333047949034
-9.460350634245922
-10.707183648959857
-11.448911613822588
-9.138656346116454
-12.54231997454247
-11.997000100907245
-9.264823227645177
-11.04596498644374
-9.060343964910347
-10.9064
-10.276012809464353
-10.860193303052068
-10.592228985484999
-10.361053231515669
-9.543099999999999
-10.769564835841226
-6.923335739245483
-9.365415973410757
-10.880325016983889
-12.815030664299597
-11.117577842048563
-12.193001504488178
-9.446822185434286
-11.562809945764474
-11.379441612623005
-11.179019974542472
-9.780212221477962
-11.58810198863271
-9.83575983592982
-8.854429034556471
-11.451730664299598
-11.451730664299598
-9.27043745689118
-8.861445817325126
-11.588101988632712
-7.498149561913176
-8.452457508135764
-8.1798
-11.293572641622678
-10.707183648959857
-8.547926056305796
-9.886395262782447
-9.953494193088705
-11.239215809261692
-12.81433534564576
-9.592468054979804
-8.9982248155049
-9.531375385836977
-11.053507428152066
-9.012549877185833
-10.363888386177411
-9.555061491008422
-9.690207428152068
-8.80137203513727
-10.682337751709076
-11.945458734478652
-9.101005728692655
-10.255940593440684
-8.462832409707032
-9.646330049311835
-9.82613240970703
-10.015875379970073
-10.0884306642996
-9.815719974542471
-11.110885510209442
-10.770034922143951
-11.179068455388332
-10.224801988632713
-8.74494138746106
-9.646330049311835
-9.543099999999999
-9.679451045876416
-9.134098817458387
-12.2697
-14.041974918736264
-11.379175379970073
-13.002612809464352
-9.044830230198237
-8.311917420733883
-9.77844747004572
-9.024758014174568
-11.997000100907245
-13.193718435489247
-12.394462373762735
-12.54231997454247
-9.076275159235085
-9.387761027800089
-9.198385462865112
-9.406264835841226
-9.228928985484998
-12.070483648959858
-11.069181061393685
-11.340963821085861
-10.558386993792661
-10.227805539358966
-9.551267485142578
-9.815719974542471
-6.407510093463798
-14.314701988632713
-13.769351045876414
-12.815030664299597
-10.66633478652939
-11.464661664876717
-10.056724242400541
-10.296789455871153
-8.306026091856006
-5.862190039725319
-7.167778399462499
-10.526375215821009
-10.982086773057674
-9.519878448533971
-9.406781951308531
-10.894789224266987
-11.727188386177412
-14.314701988632713
-14.450953231515669
-12.678674918736265
-12.812211613822589
-11.451730664299598
-8.316128684206275
-11.802875159235086
-11.955528985484998
-7.580402729879614
-11.271227587233346
-10.0884306642996
-9.543099999999999
-9.543099999999999
-11.315374918736264
-10.9064
-11.72435323151567
-11.860787844398962
-9.815719974542471
-10.711427922813591
-10.5049541938739
-9.47600106969374
-9.679451045876416
-7.637288386177411
-9.27043745689118
-9.952074918736264
-9.081682262268842
-13.360300100907246
-11.179019974542472
-9.573469408909714
-11.463901621240772
-11.727188386177412
-11.859305806911294
-12.070483648959858
-12.070483648959858
-9.460350634245922
-9.543099999999999
-12.332081186881368
-7.831786993792662
-11.420024242400542
-12.908434792396292
-11.143512221477962
-11.042751045876413
-8.850740090117073
-7.225490275993837
-12.029634786529389
-10.80840325943956
-7.2388556840971265
-10.66633478652939
-9.865618616375647
-12.105321559587063
-10.865788014414932
-9.228928985484998
-9.132705806911295
-9.27043745689118
-9.639323178573704
-9.561134094674827
-10.361053231515669
-9.361046406218883
-7.96844456248927
-9.815719974542471
-9.406781951308531
-8.861445817325126
-11.315374918736264
-12.2697
-11.038517420733882
-12.13333492214395
-13.002612809464352
-9.406264835841226
-10.767631891336265
-11.237852210196724
-11.619240593440683
-11.042751045876413
-10.633700100907244
-10.296789455871153
-11.315374918736264
-10.496005806911294
-9.679451045876416
-11.179019974542472
-12.269692984010181
-12.815030664299597
-12.815030664299597
-12.13333492214395
-11.179019974542472
-8.7251157920004
-9.27043745689118
-9.815719974542471
-9.679451045876416
-10.361053231515669
-11.179019974542472
-8.7251157920004
-10.9064
-8.843430445827378
-10.592228985484999
-10.770034922143951
-10.770034922143951
-9.129752814918648
-12.46419860761525
-10.361053231515669
-8.952832965750924
-11.588101988632712
-10.9064
-10.361053231515669
-10.361053231515669
-11.451730664299598
-11.271227587233346
-9.134098817458387
-9.327204414526546
-8.42581575267577
-11.860787844398962
-11.860787844398962
-9.27043745689118
-10.276012809464353
-11.874295814329479
-10.0884306642996
-12.406051045876413
-10.224801988632713
-11.305069578925682
-11.588101988632712
-11.179019974542472
-12.13333492214395
-12.2697
-7.398487612412531
-11.208846400351979
-9.804709935180341
-11.179019974542472
-8.611901972768976
-10.592228985484999
-11.751358014174567
-12.240812628577952
-10.276012809464353
-10.439575159235085
-13.769351045876414
-11.997000100907245
-9.044830230198237
-13.633
-12.406051045876413
-10.0884306642996
-12.029634786529389
-9.406781951308531
-11.859305806911294
-10.04279245450835
-11.089496561516421
-10.9064
-8.655212683516329
-9.815719974542471
-14.041974918736264
-13.90561997454247
-12.406051045876413
-10.2085494139775
-11.776556441157215
-9.182073861891098
-11.703966834711384
-9.89598802528536
-10.276012809464353
-7.740518435489247
-8.977366834711383
-11.451730664299598
-9.952074918736264
-11.179019974542472
-11.921686993792662
-8.316128684206275
-9.134098817458387
-9.406781951308531
-10.296789455871153
-9.543099999999999
-7.089160323251182
-7.089160323251182
-9.134098817458387
-12.944329034556471
-10.286310002350397
-9.264823227645177
-10.770034922143951
-11.72435323151567
-10.628123227645178
-9.27043745689118
-10.849969352323791
-9.406781951308531
-9.27043745689118
-11.315374918736264
-8.316128684206275
-10.136590754605125
-10.9064
-9.134098817458387
-7.770810686943716
-9.815719974542471
-8.1798
-9.134098817458387
-10.06524343494988
-12.812211613822589
-10.56168546286511
-9.112337628038585
-9.83575983592982
-10.398009066350854
-11.282294706973245
-8.1325910250827
-8.861445817325126
-10.75106102780009
-9.228928985484998
-11.588101988632712
-8.316128684206275
-10.9064
-9.639323178573704
-9.406781951308531
-9.886395262782447
-12.678674918736265
-11.249695262782446
-9.598938869848652
-9.068255980206443
-8.52733953663618
-11.660089455871152
-12.680094193088705
-8.7251157920004
-9.327332930627366
-10.0884306642996
-9.27043745689118
-7.848466228225974
-9.027230141637403
-8.334547194372355
-11.451730664299598
-10.467118435489247
-8.20212228276312
-13.633
-13.90561997454247
-12.678674918736265
-13.22408784439896
-12.2697
-12.13333492214395
-8.977366834711383
-11.068886829643597
-12.815030664299597
-12.2697
-9.115204818470733
-13.49663492214395
-9.492076455357548
-9.519878448533971
-10.147992800703957
-11.138233669422767
-10.177324393980413
-11.588101988632712
-12.926109945764475
-10.562027514986632
-9.543099999999999
-8.752385059883261
-8.770072955015353
-9.815719974542471
-9.30303478652939
-11.588101988632712
-7.361820253650936
-8.675376050901457
-10.04279245450835
-9.465521616172987
-11.263601878009634
-9.766757408342055
-10.1238231727068
-14.041974918736264
-10.149639738253178
-10.9064
-9.065606876605035
-9.48131118302015
-8.590194193088706
-7.990821489064822
-8.316128684206275
-10.774282579266117
-10.361053231515669
-10.628123227645178
-11.316794193088706
-10.255940593440684
-11.218797452528264
-10.94303479718753
-9.103818435489247
-12.2697
-11.52797203513727
-10.349846455290354
-6.271180101710602
-9.646330049311835
-8.578469578925683
-12.2697
-12.406051045876413
-10.883178448533972
-10.0884306642996
-10.633700100907244
-10.633700100907244
-11.997000100907245
-10.085611613822588
