-10.413256441157214
-10.9064
-9.290287591613545
-6.637816157660888
-8.533365509019054
-6.380835416571177
-7.300702699545527
-6.763112574366852
-7.761837939003003
-6.824013932453934
-7.621944314712527
-10.26802540743926
-8.982085655502104
-9.909148359411077
-7.65410296720342
-9.669083145940466
-8.93207308108413
-10.00286224806851
-7.916974993880082
-6.252293297282925
-8.428667483139726
-7.548259150337735
-7.517696051192615
-6.4665941244944145
-7.234555023860521
-8.978173714060528
-8.671994633515455
-8.902591645616969
-6.791994424001375
-8.492197452528265
-7.442540806590926
-10.66633478652939
-8.944157738501202
-7.92859804906194
-8.940311358175041
-11.716787454115057
-8.255486773057676
-7.614066834711383
-7.462802008377175
-8.222102282655902
-7.608857841076763
-7.3947202334699025
-9.156105507729109
-9.103818435489247
-9.076275159235085
-9.754277842048563
-8.533763545412496
-6.760069352323791
-11.117577842048563
-8.08180325943956
-7.455234792396293
-8.707691768133984
-9.049956441157216
-9.705586829643597
-7.603683271330475
-10.070991768133984
-7.935800727755222
-9.737598607615253
-10.496005806911294
-7.433018744144782
-9.990128990276236
-10.363888386177411
-10.982086773057674
-6.61306958371692
-10.592228985484999
-7.027677842048563
-7.405170589579465
-7.712975159235086
-10.456500501400168
-8.752681022732302
-9.61209660394099
-11.038517420733882
-9.30303478652939
-9.918994706973244
-9.31499627753781
-7.9015232276451774
-8.024461027800088
-12.2697
-8.768470589579465
-8.123369352323792
-6.502328985484999
-8.784692800703956
-8.737301621240773
-8.342286829643596
-7.661458014174567
-9.264823227645177
-11.619240593440683
-9.667862373762738
-10.968781186881367
-10.496005806911294
-7.986961523923143
-8.285856181967388
-10.04279245450835
-9.374253057869572
-5.803942828492305
-7.002831944797782
-7.865628985484999
-6.810608671122123
-6.576434786529389
-10.467118435489247
-10.968781186881367
-10.707183648959857
-10.592228985484999
-7.781367297919716
-8.614363821085862
-8.652575379970074
-9.163075215821008
-8.69768383867521
-7.947682203402054
-6.760069352323791
-8.492197452528265
-9.00058838617741
-9.388054992774727
-10.00286224806851
-10.340666834711383
-7.963904414526547
-8.768470589579465
-6.109609945764476
-7.472909945764476
-7.31619245450835
-6.674984387220743
-8.572693204648145
-11.038517420733882
-10.296789455871153
-7.93973478652939
-8.818534792396292
-7.570189455871152
-11.117577842048563
-8.416912221477963
-6.049926137886488
-6.840669627997156
-8.70913761419359
-7.947682203402054
-10.968781186881367
-7.831786993792662
-8.221495286687817
-8.854429034556471
-7.344391768133985
-8.566972641622678
-6.406105806911294
-9.132705806911295
-9.228928985484998
-7.509926602795735
-7.472909945764476
-8.277918336223362
-6.502328985484999
-9.335485300102578
-10.236526602795736
-5.875555684097127
-6.442740604098826
-9.754277842048563
-8.512615809261693
-6.75471118302015
-8.097050634245921
-7.405170589579465
-8.892640593440683
-10.413256441157214
-7.438072035137269
-9.632398261419644
-9.965455684097126
-10.592228985484999
-10.056724242400541
-9.264823227645177
-7.405170589579465
-8.955021780322053
-11.208846400351979
-8.614363821085862
-5.4964282755146225
-7.865628985484999
-9.754277842048563
-9.83575983592982
-6.166040593440684
-7.637288386177411
-10.388058014174566
-10.849969352323791
-10.526375215821009
-7.4027193650863605
-8.63956224806851
-9.48666935232379
-8.162299011559439
-6.912723178573704
-7.097149816281794
-9.049956441157216
-9.049956441157216
-9.566499700817815
-5.535653402905037
-11.448911613822588
-9.374253057869572
-10.707183648959857
-8.602155684097127
-8.818534792396292
-9.29910072775522
-10.849969352323791
-9.306995160273546
-9.807334841467766
-9.58606719623642
-9.103818435489247
-8.66588096614638
-7.729346902793048
-8.591379526151632
-9.82613240970703
-10.849969352323791
-9.470738157999053
-9.605481186881368
-9.737598607615253
-10.131770589579466
-9.618786773057675
-7.94803835479871
-10.413256441157214
-11.859305806911294
-10.199509945764476
-7.1390186163756475
-8.701943434949879
-10.849969352323791
-11.703966834711384
-7.841738045968949
-8.255486773057676
-11.208846400351979
-10.798452207263272
-9.855497452528265
-7.458727862511473
-7.676448021592752
-7.231649830440914
-10.968781186881367
-9.049956441157216
-11.316794193088706
-10.968781186881367
-8.123369352323792
-10.707183648959857
-6.448409043453653
-9.941769578925683
-10.199509945764476
-6.948617420733883
-8.145300513884537
-6.776441095881753
-7.984827922813592
-10.255940593440684
-11.092731944797784
-9.816659028929932
-9.310982203402054
-6.933997575045279
-10.276012809464353
-8.390977842048564
-6.409073600930647
-12.213269352323792
-7.547374688115513
-5.684960978449746
-7.509926602795735
-10.388058014174566
-8.482246400351977
-8.229811963327315
-8.462832409707032
-11.002623178573705
-9.72137639649076
-7.640851528328553
-8.566972641622678
-10.115981022732303
-8.311917420733883
