-7.865628985484999
-7.6589961658576815
-11.777754753325404
-11.180429115232656
-6.713506827533562
-7.5102348139985775
-7.031922115902297
-10.22168165465244
-10.514165780968732
-8.276023178573704
-11.392725725840844
-8.711859496451591
-8.327296950357727
-11.238669615686845
-9.845916677865654
-10.66633478652939
-10.109781241819745
-8.512615809261693
-8.256496850642169
-7.236865315898977
-7.947682203402054
-8.242181186881368
-11.026906645000869
-9.44682572088554
-10.26589164561697
-7.734906320795832
-9.9309851253206
-8.623688008548026
-8.546274524782568
-7.892489366216912
-7.81662193440913
-11.499207986705379
-8.257171194299554
-9.33652860198871
-9.123890651512918
-8.836209945764477
-8.242181186881368
-7.82447707094836
-8.266706353710848
-7.291252255486694
-9.897063545412497
-10.45755450023475
-11.310351989967526
-10.66633478652939
-8.31683101762781
-10.877512628577954
-8.85656063180998
-9.274147415107343
-12.019964077194695
-7.800596400351978
-8.36965701381566
-8.127831126850353
-8.390977842048564
-9.163075215821008
-9.435611171223886
-8.390977842048564
-10.265797114237825
-9.108677931599743
-8.176601786138061
-9.73836281310933
-8.298513146439488
-10.208345776795351
-9.635031682866142
-10.798452207263272
-9.731607840200377
-9.08201883069918
-8.880908237825452
-9.38320248021972
-8.945235215899894
-8.445902314030597
-7.88330413885318
-7.955737751709076
-12.03854876452914
-10.849969352323791
-8.373887588044994
-10.04971737166241
-9.258442065327559
-7.337215029752404
-9.089886647597055
-10.029689158042869
-10.724923163951335
-7.9768837501420045
-12.162879684725391
-9.639323178573704
-7.666002305424477
-10.840741666354893
-7.668156593488302
-10.318768812484628
-8.868945003709092
-7.869501790667753
-10.439575159235085
-9.172498337808792
-8.46735623100952
-8.797241957931522
-8.662473142942414
-8.103272455359932
-7.226894193088706
-8.457375073702924
-7.8483647385818935
-8.279516248688884
-9.310982203402054
-10.201980163696474
-10.9064
-8.119613548456035
-10.53580680362327
-10.797426082029352
-11.208846400351979
-12.17867320310944
-9.06296957305878
-9.11808596122269
-10.982699052145819
-9.967248915308602
-9.48666935232379
-9.575576207232238
-10.008084487347205
-12.2697
-7.5576879439885
-8.693954920486938
-7.282733062937358
-8.591498190079713
-8.871319761639711
-8.868945003709092
-8.649949771821642
-10.774282579266117
-12.186950634245921
-9.845546400351978
-7.857323422714548
-9.337902903455646
-8.68744349689633
-7.289275379970073
-7.93973478652939
-8.128303413766782
-8.390977842048564
-7.5576072347775884
-9.00058838617741
-8.210169408909714
-9.690207428152068
-10.426269573058779
-11.208846400351979
-7.340075294576828
-7.57336980550836
-11.038517420733882
-8.763689349595216
-8.598782035840122
-10.413256441157214
-8.434855220888794
-7.793837608892445
-11.670757738501202
-11.859305806911294
-10.48138596122269
-7.21169699614306
-8.047682579266116
-7.88330413885318
-9.077913483555946
-11.62919164561697
-8.628090063526527
-11.038517420733882
-11.959022055600178
-8.441265980612409
-7.634781533040444
-9.918994706973244
-9.198385462865112
-7.853392418270469
-9.401584387220742
-7.712975159235086
-7.980583648959858
-8.776526137886488
-6.552690559664451
-8.409448086774185
-7.027677842048563
-8.564132954322211
-9.387761027800089
-11.002623178573705
-10.75106102780009
-10.849969352323791
-11.955528985484998
-9.460350634245922
-10.131770589579466
-10.575066228225975
-9.232422055600178
-8.994030340036325
-12.646544727935575
-9.002961430104383
-12.198215078057961
-8.255116842606915
-7.959990102153855
-11.372668814019292
-7.625563772014388
-9.538088642055241
-8.448958366248583
-8.150912628577952
-7.88330413885318
-7.801335358139233
-7.807539317092715
-8.242181186881368
-9.105229815578754
-9.206712937233487
-8.590194193088706
-11.161455220888794
-11.353428990276235
-13.09048838617741
-8.047682579266116
-9.012549877185833
-8.188748386962605
-7.591721780322053
-7.852671893095993
-10.877512628577954
-9.514212628577953
-7.649249877185833
-10.686407002553057
-9.301458024832709
-10.328652096895778
-7.457736129249267
-10.707183648959857
-8.910674688115513
-7.483773987585326
-8.956119229509623
-8.031332366051153
-11.208846400351979
-8.167495205812914
-8.1798
-11.90546478266817
-9.089886647597055
-8.097050634245921
-8.74494138746106
-8.658525919175235
-7.637288386177411
-8.23239462245921
-8.74494138746106
-11.260363545412497
-9.28362079588444
-7.726586647597055
-7.963596123102148
-8.194668568864342
-7.363014209090358
-8.524683302180195
-9.334027759127261
-8.204586692844234
-7.591721780322053
-10.015875379970073
-7.549412809464353
-10.588764731029569
-8.977366834711383
-7.905756852787709
-8.97169349645506
-8.350128979618095
-7.591721780322053
-7.734537689985037
-9.942795704159604
-8.272864607277686
-8.346194920843928
-9.057469180918234
-8.651458073500734
-8.320715554259017
-7.821305231997003
-10.1238231727068
-8.153738761233505
-9.329267397325214
-12.114361027800088
-7.75478596122269
-7.75478596122269
-8.858141107325222
-7.440614946707689
-7.170463545412497
-7.993970939250149
-7.865628985484999
-9.448825965794953
-8.434855220888794
-9.211766228225974
-7.263528990276237
-10.296789455871153
-8.17539242230081
-7.953193323798528
-9.271844193088704
-9.068381547534395
-9.031989569585068
-8.390977842048564
-8.842103409303967
-7.5945781192766555
-8.833234676161895
-7.740518435489247
-7.7419298155787555
-11.859305806911294
-11.377205083086302
-8.616216948317534
-11.207206302896068
-10.48138596122269
-8.8452494139775
-8.311917420733883
-7.496145850705508
-8.239195466458478
-8.210138247957776
-7.43535474126365
-7.089119974542472
-7.443474145084203
-12.365923178573704
-8.294472464219753
-13.39293478652939
-10.034783080620391
-7.567971842504667
-8.832632450486287
-11.681621780322052
-12.680094193088705
-10.936769408909713
-9.47600106969374
-9.646330049311835
-10.596171705245782
-10.870986613199108
-7.226894193088706
-10.423446966246864
-13.844177842048563
-8.771679668802392
-9.163075215821008
-9.203367879368695
-9.531375385836977
-8.648654304982824
-10.439575159235085
-10.60990413885318
-7.623246455290355
-10.82365063424592
-7.762321607931218
-10.423784551447298
-10.487156889621609
-10.16472701851212
-10.630151286178002
-10.66633478652939
-10.542164782668172
-9.72523981226108
-12.385955139215703
-7.27626224806851
-8.036984090337015
-7.590708301641035
-9.169340604098826
-8.286564827973205
-7.879726643574993
-9.994554548169102
-7.637288386177411
-8.214980971086941
-10.9064
-10.526375215821009
-10.455598038884883
-8.770072955015353
-8.618075893854613
-8.462832409707032
-9.35691680732296
-8.892640593440683
-9.714932712256013
-9.042783155177387
-8.024461027800088
-8.074324334726109
-10.9064
-11.52797203513727
-10.558386993792661
-11.011862075274891
-9.076275159235085
-7.438072035137269
-9.258598352442915
-12.2697
-8.533763545412496
-7.470882082044429
-8.784227183161422
-10.0132121001757
-7.700988224831907
-7.7997752158210085
-7.849255098844502
-7.5104854720939045
-9.00058838617741
-7.815564782668171
-8.242181186881368
-7.740518435489247
-8.32289796999325
-9.450142214681458
-7.5182935753084985
-8.390977842048564
-9.897063545412497
-6.663671268730844
-7.643238925382572
-10.015875379970073
-8.482246400351977
-7.7997752158210085
-7.0584925865694785
-12.365923178573704
-10.029180966146379
-10.352163772014388
-11.50911674082251
-8.651655092081835
-8.94061039956326
-9.91673747751727
-8.544627587233347
-7.502624193481303
-12.255256314288976
-11.590353222018637
-10.877512628577954
-12.572146400351977
-9.00272369724948
-8.354884616970304
-10.063815029752403
-12.891272035137268
-11.727188386177412
-8.34462858747755
-8.482246400351977
-10.67514844201161
-10.413256441157214
-11.649610002350398
-7.614066834711383
-12.480877842048564
-9.149215901601368
-11.34716360199842
-9.874325553089268
-11.002623178573705
-8.706249444236354
-9.30303478652939
-8.482246400351977
-9.037223183364942
-7.877945969549539
-10.2085494139775
-8.126066731327171
-10.469007042141252
-9.246604138853181
-6.8165
-9.228928985484998
-10.728715973410758
-9.141053408771942
-10.984685405068708
-12.047511607209342
-10.338050881015409
-10.909106267463589
-11.78956957305878
-11.145321393459449
-11.415676193523911
-9.014971449752409
-9.56735155056462
-8.434855220888794
-10.936769408909713
-7.573913238726081
-11.002623178573705
-8.929275390628215
-8.536190632848902
-10.100601621240774
-11.852097853824018
-8.066938704647583
-9.261134283205779
-8.590194193088706
-8.854429034556471
-9.561134094674827
-7.625563772014388
-8.390977842048564
-7.6513782233947065
-10.017414379229065
-7.027677842048563
-10.236526602795735
-8.093969584792585
-9.550595003709091
-8.783144717943827
-8.446249585312897
-7.610434383015363
-7.7592796433918405
-6.736330480014735
-13.112609308187823
-11.316794193088706
-8.219964916895517
-8.107013383767919
-8.479293408359332
-10.645752511090961
-7.63374655906196
-7.756231807282297
-8.37055341083333
-8.440345897028367
-8.811868103203226
-7.500453222018637
-8.226497478125037
-9.684377561685743
-8.196546907729662
-8.499167396198146
-8.533763545412496
-7.9015232276451774
-6.580395160273547
-8.719358621829942
-7.722702743498642
-10.968781186881367
-9.28266660765668
-8.685373558684324
-9.435152207263272
-7.801335358139233
-7.377045708497416
-7.739513216073179
-8.270248456235976
-8.530009915720319
-6.831490007418184
-9.758522115902297
-8.390977842048564
-10.173191227686605
-6.597561361020876
-8.267070786420426
-9.226169759872912
-7.979287553233339
-8.125394697739713
-9.09403187106709
-10.558386993792661
-8.268754132571143
-9.489126103631637
-7.760590651512917
-9.195086993792662
-8.818534792396292
-8.517832351087758
-8.25886042131468
-10.467118435489247
-8.277049303807626
-8.002115973410758
-9.103818435489247
-7.9015232276451774
-8.503289187291099
-8.788818766301292
-8.150912628577952
-9.191260172383819
-9.603183143702386
-8.350128979618095
-8.53808527020063
-8.533763545412496
-8.358076396490759
-10.510995814329478
-9.761308474158767
-9.281032197642034
-9.06378937689992
-6.643218028389258
-6.703638704647584
-9.08509679647371
-10.409088796066262
-11.316794193088706
-7.899122800944321
-8.94739607109834
-9.195086993792662
-8.396527361207639
-8.590194193088706
-8.69342424240054
-11.260363545412497
-12.04970700255306
-12.623663545412496
-11.938366228225975
-11.751358014174567
-7.976369583716921
-9.840515413678279
-11.260363545412497
-7.826710407945759
-8.70480394763117
-8.526551502163594
-8.390144675037908
-11.859305806911294
-8.123369352323792
-7.538288980403291
-10.426269573058779
-9.032569465624738
-9.571019434924326
-9.52420707353524
-8.019682633272062
-8.248288757889856
-8.699185873802257
-7.9904900479267145
-7.44970672967939
-6.912723178573704
-7.986345622600884
-7.643238925382572
-7.983238705623062
-11.213554443400835
-9.815096825655129
-8.34365433588173
-10.029180966146379
-11.62919164561697
-10.439575159235085
-11.379175379970073
-10.82365063424592
-8.200893913718406
-7.434392721562876
-11.90546478266817
-7.852260803231509
-11.208846400351979
-10.877512628577954
-7.550322380186995
-11.117577842048563
-8.96608890006195
-8.130135982171153
-11.239649268842648
-9.830926554663375
-9.004509024767216
-12.26505019595055
-11.316794193088706
-7.852180491558157
-12.572146400351977
-10.388058014174566
-10.464112959587617
-10.755793197714144
-8.052438216618325
-10.798452207263272
-11.208846400351979
-11.002623178573705
-8.242181186881368
-11.90546478266817
-11.260363545412497
-10.798452207263272
-9.30303478652939
-11.208846400351979
-10.686407002553057
-10.48138596122269
-10.40052318336494
-10.628123227645178
-11.727188386177412
-10.592228985484999
-12.680094193088705
-11.117577842048563
-10.035267442366758
-10.707183648959859
-12.029634786529389
-9.924606821666659
-8.561306821666658
-10.877512628577954
-7.502624193481303
-8.62181138679572
-12.070483648959858
-10.90545419461533
-7.825173187545982
-10.00286224806851
-10.728715973410758
-7.895912202733558
-8.404668016524965
-7.774161444263503
-6.703638704647584
-6.878881186881368
-6.713506827533562
-9.135509985089106
-12.241897332330003
-9.754277842048563
-10.575066228225975
-8.210169408909714
-8.602760149353488
-7.590320007149529
-8.73344297145444
-9.366278130361604
-11.260363545412497
-11.41301737166241
-8.523095262782446
-8.913734507159091
-9.430238704647584
-8.434855220888794
-7.423113958267128
-8.258928090743542
-9.573469408909714
-10.436841527366898
-7.500453222018637
-8.638919039241342
-8.556924816083018
-8.717153503202107
-9.667862373762738
-8.784692800703956
-8.390977842048564
-7.831786993792662
-11.339068277213556
-10.422608293466517
-8.533763545412496
-7.502624193481303
-9.573469408909714
-9.953494193088705
-10.190435001567796
-8.047682579266116
-10.48138596122269
-11.874295814329479
-10.526375215821009
-9.861771657138572
-6.878881186881368
-11.74814157582368
-9.387761027800089
-10.576762719021152
-11.097854353406655
-7.846777001210848
-8.1798
-8.207992093259085
-10.070991768133984
-10.858054633944281
-7.434483433018646
-8.975376604945481
-8.851265910563644
-7.5649608585242465
-7.359011613822588
-7.93973478652939
-11.15734981411876
-8.71204262261525
-11.47732550832957
-9.921003894838552
-7.000000018886158
-8.225497267688697
-6.982894920843927
-8.868945003709092
-11.379175379970073
-9.39139834560924
-9.47779613936052
-7.966211463771132
-10.526375215821009
-9.577265863043264
-9.376483093150656
-8.99464714646416
-10.201966697072319
-9.658316983715014
-10.801095410837105
-9.975870429331062
-13.633
-10.710158918562438
-8.533763545412496
-8.49370464129425
-6.668032366051152
-9.655248753950273
-7.631397057299534
-8.089377865953933
-7.740518435489247
-9.953494193088705
-8.208582777885258
-9.255713683249178
-8.746172950395346
-7.521498443466186
-8.556533140439546
-7.062515752675771
-7.026832626106054
-7.774710582537985
-8.154022117863551
-9.386396278059033
-9.034709066350853
-8.390977842048564
-7.7228942822594515
-11.182338800927086
-8.361311435599216
-7.330124242400542
-12.092015973410756
-9.552048386962605
-12.179804418026544
-10.970981805734604
-11.089092654527457
-9.170917365795507
-8.711313025093494
-10.901235613401772
-7.591721780322053
-10.774282579266117
-10.009611177162139
-10.877512628577954
-10.967468382807152
-11.395678736198057
-11.260363545412497
-11.208846400351979
-11.52797203513727
-11.208846400351979
-9.279521429388094
-10.715702841509193
-9.82613240970703
-9.455411485428986
-10.968781186881367
-8.412078405799765
-9.96650557070312
-10.644906879178254
-8.283030049311837
-7.363937523403445
-8.674837327991668
-7.49944800260257
-9.078353484129147
-10.877512628577954
-7.502624193481303
-12.572146400351977
-10.9064
-9.256927226967381
-7.226894193088706
-8.523095262782446
-10.839301069693741
-8.376246602324073
-8.986448900632258
-11.609454029018526
-12.240812628577952
-8.67949245450835
-9.11808596122269
-8.482246400351977
-7.614066834711383
-7.570189455871152
-7.3241434968963315
-7.465008236152954
-10.936769408909713
-9.897063545412497
-10.134979668802393
-10.847532821420558
-8.042588595835442
-8.002115973410758
-8.097050634245921
-8.700042710387656
-8.48659539322512
-10.2085494139775
-7.31619245450835
-7.1189464003519785
-7.2388556840971265
-9.627554852632827
-7.614066834711383
-9.487404239338142
-8.18578074550421
-8.559889244335787
-9.008935988038058
-12.797591768133984
-12.480877842048564
-7.687216586704826
-9.924741109187032
-7.7807206937305295
-7.9672929806113455
-8.893134399783019
-10.16479289116409
-13.20798596122269
-7.649249877185833
-8.561306821666658
-8.358076396490759
-8.994697057299534
-10.310607652343785
-10.798452207263272
-9.898731915872002
-7.509926602795735
-11.186063097424299
-10.094934011195935
-9.634245235313259
-7.9904900479267145
-7.289275379970073
-8.358076396490759
-8.636993594724334
-9.122434134991963
-8.985391189231766
-8.286564827973205
-9.369463774410008
-7.815564782668171
-7.633734624645249
-8.739057542596086
-8.386763776805626
-9.056328205182439
-8.238900991969546
-7.9768837501420045
-10.194243780761457
-8.656138522121218
-9.347489338893505
-9.543099999999999
-6.941921417644924
-8.71664015509659
-8.828899200762535
-6.819467794019353
-9.860536407770162
-8.533763545412496
-8.680115178476083
-8.027206365869876
-9.153799720629701
-9.694014988973146
-7.203672641622678
-10.60990413885318
-9.793618235721201
-9.785528284226668
-11.179959028929932
-8.17539242230081
-7.614066834711383
-7.9015232276451774
-11.73434109600779
-9.140153372621151
-9.775810166499463
-9.754277842048563
-8.152833959939066
-12.963126602795736
-11.905681104806835
-10.073161863418063
-8.663747907164739
-8.356781772706249
-10.531253464225603
-11.295329541934153
-8.641809217744623
-8.276023178573704
-7.559710002350398
-7.88330413885318
-8.10672032418953
-10.819611752619586
-10.226114167631177
-7.77221444673964
-6.846869408909714
-8.002115973410758
-7.75478596122269
-9.06296957305878
-7.413226137886488
-7.580857738501202
-8.634755214319522
-8.047682579266116
-10.173191227686605
-9.153953127462321
-8.350444836476575
-9.635362412727257
-9.387761027800089
-7.991130605819061
-8.071852207263273
-10.686407002553057
-7.622449080685156
-7.1243604859938525
-9.125959612491531
-8.94739607109834
-10.75106102780009
-7.559710002350398
-9.519522848691107
-11.117577842048563
-7.280784382076195
-10.436048698075385
-11.247742925072908
-11.33534826378383
-7.5983371973816745
-7.579771473032968
-7.4819494139775005
-8.707691768133984
-8.52111948125317
-11.859305806911294
-11.379175379970073
-8.376159815897243
-10.946912990814031
-8.825373889350626
-9.112337628038585
-8.06823743074363
-8.435902484024052
-7.507124323454834
-11.887387944139023
-8.242181186881368
-8.346194920843928
-7.818913798945744
-8.873226602795736
-8.120181550758979
-9.33966958371692
-10.296789455871153
-10.526375215821009
-7.44872544290179
-11.711057876337884
-10.686407002553057
-10.261921338944894
-9.323107002553058
-7.30048003651584
-10.815886265726402
-10.907882037487667
-10.422335514284612
-8.215339586313824
-8.385086513170688
-11.998496181721418
-9.82613240970703
-11.562241168537788
-11.038517420733882
-12.480877842048564
-7.5442034506239946
-9.785468435489246
-8.135303382296186
-8.495366992411117
-8.018369028388236
-8.965579102028915
-8.384997096544353
-9.53685619643815
-10.902284227976079
-10.255940593440684
-8.206032610795823
-9.172236017568634
-9.30237765677324
-9.195086993792662
-11.117577842048563
-10.592228985484999
-9.306215032743776
-8.533005884469242
-10.760713134764265
-7.565953055811079
-8.96608890006195
-8.311917420733883
-9.38578819814784
-7.4819494139775005
-11.379175379970073
-12.029634786529389
-9.119247022944897
-7.446591227686604
-8.434855220888794
-7.865628985484999
-8.843154805001399
-10.330338921024282
-7.790039738474872
-8.499167396198146
-10.164672035137269
-7.580857738501202
-8.350128979618095
-9.947864162859902
-10.135907986705378
-8.185750539205161
-10.438354387057359
-8.150912628577952
-7.848466228225974
-9.789115752675771
-11.508754507780505
-8.482246400351977
-7.337215029752404
-11.341148901950652
-10.48138596122269
-9.58606719623642
-10.849969352323791
-8.572693204648145
-9.485734887489388
-11.17995902892993
-8.024461027800088
-8.602155684097127
-9.387761027800089
-10.595722055600177
-8.555694706973243
-12.803130014026829
-8.1798
-7.675335766063028
-10.63231579418253
-10.558386993792661
-10.221441107325223
-7.771202513510045
-11.52797203513727
-8.73427310483101
-11.463013434583722
-11.639312809464354
-9.771440599307587
-7.4014283783457016
-7.8285067988808406
-11.420024242400542
-10.72088215176345
-9.955867237015676
-11.479281022732302
-10.496746825655126
-10.9064
-10.628123227645178
-11.751358014174567
-12.480877842048564
-8.722311613822589
-9.88008535936103
-9.197037471772326
-8.977366834711383
-8.99587064275252
-9.420967079285901
-8.701943434949879
-8.579631647340298
-8.476355071474101
-9.078972538238466
-9.543099999999999
-10.439575159235085
-9.17980893108197
-11.109179493191284
-7.181327587233347
-11.751440263764863
-9.660453202043836
-6.882444329032511
-7.880797624271918
-10.707183648959857
-10.968781186881367
-8.867524404622927
-9.369818028389258
-11.228918616375648
-10.199509945764476
-10.498973600930647
-10.1238231727068
-9.503041095881754
-10.439575159235085
-13.35452634255519
-12.527375092891544
-13.222605806911293
-12.213269352323792
-10.413256441157214
-12.401817420733883
-13.067266834711383
-10.968781186881367
-11.660089455871152
-8.90540817533901
-11.042751045876413
-8.54451795411255
-12.367915734108072
-10.944656601182443
-11.170634841467766
-12.076163110659415
-9.847424275171575
-10.41842742308428
-9.725390470626516
-8.486206774096136
-12.707620768231676
-8.63956224806851
-7.865628985484999
-12.666131473884334
-9.736577239951142
-7.916513235063362
-10.855376455357547
-5.865967237015677
-5.8335801349952074
-11.562809945764474
-8.722311613822589
-6.878881186881368
-9.019844511558878
-10.199693306153112
-8.685025893543262
-9.650293297447785
-12.352078969750403
-9.57973479718753
-8.873226602795736
-7.88330413885318
-9.545388304942541
-9.051130040544642
-12.213269352323792
-10.57169257996897
-9.515031385303576
-8.11270106969374
-8.763741323219293
-9.904647392321525
-10.472784255445266
-10.131770589579466
-7.663930141637403
-10.575066228225975
-9.272270793355034
-9.952074918736264
-8.329189025068713
-7.61772162203989
-7.433690029553629
-6.898953402905038
-11.681621780322052
-9.745879493191284
-6.069215527709439
-7.916513235063362
-8.210169408909714
-8.11801118302015
-12.756117562923507
-12.401817420733883
-12.506812221477963
-12.213269352323792
-12.926468995940194
-12.38719757504528
-6.4619450020753275
-10.115981022732303
-8.590194193088706
-8.549029642211847
-9.29519263655489
-10.413256441157214
-8.5920445813676
-9.30303478652939
-9.935993204648144
-9.567269627997156
-12.440068453827578
-7.367960000785195
-9.055127423084281
-6.074772035137269
-6.328527423084281
-12.28758153768429
-14.00906232243507
-10.363888386177411
-6.941262373762737
-9.721696522839288
-10.309614657706964
-10.352163772014388
-11.479281022732302
-12.572146400351977
-9.930272641622677
-9.19180679888084
-10.798452207263272
-9.97766382108586
-11.293572641622678
-7.376173176257052
-12.100853057869571
-9.434659018007618
-7.996876349240594
-9.089886647597055
-8.63956224806851
-7.044840599307587
-9.007736243621098
-10.10824138746106
-10.624445704159605
-8.024461027800088
-8.024461027800088
-8.752681022732302
-12.572146400351977
-11.921686993792662
-11.859305806911294
-10.916551789139449
-12.572146400351977
-8.482246400351977
-9.35651443789494
-10.029180966146379
-8.69342424240054
-8.331479448301012
-11.830418435489246
-9.729634779224071
-12.827201621240773
-10.97539660394099
-7.831786993792662
-7.838688607213129
-9.918994706973244
-11.038517420733882
-9.729431944797781
-9.618786773057675
-9.632398261419644
-10.026495820196383
-9.814783148337906
-11.90546478266817
-10.363888386177411
-9.044830230198237
-9.618114344061855
-11.410792573677089
-12.332081186881368
-11.859305806911294
-12.351473249278051
-10.968821890248254
-8.247965623219068
-12.48436617388284
-9.11866387602424
-9.925735656455085
-11.950492149887936
-10.871900513884539
-9.352402841509193
-6.488559209816332
-9.705586829643597
-12.572146400351977
-10.413256441157214
-8.96608890006195
-7.2388556840971265
-9.270026670641204
-11.249695262782446
-7.4276756855070545
-10.040102709781223
-11.830418435489246
-6.5164266435749925
-11.34798478652939
-6.388604818470733
-6.760069352323791
-10.936769408909713
-10.94303479718753
-7.8761706348845
-7.248601972768976
-7.038776880366715
-11.053507428152066
-10.294678674073404
-11.208846400351979
-10.431555980206442
-10.674282203402054
-8.219592530897495
-6.853134797187531
-10.628123227645178
-11.04596498644374
-9.72137639649076
-8.102221616172987
-8.326148845515077
-11.408852709704341
-12.480877842048564
-10.924434094674828
-11.660195202196116
-10.14823960091299
-9.729634779224071
-8.122686188463382
-8.643377949714257
-10.628123227645178
-12.2697
-9.595915376264514
-7.354587630595826
-9.073590013285088
-7.395803898354359
-8.372656238553311
-10.275604764143253
-11.889363680077341
-9.163075215821008
-9.037038301845982
-13.537830512887794
-11.368034475042382
-9.639323178573704
-8.981938854860328
-9.82613240970703
-10.501956346116454
-9.897063545412497
-11.585744337273965
-9.036526045180961
-9.145574227380447
-7.3575332768069055
-8.138635449123141
-10.40052318336494
-12.029634786529389
-6.206889455871152
-11.420024242400542
-10.496005806911294
-9.953494193088705
-9.188544676759946
-11.619240593440683
-10.968781186881367
-8.757373837264442
-9.442100343447796
-7.736631994816558
-12.680094193088705
-8.373476853608002
-10.968781186881367
-11.10678712083635
-9.095420086631968
-11.17995902892993
-8.882854029018526
-10.968781186881367
-8.031332366051153
-9.641416546696147
-11.713146455290355
-12.507406341758164
-9.68416580769649
-10.16475662917516
-11.009630049311836
-8.873226602795736
-8.67949245450835
-11.619240593440683
-12.114361027800088
-11.751358014174567
-9.48666935232379
-7.609981986768649
-10.413256441157214
-12.213269352323792
-11.448911613822588
-10.818524423286942
-11.727188386177412
-8.803018603339279
-7.151084281514218
-8.993525793481007
-11.161455220888794
-10.405583672865228
-8.766872549021807
-11.04596498644374
-11.495070589579464
-10.558551504401835
-8.463010748997993
-12.213538599121424
-11.092934779224072
-8.1201486354036
-12.472479493191285
-10.592228985484999
-9.780212221477962
-12.213269352323792
-11.39248096614638
-9.347702123681842
-7.83806987859576
-8.118544823134851
-11.52797203513727
-10.460039812763194
-10.320078676766041
-8.901097611590737
-7.263528990276237
-9.543099999999999
-8.449611714729834
-10.75106102780009
-8.86000590781854
-9.435152207263272
-8.555694706973243
-10.628123227645178
-9.264823227645177
-11.562809945764474
-9.519878448533971
-8.752681022732302
-7.09953240970703
-8.434855220888794
-10.588756402702376
-10.009333062937358
-12.325538869848652
-7.8377375329978225
-11.926541022051287
-9.705469996056504
-12.213269352323792
-10.947969070942932
-11.151997336577402
-11.005764734284451
-12.827201621240773
-9.195086993792662
-10.79894580768134
-9.101856519635321
-11.023897575045279
-9.201702410852285
-7.359011613822588
-8.43912905956623
-10.517099720629702
-9.430238704647584
-10.327158864780866
-8.614363821085862
-7.192394706973244
-8.854429034556471
-7.729900501400167
-7.289275379970073
-12.105321559587063
-8.071852207263273
-9.150129830777711
-7.43976609542655
-10.662400727755221
-10.839301069693741
-9.232422055600178
-8.563566647567244
-9.397866486983947
-9.845546400351978
-9.228928985484998
-7.741647270277674
-11.619240593440683
-10.962238869848653
-9.555061491008422
-7.236083064891002
-10.764884387220743
-8.001239476334062
-13.695545697490541
-11.660089455871152
-10.5049541938739
-12.480877842048564
-12.2697
-11.061147194372355
-8.350128979618095
-12.263837692918488
-10.628123227645178
-10.496005806911294
-10.986137463889518
-7.4181126057921345
-10.131770589579466
-9.807334841467766
-7.209393204648144
-9.264823227645177
-10.733118028389258
-7.7519048184707335
-7.3631707033488345
-10.217914086493336
-10.850507845919054
-11.639312809464354
-11.660089455871152
-11.100898607615251
-10.398009066350854
-9.9284592332528
-9.331330380123882
-11.466442952431477
-9.68266498644374
-10.507975004101688
-11.170634841467766
-9.52753097846601
-7.851859209816332
-10.085685632283678
-10.100601621240774
-11.448911613822588
-9.95042568420004
-7.7997752158210085
-9.049956441157216
-10.431555980206442
-8.123369352323792
-11.88579730432929
-9.172498337808792
-9.500421255319797
-13.166175159235085
-7.995573656378042
-9.055127423084281
-10.164672035137269
-10.14964203524018
-12.6550592332528
-9.182073861891098
-9.886395262782447
-10.255940593440684
-9.00534402352962
-8.508475417093843
-8.347136713726249
-8.708269682935533
-10.164672035137269
-9.97766382108586
-10.94303479718753
-12.692116112110538
-11.955528985484998
-9.089886647597055
-8.200280683557757
-11.639312809464354
-9.194594009776006
-11.271227587233346
-10.849969352323791
-10.75106102780009
-8.500280495026807
-9.018866685296691
-7.618638854860328
-8.498249365531665
-7.831786993792662
-8.27047678047586
-8.138083399043818
-8.98419210077597
-7.545343558620371
-8.186348895665565
-9.28745300128365
-9.941769578925683
-9.006685152519943
-9.791344113548009
-7.067922855709526
-8.80137203513727
-6.8165
-10.348050618396892
-13.222605806911293
-11.39248096614638
-11.076728979618094
-8.11801118302015
-10.015875379970073
-14.237892800703957
-7.508019761639711
-10.97539660394099
-10.62076818067403
-8.018975678563612
-7.810466161991691
-11.660089455871152
-8.712039941903257
-7.080734841467766
-11.625740848939364
-11.464915012755364
-10.849969352323791
-11.353428990276235
-9.690207428152068
-9.68266498644374
-12.332081186881368
-7.992890473117281
-9.625553402905037
-11.888637854440425
-10.953172099927542
-8.972793474914011
-10.66633478652939
-8.024461027800088
-10.100601621240774
-12.982540593440683
-11.991423227645177
-10.849969352323791
-9.965455684097126
-9.866593689910417
-10.924434094674828
-12.805127476830918
-10.9064
-6.8165
-11.751358014174567
-10.628123227645178
-9.573469408909714
-11.01607952422074
-7.359011613822588
-9.846435177602455
-9.39694064837906
-7.900654686646618
-7.769405806911294
-9.918994706973244
-10.439575159235085
-6.29516056284283
-9.435152207263272
-11.19922167102627
-12.029634786529389
-8.1798
-10.091562153027748
-8.396928381253725
-7.769405806911294
-9.697847194372354
-10.340666834711383
-7.909720728435891
-8.326907428152067
-10.164672035137269
-9.387761027800089
-8.290120836663698
-11.859305806911294
-9.264823227645177
-11.727188386177412
-10.558386993792661
-11.326343975397258
-11.825109468444706
-11.219400174487916
-10.91836149100842
-8.024461027800088
-7.72137735273905
-11.511292800703956
-11.080689353362251
-11.727188386177412
-11.594124404622926
-8.010063390283422
-8.8380068323248
-5.479841755459992
-11.859305806911294
-11.038517420733882
-11.208846400351979
-8.573843979873741
-10.658492636554891
-11.595918398074728
-11.009630049311836
-11.889675215821008
-9.97766382108586
-10.57169257996897
-10.487190651512917
-12.2697
-9.144667297919716
-9.508991635086915
-9.132705806911295
-10.779515888017512
-9.754277842048563
-6.619529324129282
-10.115981022732303
-7.987389168338397
-8.191761491008421
-10.849969352323791
-9.198385462865112
-8.754241165050527
-11.315848010187077
-9.073590013285088
-9.318592004561761
-10.75106102780009
-11.079895156506511
-10.147992800703957
-11.727188386177412
-8.818534792396292
-11.116944156112153
-7.509926602795735
-9.828302937003441
-9.123890651512918
-9.754277842048563
-7.215169578925683
-7.686656441157215
-8.737301621240773
-8.652575379970074
-6.99477639649076
-8.660103042307313
-7.563252244956288
-9.64002014589042
-7.150043364109717
-10.558386993792661
-10.628123227645178
-8.607008774114716
-7.062515752675771
-11.031162373762735
-11.32492966179675
-9.865822885383766
-7.639661430104383
-11.371333229995574
-8.08180325943956
-8.657861787117737
-10.453737670128383
-8.9834784104093
-8.505389013924791
-9.187910990823536
-12.254217780059825
-8.97282984954379
-11.602549938053546
-9.608779655953818
-10.844611183020149
-10.181834792396293
-8.96608890006195
-8.528405376108855
-9.51760561016831
-10.363888386177411
-10.029180966146379
-8.652575379970074
-8.644676358960549
-12.01405300128365
-9.705586829643597
-10.070991768133984
-10.363888386177411
-9.64583706529518
-10.612161020870602
-10.070991768133984
-10.070991768133984
-10.558386993792661
-11.208846400351979
-11.406092454508348
-11.051234589786405
-11.52797203513727
-10.320518716672717
-6.8165
-7.591721780322053
-11.170634841467766
-13.166444406032717
-11.316794193088706
-10.56168546286511
-9.145114862607644
-7.591721780322053
-7.077965980612408
-9.28362079588444
-7.310437469595883
-11.521243852880243
-12.213269352323792
-9.886395262782447
-11.260363545412497
-10.707183648959857
-6.312136793905126
-11.727188386177412
-10.181834792396293
-10.00286224806851
-10.706036216140163
-12.114361027800088
-6.584739155380231
-9.77844747004572
-7.549412809464353
-10.253973564053599
-7.831786993792662
-9.897063545412497
-8.394102980467535
-10.75106102780009
-10.496005806911294
-10.19473701188499
-11.568217048798232
-10.467118435489247
-8.230456572718346
-9.166199622370616
-10.707183648959857
-9.64650631417777
-8.499264059297035
-11.660089455871152
-8.288107992572282
-8.766872549021807
-9.228928985484998
-9.632398261419644
-10.628123227645178
-11.260363545412497
-7.858704068330939
-13.222605806911293
-12.401817420733883
-11.632431587613922
-10.630911664276212
-12.335758710366942
-8.628090063526527
-9.48666935232379
-8.342286829643596
-8.024461027800088
-8.542438772662218
-12.197338157999054
-11.04596498644374
-8.669931656978223
-7.176522831732882
-10.883178448533972
-9.352231250820505
-8.8741543638529
-8.53592046461826
-8.1798
-8.944157738501202
-12.480877842048564
-10.199509945764476
-12.506812221477963
-8.502318616375648
-11.511292800703956
-8.970574328083913
-9.228928985484998
-7.816846327902668
-7.746184255445266
-10.592228985484999
-9.633087119748868
-10.439575159235085
-11.038517420733882
-10.707183648959857
-7.78339469037426
-9.427797160292126
-8.60542715236388
-9.941769578925683
-9.126814478033419
-11.96253585622313
-12.345386773057674
-8.775715633082054
-8.639819727379887
-7.832840505933932
-9.077921386810111
-10.503500810620386
-10.301033729724887
-7.260513328406084
-9.592468054979804
-10.496005806911294
-11.92532751498663
-11.66499331101509
-11.619240593440683
-10.1238231727068
-13.1860648193262
-11.56182479732259
-8.140294694488873
-10.658492636554891
-9.132705806911295
-7.455234792396293
-10.496005806911294
-10.904982422669129
-10.276012809464353
-8.107438157999054
-11.904816763072844
-12.533934841467763
-11.463901621240772
-10.413256441157214
-11.161455220888794
-9.885710997030035
-8.061973441826447
-11.955528985484998
-10.94303479718753
-9.923480134995208
-10.453186647597056
-11.038517420733882
-10.628123227645178
-8.043467842166917
-11.208846400351979
-6.765476455357548
-9.883231905299159
-7.686656441157215
-8.18995178913945
-11.09273194479778
-7.661458014174567
-9.747549659791538
-6.661161027800089
-9.82613240970703
-10.32938890006195
-12.812211613822589
-11.860046825655129
-12.10340786840619
-9.049956441157216
-13.318828985484998
-12.114361027800088
-9.359484430281535
-8.789647420974246
-7.7997752158210085
-7.886903381956573
-8.818534792396292
-8.816945894175264
-10.595722055600177
-7.746184255445266
-12.332081186881368
-10.08857940784194
-11.053507428152066
-6.3716063207958324
-10.733118028389258
-6.9560649864437405
-12.524755220888794
-10.742021559587064
-10.058135622490049
-7.286649771821642
-7.565345859822305
-12.332081186881368
-9.440106827533562
-9.06296957305878
-7.861118587069119
-9.901385270200631
-10.551844676759947
-7.8761706348845
-9.089886647597055
-8.286564827973205
-11.639619212976532
-11.61661788759124
-11.134740599307587
-11.52797203513727
-12.69229739615077
-9.567269627997156
-10.296789455871153
-10.363888386177411
-8.11270106969374
-8.798166613523582
-6.576434786529389
-9.990128990276236
-8.413387963053399
-9.913821327054759
-9.611431726086527
-8.358076396490759
-9.815719974542471
-7.972185300102579
-7.740518435489247
-10.147992800703957
-12.406051045876413
-11.420024242400542
-10.318321780322053
-7.365111685461219
-11.39248096614638
-11.647536187035174
-8.3775970766877
-8.910674688115513
-8.80137203513727
-9.965455684097126
-8.961637197381675
-6.971247194372355
-6.8165
-10.97539660394099
-9.443599897648742
-6.166040593440684
-8.544627587233347
-10.318199979524781
-9.963043975397257
-8.123369352323792
-7.47344843935974
-10.04488118981482
-11.328755684097127
-11.038517420733882
-8.717887630595825
-8.042025781453766
-10.181834792396293
-9.798155220888795
-7.537288010313349
-7.371124163300302
-8.428215892352505
-8.776047998930885
-12.456437613650364
-11.12592544390921
-6.905798261419644
-7.663930141637403
-9.52559901155944
-7.991251931589908
-7.3415106253820275
-10.724346406218881
-12.2697
-6.8165
-11.420024242400542
-10.49541402908374
-7.836668645894636
-9.074126069154373
-9.644781407283046
-8.991190194132038
-11.101392208033317
-9.965697396150771
-9.625553402905037
-8.324634589786406
-9.178864782668171
-7.426347420974246
-8.47440425037748
-9.06131464687321
-9.52559901155944
-10.737553057869572
-10.439575159235085
-12.070483648959858
-9.531375385836977
-7.1129573776091535
-10.236526602795735
-9.729431944797781
-11.1260970345979
-9.109484255445267
-7.4207353062808314
-10.779038216618325
-8.138083399043818
-6.965203622329027
-6.406105806911294
-6.328527423084281
-9.875915809261691
-8.4942078913604
-8.861445817325126
-7.991552993669915
-6.873837214087279
-10.839301069693741
-9.537208671122123
-12.480877842048564
-7.841738045968949
-10.819317497582453
-7.605700560052611
-8.267036482201455
-10.273974688115512
-8.062065642841116
-9.435152207263272
-10.217729034556472
-9.129752814918648
-9.489729636134342
-9.194648745254312
-9.598288953377761
-11.307396001043331
-11.316794193088706
-10.467118435489247
-12.114361027800088
-9.929135131825758
-7.027677842048563
-10.484281192748272
-12.480877842048564
-9.473542544773531
-8.41514747004572
-10.164672035137269
-9.543099999999999
-10.635570793355035
-8.15317245447854
-8.81506220961367
-7.686085270961904
-7.581623705373372
-11.720125793481007
-11.109179493191284
-10.388058014174566
-8.066938704647583
-10.955768054979803
-5.618811236193205
-10.04279245450835
-11.921851504401836
-10.869114279720673
-10.496005806911294
-10.526375215821009
-11.660089455871152
-8.502318616375648
-12.45603194479778
-8.63956224806851
-10.319200228544048
-12.262968274280107
-8.162299011559439
-10.635570793355035
-11.63415189307653
-9.190224539122852
-9.427041101701025
-7.919938936040712
-7.52264865032316
-8.66588096614638
-9.952074918736264
-8.8452494139775
-13.044921780322051
-11.997000100907245
-8.741873641389718
-8.766872549021807
-10.363888386177411
-10.613503381956573
-8.290120836663698
-5.535789527441141
-7.851859209816332
-8.203969627997155
-10.271943558620372
-7.55610622664298
-11.08467639649076
-9.930272641622677
-11.353428990276235
-10.147992800703957
-12.2697
-10.798452207263272
-11.15241575267577
-9.56082898069375
-12.562726031000182
-11.18943240970703
-12.480877842048564
-6.576434786529389
-10.888899011559438
-12.332081186881368
-9.115204818470733
-7.5133744695464735
-11.725298283069584
-11.366162248068509
-11.804494325533653
-11.918415835276305
-9.904144800859147
-12.858370589579465
-8.633161389325126
-7.712975159235086
-7.787439901586122
-9.331330380123882
-9.653420836663699
-9.713428979618095
-11.495070589579464
-12.2697
-7.831786993792662
-10.085611613822588
-10.924434094674828
-11.500643402218259
-11.09273194479778
-9.203688931249474
-8.69909006235656
-11.40643688367296
-9.503041095881754
-9.893842828492305
-9.138656346116454
-8.590194193088706
-9.188544676759946
-6.588396277537811
-9.68266498644374
-10.221441107325223
-8.269098261419645
-8.80306609542655
-9.508600513884538
-13.39293478652939
-11.420024242400542
-12.944329034556471
-11.955528985484998
-10.363888386177411
-8.722311613822589
-9.319037751709077
-8.162299011559439
-10.070991768133984
-7.975111190751861
-7.8367416140629516
-10.100601621240774
-9.780212221477962
-10.849969352323791
-10.877512628577954
-10.707183648959857
-8.665141336234855
-7.831786993792662
-9.133402312184842
-12.783606249391909
-7.64551183521749
-10.203318390514504
-10.029180966146379
-9.990128990276236
-10.67199262137169
-8.34384697196182
-8.46735195424387
-10.501956346116454
-9.267630342268179
-8.1798
-11.353428990276235
-9.845546400351978
-9.09842982917458
-8.482536658698727
-11.044358016160077
-10.354490194132039
-8.66588096614638
-8.722311613822589
-7.9015232276451774
-9.369818028389258
-9.236605842279342
-11.478969486988635
-9.624873249278053
-9.785538257397581
-9.851496939557139
-9.1066445681448
-12.480877842048564
-7.513566607684515
-10.707183648959857
-9.28745300128365
-9.272270793355034
-9.543099999999999
-8.227332485960277
-8.523095262782446
-8.306026091856006
-9.855497452528263
-12.812211613822589
-7.9015232276451774
-8.462832409707032
-11.228918616375648
-11.199059835929821
-7.527370296556914
-9.653420836663699
-8.30091883200479
-8.295135404655111
-11.921686993792662
-8.123369352323792
-8.1798
-10.628123227645178
-12.087646406218882
-6.955316000047617
-14.430566834711383
-9.250203381956574
-9.941769578925683
-11.121822115902297
-9.508126118140748
-9.476688697204214
-7.844084222642334
-8.326907428152067
-9.639323178573704
-11.170634841467766
-8.590194193088706
-12.114361027800088
-12.40186676637461
-6.77926987610244
-8.823782156142103
-7.342949444236354
-6.335055313546482
-8.578469578925683
-5.939819459741645
-12.572146400351977
-7.994706784089687
-10.426269573058779
-11.417211535603949
-10.267902084449105
-11.009630049311836
-13.023389455871152
-10.276012809464353
-6.682018772707777
-6.058586730326359
-7.057157583372128
-10.13198691171813
-10.070991768133984
-11.316794193088706
-9.166199622370616
-10.764884387220743
-8.779779298088268
-7.433690029553629
-10.828821616172986
-6.820659387650096
-9.65057432316557
-11.802875159235086
-10.236526602795735
-9.755971902337844
-9.092646902793048
-8.334547194372355
-10.80840325943956
-10.246154029018527
-7.997746406218882
-9.440106827533562
-10.66633478652939
-10.628123227645178
-10.363888386177411
-11.889675215821008
-13.7090233698348
-8.42223825739758
-11.701693996345721
-9.109484255445267
-11.340963821085861
-8.430318235721202
-12.229641095881753
-9.859674803090263
-11.463901621240772
-12.2697
-7.134847991733425
-9.83770425037748
-8.692016218747233
-9.218571747604514
-7.93737121585688
-9.343883648959858
-7.267573915775936
-7.256018441356151
-12.338283194103134
-7.43553999848918
-9.875915809261691
-8.110590287895993
-9.667862373762738
-8.4734312449536
-9.071157117158553
-9.990191983538223
-10.707183648959857
-9.215159209816331
-8.408140599307588
-11.562809945764474
-9.816659028929932
-10.217729034556472
-10.798452207263272
-11.17995902892993
-11.208846400351979
-10.558386993792661
-10.707183648959857
-11.038517420733882
-7.790806574053092
-7.922233798088828
-10.131770589579466
-12.2697
-8.67949245450835
-7.289275379970073
-12.680094193088705
-9.044830230198237
-9.697847194372354
-6.273988386177411
-7.4223804133886295
-9.503041095881754
-9.470214430705127
-10.305308648420487
-11.117577842048563
-10.57169257996897
-11.420024242400542
-7.93973478652939
-7.638692079250592
-9.845546400351978
-11.463901621240772
-7.921085255212306
-9.729431944797781
-9.642816248688884
-7.898202145079793
-11.78451384769046
-11.707402503836915
-10.813442214681459
-12.262968274280107
-9.026606961509648
-8.419569250621569
-9.675217420733883
-8.358877037136333
-12.114361027800088
-7.2611403258883565
-11.081484616970302
-8.90058801031335
-11.991423227645177
-6.1466266027957355
-11.995141143153221
-8.69342424240054
-9.172498337808792
-9.999013434945224
-7.865628985484999
-10.496005806911294
-12.680094193088705
-9.343883648959858
-10.66633478652939
-7.410797944460455
-9.762797034597899
-9.087139201055935
-8.877058808194944
-7.426347420974246
-12.394462373762735
-10.406463861565442
-10.66633478652939
-10.126989349595215
-8.4942078913604
-8.830851776460833
-9.567269627997156
-8.482246400351977
-10.633078500742805
-10.164672035137269
-9.186595995898784
-9.695544895941147
-9.907927587233347
-8.583131600392303
-8.770072955015353
-6.7820005138845385
-10.388058014174566
-6.568592636554891
-12.332081186881368
-10.255940593440684
-7.60278890006195
-10.59923585622313
-6.8165
-10.66241371154214
-8.019924042632496
-12.161752207263273
-8.668578345149761
-8.626828990276236
-8.242181186881368
-10.798452207263272
-10.75106102780009
-8.028574253918189
-11.751358014174567
-9.90902503642092
-8.652575379970074
-8.722311613822589
-10.526375215821009
-10.496005806911294
-9.087139201055935
-7.808881805501236
-9.134098817458387
-8.794643852880244
-8.066938704647583
-11.023897575045279
-11.72247064275252
-10.529499622370617
-6.958317647374887
-9.369818028389258
-10.159618744144781
-7.459428956337834
-10.818524423286942
-9.930272641622677
-10.526219447949174
-10.413256441157214
-9.918994706973244
-9.667862373762738
-10.029180966146379
-10.199509945764476
-11.562809945764474
-10.318321780322053
-7.226894193088706
-6.8165
-12.815030664299597
-8.292264738827013
-8.871319761639711
-9.537208671122123
-11.562809945764474
-7.4604821561421035
-7.924153001283649
-8.79297368627999
-11.239215809261692
-9.820430211534221
-11.260363545412497
-7.3652163806396524
-8.331555948548832
-10.181834792396293
-10.316132965750922
-12.2697
-10.496005806911294
-8.63201654784594
-8.698947754059475
-10.199509945764476
-11.199059835929821
-11.305069578925682
-8.827306414566667
-7.963904414526547
-8.968551679313006
-7.179138772662217
-9.089886647597055
-9.089886647597055
-6.829005481961357
-7.309347595993743
-6.963987084251757
-7.339358931915718
-7.184405585751329
-9.392333047949034
-10.496005806911294
-10.388058014174566
-9.024758014174568
-8.276023178573704
-10.558386993792661
-10.344102503836915
-9.885181887267038
-7.983976630550215
-9.27445129033591
-12.27267526960258
-11.479125254860469
-7.79142075841022
-9.958249830440915
-7.637288386177411
-9.058251829633889
-9.72137639649076
-10.388058014174566
-10.496005806911294
-11.15241575267577
-11.228918616375648
-11.599826602795735
-9.014825875764746
-9.662767670329357
-12.114361027800088
-10.548600429370504
-9.543099999999999
-9.28362079588444
-8.301064143986665
-10.849969352323791
-11.087885475713687
-12.705128523488728
-9.00058838617741
-7.802899622370616
-8.014973188746115
-8.37578064510292
-8.660522796842738
-8.239555578732936
-9.624873249278053
-7.863196040664284
-8.123369352323792
-8.599743975397256
-9.28362079588444
-9.460350634245922
-9.592468054979804
-9.688539827423755
-8.904602084449104
-9.780212221477962
-11.751358014174567
-7.637288386177411
-6.8165
-8.69342424240054
-8.929275390628215
-6.1523842527119506
-12.2697
-8.565835131825759
-9.678185214753237
-10.164672035137269
-10.628123227645178
-11.448911613822588
-9.930272641622677
-10.363888386177411
-12.2697
-7.31619245450835
-9.735193796211371
-11.969626643574992
-9.024758014174568
-9.024758014174568
-8.722311613822589
-8.602155684097127
-9.605481186881368
-7.181327587233347
-10.628123227645178
-10.707183648959857
-10.497487844398961
-14.55715943898493
-9.268535300413928
-9.45803133169257
-8.984146028589498
-6.765856808297738
-8.312657975761235
-12.332081186881368
-8.562435656455085
-11.04596498644374
-10.388058014174566
-9.543099999999999
-7.080734841467766
-10.085611613822588
-9.31499627753781
-11.316794193088706
-11.316794193088706
-11.016720836663698
-10.849969352323791
-11.448911613822588
-11.068886829643597
-11.463901621240772
-10.354490194132039
-10.164672035137269
-11.889363680077341
-7.412901802810079
-12.161752207263273
-10.526375215821009
-7.502335810781785
-11.038517420733882
-8.524153482308439
-7.545343558620371
-11.1260970345979
-8.206441755459991
-9.327204414526546
-6.661122317822063
-8.63956224806851
-8.15317245447854
-6.406105806911294
-10.232719041974658
-9.005421046252465
-9.681954327143696
-12.161752207263273
-9.573469408909714
-11.681621780322052
-7.491036530272684
-8.319364986443741
-6.775390682451898
-9.660958705686044
-12.394462373762735
-10.015875379970073
-11.143512221477962
-9.48666935232379
-10.434216989931445
-14.585905806911294
-9.519878448533971
-9.57973479718753
-8.127149133213969
-8.915783207013495
-9.06296957305878
-7.169710476233067
-7.686656441157215
-9.918994706973244
-11.49523065275373
-11.921686993792662
-8.24283941226009
-9.195086993792662
-8.626828990276236
-10.122657888818688
-8.613131617379555
-8.96832736649836
-12.440028979618095
-9.228928985484998
-10.91836149100842
-11.66499331101509
-10.84410704524228
-10.318321780322053
-8.602155684097127
-12.891272035137268
-9.792714995779162
-8.784692800703956
-10.04279245450835
-11.340963821085861
-7.096009568135091
-10.838321301389321
-9.125935813018561
-6.703638704647584
-9.198385462865112
-11.991423227645177
-10.436890013285089
-10.526219447949174
-7.226894193088706
-7.736024496137019
-8.414267062943452
-9.327204414526546
-9.844560432318666
-8.2382471281072
-8.603365232356767
-11.009630049311836
-7.128897452528265
-10.888899011559438
-11.543395955119527
-11.119271902337845
-7.591721780322053
-10.936146501259223
-8.752681022732302
-9.754277842048563
-6.273988386177411
-12.325538869848652
-9.965455684097126
-8.56040530087249
-12.16224580768134
-9.031456593488302
-10.413256441157214
-9.195086993792662
-9.990128990276236
-6.209644770553153
-7.929560104317405
-7.071555220888794
-9.120981192748273
-9.780212221477962
-6.8165
-9.697847194372354
-8.763689349595216
-8.123369352323792
-9.109484255445267
-11.04596498644374
-11.660089455871152
-12.2697
-8.72826215302775
-10.900508671122124
-8.602155684097127
-9.26667635487685
-7.93973478652939
-7.977630656967211
-8.311917420733883
-8.42581575267577
-10.100601621240774
-9.588619241856518
-10.461506320795833
-7.284688178639677
-10.628123227645178
-9.845546400351978
-11.04596498644374
-9.605481186881368
-8.757373837264442
-8.290120836663698
-8.988863772014389
-7.398804144720086
-11.379175379970073
-9.780212221477962
-9.218605973494324
-10.015875379970073
-9.953494193088705
-10.352163772014388
-11.52797203513727
-12.161752207263273
-11.271227587233346
-8.006076347154915
-9.57847640422247
-9.766239333056985
-9.790013514283986
-9.7408970766877
-6.99477639649076
-10.195932450486287
-10.41583628692603
-10.058135622490049
-13.281715835276305
-7.359011613822588
-10.798452207263272
-11.599826602795735
-9.754277842048563
-10.558386993792661
-9.26881471226439
-12.480877842048564
-10.236526602795735
-7.683575391703882
-8.17508225657511
-10.526375215821009
-7.529340593440684
-11.22446075641161
-11.562153180136553
-13.225573600930646
-6.505822055600178
-10.363888386177411
-10.958353545943336
-6.497956857426399
-7.4747068323248005
-8.568112341045197
-9.435152207263272
-9.348127922813593
-8.590194193088706
-9.964248601788757
-9.00058838617741
-10.100601621240774
-9.11808596122269
-8.487201020622267
-9.639323178573704
-9.592468054979804
-7.0439705423292995
-9.262238555208532
-7.90560779093718
-8.471490018076326
-7.749037628038584
-6.328527423084281
-7.062515752675771
-8.051102783260083
-12.332081186881368
-10.818524423286942
-12.2697
-7.556808690510288
-8.997776801796418
-8.495215676569126
-9.753432626106054
-8.123369352323792
-7.802899622370616
-10.59923585622313
-11.366162248068509
-7.646838168485963
-9.243026643574993
-8.042964835841227
-10.496005806911294
-10.0884306642996
-10.532640604098825
-8.211417193707014
-9.188544676759946
-7.686656441157215
-10.628123227645178
-9.401584387220742
-9.125350759940147
-6.962091233553508
-9.331330380123882
-8.584302864210828
-10.707183648959857
-10.128897214835265
-11.229225019887826
-11.316794193088706
-12.2697
-7.874846156044231
-8.323878911742304
-7.359011613822588
-9.228928985484998
-10.493052814918647
-9.465521616172987
-8.640850765807052
-11.991423227645177
-10.798452207263272
-7.582582644796751
-8.597342050532392
-8.401215682153527
-9.401584387220742
-8.955021780322053
-11.109179493191284
-8.311917420733883
-7.529340593440684
-11.88889719478557
-11.239215809261692
-9.97766382108586
-9.217870296720342
-10.181834792396293
-8.873226602795736
-8.216434797187532
-7.440954828271086
-7.549412809464353
-9.48666935232379
-11.208846400351977
-7.580857738501202
-8.128776455357547
-10.66633478652939
-10.114424980661429
-7.181327587233347
-9.737845407824285
-9.754277842048563
-9.845546400351978
-10.070991768133984
-10.592228985484999
-10.495414324529532
-8.942008648420488
-7.7997752158210085
-11.239215809261692
-12.213269352323792
-8.588786731975965
-12.480877842048564
-12.401817420733883
-12.572146400351977
-11.639312809464354
-12.029634786529389
-8.633925848652991
-11.282294706973245
-7.980583648959858
-8.80137203513727
-11.639312809464354
-8.140848811204263
-7.591721780322053
-10.439575159235085
-14.307629034556472
-11.92532751498663
-11.39248096614638
-12.406051045876413
-11.179019974542472
-7.661458014174567
-11.026508401866895
-10.16747648140355
-8.685025893543262
-10.968781186881367
-8.69483562249005
-11.615306534666518
-11.30159699614306
-7.7519048184707335
-10.426269573058779
-13.729409014641163
-7.6918274230842805
-7.661458014174567
-7.367960000785195
-8.276023178573704
-8.429414995779162
-10.214417214432526
-10.297847675397145
-10.94303479718753
-7.563252244956288
-8.36370375137175
-8.291549241861173
-10.15460821776358
-7.8569854207753105
-10.973404206097245
-10.592228985484999
-10.439575159235085
-7.5195540290185265
-7.659733646128051
-8.912712809464352
-11.921686993792662
-9.374253057869572
-10.199509945764476
-10.496005806911294
-13.222605806911293
-7.2499547224152785
-8.8380068323248
-8.64733575579991
-8.234339036906869
-10.22330590781854
-10.255940593440684
-11.681621780322052
-7.487623992484504
-11.495070589579464
-12.480877842048564
-9.2394706348845
-8.875331245612632
-10.75106102780009
-11.134740599307587
-7.774758593751518
-10.070991768133984
-12.332081186881368
-8.649949771821642
-9.918994706973244
-10.276012809464353
-8.150912628577952
-7.529340593440684
-8.725279407841942
-12.812211613822589
-9.387761027800089
-9.049956441157216
-7.632570642752521
-10.968781186881367
-8.311917420733883
-10.363888386177411
-9.049956441157216
-10.529987327313854
-8.169644717636219
-8.544627587233347
-7.6689055798844254
-8.850188725495034
-8.67674500796723
-10.955768054979803
-10.410944152254013
-9.372031390470381
-11.39248096614638
-11.17995902892993
-10.467118435489247
-11.727188386177412
-11.955528985484998
-11.727188386177412
-12.480877842048564
-7.251063821085861
-8.511577993628435
-11.776556441157215
-9.592468054979804
-12.480877842048564
-11.727188386177412
-8.026958946855398
-10.523267210431174
-12.114361027800088
-10.798452207263272
-7.240670934370901
-8.984238172962446
-10.707183648959857
-8.024461027800088
-7.661458014174567
-7.661458014174567
-6.8165
-9.612096603940989
-9.68266498644374
-11.379175379970073
-9.855497452528263
-9.953494193088705
-9.953494193088705
-10.100601621240774
-10.04279245450835
-8.491194787314585
-7.889073477240653
-10.383144511558879
-9.243026643574993
-14.557018435489248
-12.256236548560214
-11.27150182239292
-10.849969352323791
-8.34384697196182
-7.591721780322053
-9.639323178573704
-12.213807845919055
-6.719507876832758
-6.676384407277694
-6.765476726951098
-7.649249877185833
-8.42581575267577
-10.631612896740503
-8.725279407841942
-9.932554238539323
-9.855497452528263
-8.912712809464352
-13.525052207263272
-12.293869627997156
-9.930272641622677
-11.282294706973245
-9.095420086631968
-12.480877842048564
-7.539291645616969
-12.592218616375648
-9.843576103468207
-8.685025893543262
-8.5136554472236
-6.9209295077858215
-6.8165
-5.765597452528265
-6.82245053920516
-8.747561527710541
-7.789273894793938
-10.393012634444856
-6.9268208366636985
-9.645625618928706
-7.455234792396293
-8.30383186945393
-11.038517420733882
-7.081475396495119
-8.619318441356151
-9.450142214681458
-10.555115835276304
-12.473356392556681
-7.301639779239828
-10.694630380123881
-9.037223183364942
-9.215159209816331
-8.280217342515245
-12.352153402905037
-11.681621780322052
-6.406105806911294
-6.6258867958039165
-7.27626224806851
-9.105512495778529
-10.04279245450835
-9.76634755251235
-9.74621314981729
-9.076275159235085
-7.251063821085861
-7.1189464003519785
-8.405534254670966
-6.9560649864437405
-7.2047553726166615
-10.11582525486047
-9.042245504465578
-10.968781186881367
-7.901153297194419
-8.595786008461518
-9.675217420733883
-10.798452207263272
-8.726768902129844
-8.449611714729834
-7.828179776686844
-10.707183648959857
-8.091924423286942
-8.018569698922214
-11.038517420733882
-8.400987868301868
-11.61933928883536
-11.54548327605465
-9.923480134995208
-11.479281022732302
-11.117577842048563
-12.161752207263273
-8.854429034556471
-11.282294706973245
-10.803406827533562
-10.316132965750922
-9.468569580651657
-8.358076396490759
-10.056724242400541
-10.694630380123881
-9.598938869848652
-9.941769578925683
-9.845645095746654
-10.490114478033417
-9.115492302655637
-9.037223183364942
-11.117577842048563
-9.935993204648144
-10.75106102780009
-7.831786993792662
-9.57973479718753
-11.463901621240772
-7.645395844588333
-8.530542828492305
-9.335485300102578
-10.968781186881367
-10.64692079588444
-8.804765016727627
-9.5158501420292
-9.44410059422588
-7.226894193088706
-9.20839257996897
-8.80137203513727
-7.769405806911294
-10.081187630595826
-8.23174790074862
-11.379175379970073
-11.731944023529618
-8.544627587233347
-9.29519263655489
-8.69342424240054
-7.980583648959858
-9.264823227645177
-10.002733578354688
-11.921686993792662
-8.319364986443741
-8.262253402905037
-6.958317647374887
-10.702969583716921
-7.737705728692655
-9.092646902793048
-10.070991768133984
-11.736738168485962
-9.420387970971056
-9.250203381956574
-9.163075215821008
-7.835085462865111
-8.908643558620371
-9.2394706348845
-6.406105806911294
-9.441601334849205
-11.038517420733882
-8.937733729724886
-9.57973479718753
-9.605481186881368
-9.789115752675771
-8.713496458424212
-13.633
-9.684917647374887
-8.427612639236095
-10.968781186881367
-10.9064
-11.328755684097127
-12.161752207263273
-12.812211613822589
-8.914757970969998
-8.392671902337844
-8.595224444405629
-8.904602084449104
-9.024758014174568
-9.897063545412497
-7.774161444263503
-11.420024242400542
-9.531375385836977
-11.562809945764474
-6.674984387220743
-9.123890651512918
-9.592468054979804
-11.353428990276235
-8.400355734773333
-8.9982248155049
-9.215159209816331
-11.15241575267577
-11.991423227645177
-11.660089455871152
-9.229625952801713
-10.467118435489247
-9.438616083144224
-11.061147194372355
-9.390500001075655
-7.226894193088706
-7.750526834139226
-9.911226056305795
-7.698092811362098
-10.849969352323791
-9.690207428152068
-10.181834792396293
-10.029180966146379
-9.745879493191284
-11.545134792396293
-9.940609786846347
-8.955021780322053
-8.024461027800088
-11.859305806911294
-8.86187660026633
-11.619240593440683
-11.068886829643597
-8.130953199232819
-7.737705728692655
-7.740518435489247
-9.460350634245922
-9.232422055600178
-8.245281228760815
-12.827201621240773
-8.578469578925683
-9.941769578925683
-8.771679668802392
-10.413256441157214
-7.980583648959858
-8.071852207263273
-10.592228985484999
-11.802875159235086
-11.161455220888794
-8.5209844809847
-7.491129034556471
-7.225490275993837
-9.941769578925683
-9.660597575045278
-8.029033047949033
-8.350128979618095
-12.524755220888794
-9.8524945365365
-10.930569627997155
-8.933489455871152
-7.656544511558878
-11.249906755432374
-7.909720728435891
-10.413256441157214
-6.377218435489247
-9.257468180674032
-10.849969352323791
-11.681621780322052
-9.435152207263272
-6.971247194372355
-12.070483648959858
-8.559055588280735
-7.671409066350853
-10.345238854860328
-9.06302220416839
-8.704810625382027
-9.098206320795832
-9.032205579884426
-10.363888386177411
-9.250095095605214
-9.360741819165465
-10.147992800703957
-9.232422055600178
-11.316794193088706
-11.117577842048563
-7.941236609599681
-7.2388556840971265
-9.503290203605518
-10.018512683516331
-11.316794193088706
-7.415013163619285
-7.2324860084615175
-9.049956441157216
-9.172498337808792
-7.638711070883997
-11.291299803257015
-9.508600513884538
-11.448911613822588
-11.161364139638376
-11.524598386880262
-14.206284264327174
-10.628123227645178
-12.891272035137268
-8.3994970345979
-8.11270106969374
-8.08180325943956
-8.850740090117073
-8.464745411911418
-8.86000590781854
-7.25851138679572
-9.991581237439986
-8.55681288231443
-11.249695262782446
-10.849969352323791
-10.737553057869572
-9.33966958371692
-9.226114628081097
-10.930569627997155
-9.543099999999999
-9.435028884273116
-9.092646902793048
-8.071852207263273
-7.543723657015684
-8.28727432316557
-9.713428979618095
-8.289407924275121
-8.67674500796723
-8.80137203513727
-9.429260878385396
-7.718382262268841
-6.273988386177411
-9.076275159235085
-10.194151776460833
-7.708417630577017
-9.227190148208233
-12.668369578925683
-11.955528985484998
-9.227190148208233
-12.332081186881368
-8.229811963327315
-8.882854029018526
-8.187547425765484
-7.178047392321525
-9.252373477240653
-11.179019974542472
-11.188478221479267
-8.590194193088706
-9.132705806911295
-10.613503381956573
-11.462418347057437
-12.40926498644374
-9.060343964910347
-8.737301621240773
-8.53268802528536
-12.2697
-11.260363545412497
-9.392333047949034
-6.971247194372355
-7.049812224561906
-11.053507428152066
-7.702306876605035
-11.921686993792662
-10.798452207263272
-9.745879493191284
-6.858259134984024
-8.42581575267577
-10.496005806911294
-9.865618616375647
-8.590194193088706
-11.17995902892993
-9.435152207263272
-9.435152207263272
-9.163075215821008
-9.30303478652939
-9.049956441157216
-11.271227587233346
-10.298907789677104
-9.387761027800089
-9.319037751709077
-8.920936187035176
-9.470738157999053
-11.474625111448578
-7.355911358138801
-11.811004444844299
-10.1228766118862
-7.563879552449734
-8.984238172962446
-9.780212221477962
-8.145300513884537
-8.63956224806851
-7.552072899535413
-11.05604853245481
-8.369385104999562
-10.296789455871153
-9.071157117158553
-11.24980100910741
-8.445767351305182
-8.460925568551007
-9.48666935232379
-10.388058014174566
-11.134740599307587
-8.071852207263273
-12.842581022732302
-10.255940593440684
-13.983874018533392
-10.206730445827377
-7.270498370201173
-7.3893810227323025
-9.667862373762738
-7.477593242268994
-9.618786773057675
-8.854429034556471
-9.132705806911295
-9.664218832004789
-8.806468827017602
-6.488559209816332
-13.576838599121423
-6.912723178573704
-7.1189464003519785
-6.978986829643597
-7.859737656607122
-10.439575159235085
-8.982857510850955
-10.995698261419642
-10.131770589579466
-10.694630380123881
-12.070483648959858
-9.410982579266117
-7.438072035137269
-7.728851870609783
-9.800711201219872
-11.58102903455647
-8.797998386880264
-7.579782218374066
-8.977366834711383
-10.670295160273547
-12.161752207263273
-11.163420124890855
-10.772158750705035
-9.049845713872555
-10.538654854988572
-12.114361027800088
-10.498973600930647
-11.859305806911294
-9.82613240970703
-10.453186647597056
-7.858704068330939
-10.728715973410758
-7.743344568144799
-10.866341095881753
-10.558386993792661
-8.867524404622927
-9.875915809261691
-8.854429034556471
-9.807334841467766
-9.51222532795687
-8.770072955015353
-8.93243312433818
-10.80840325943956
-12.680094193088705
-9.225110261992617
-9.930272641622677
-8.675376050901457
-6.79100561016831
-13.222605806911293
-8.96608890006195
-9.82613240970703
-9.467081758491211
-9.268535300413928
-10.955768054979803
-10.982086773057674
-11.282294706973245
-11.84468596122269
-11.316794193088706
-9.97766382108586
-9.552048386962605
-9.885338931249475
-11.511292800703956
-9.923480134995208
-10.393012634444856
-9.327204414526546
-10.421213847690462
-7.731286766765794
-8.55681288231443
-9.567269627997156
-6.230618716672717
-10.850238599121422
-9.211766228225974
-9.039748021592752
-11.260363545412497
-11.915144676759947
-7.181327587233347
-9.99392029672422
-8.024461027800088
-11.143512221477962
-11.18943240970703
-10.517099720629702
-12.332081186881368
-7.52325389295002
-7.635632896514763
-8.504363777881291
-8.358076396490759
-10.834038157999053
-7.5406982356796
-8.858141107325222
-8.262253402905037
-9.811978580309448
-10.839301069693741
-7.703365096131027
-6.9155859732725
-8.80137203513727
-10.517099720629702
-11.09273194479778
-12.982540593440683
-7.980583648959858
-7.215169578925683
-8.641883602819389
-8.74494138746106
-9.605481186881368
-8.35329515650651
-7.661458014174567
-7.256018441356151
-10.029180966146379
-7.658014285587577
-7.8726358562231304
-10.9064
-10.131770589579466
-10.421029948888616
-8.191761491008421
-9.598938869848652
-8.191761491008421
-11.802875159235086
-7.60952984954379
-9.519878448533971
-6.878881186881368
-7.648525332530234
-8.626828990276236
-7.686656441157215
-8.1798
-13.222605806911293
-7.646838168485963
-9.411930655797246
-8.423130606725772
-8.605791767176088
-7.790499720629701
-11.282294706973245
-8.130953199232819
-8.778150483671242
-11.619240593440683
-10.912350539205159
-8.461878221479267
-8.771679668802392
-8.23239462245921
-9.907927587233347
-8.033784075959503
-8.31510840015533
-12.092015973410756
-7.241277256663704
-9.618786773057675
-11.921686993792662
-11.928302410852284
-9.907927587233347
-10.558386993792661
-10.398009066350854
-10.10099793907488
-8.488196939557138
-8.96608890006195
-8.823782156142103
-9.947602864210827
-11.406092454508348
-9.565422282763121
-11.511292800703956
-8.109537712210454
-11.002623178573705
-11.825109468444706
-9.352317046164849
-11.08467639649076
-9.04738778781304
-8.651261120457775
-7.769405806911294
-9.541326438013265
-11.218797452528264
-8.415323708673952
-9.58036499806361
-8.784692800703956
-12.20260106969374
-10.227053222018636
-7.723839201055936
-7.574433729724887
-11.044358016160077
-7.559710002350398
-9.816659028929932
-10.542164782668172
-9.857507891360399
-8.293698331941886
-8.185750539205161
-9.087139201055935
-11.155113131679151
-10.1382062362818
-7.355911358138801
-10.717855846152432
-10.66633478652939
-11.17995902892993
-11.406092454508348
-9.28745300128365
-7.359011613822588
-9.014971449752409
-11.101392208033317
-11.859305806911294
-7.529932963342203
-9.727812043193094
-8.242181186881368
-8.135880331693862
-8.988631631777274
-8.106181989917143
-10.318321780322053
-9.555061491008422
-10.888899011559438
-9.291310172366368
-8.858141107325222
-8.191761491008421
-10.236526602795735
-10.056724242400541
-10.565002410852285
-7.09829226461924
-11.727188386177412
-9.598288596672711
-9.363227158839628
-7.7786548151889034
-11.599826602795735
-8.560180134995207
-11.938366228225975
-10.497487844398961
-7.785915901601367
-8.94329716615903
-8.504363777881291
-8.660522796842738
-10.361053231515669
-10.715702841509193
-12.401817420733883
-12.070483648959858
-11.115888615033436
-7.661458014174567
-9.20503804596895
-8.722311613822589
-6.986828979618095
-12.114361027800088
-8.912712809464352
-10.255940593440684
-9.957057335239847
-9.1066445681448
-8.382579493191285
-10.924434094674828
-12.401817420733883
-7.019279493191284
-7.529340593440684
-8.942008648420488
-9.33966958371692
-8.194183063574998
-9.343883648959858
-11.619240593440683
-9.374253057869572
-10.267902084449105
-12.240812628577952
-6.9528301749580095
-10.32938890006195
-9.59763903690687
-7.380872959491836
-11.980424638916084
-11.305069578925682
-7.821353707659914
-9.5158501420292
-8.15828882141482
-9.076275159235085
-9.102129208474121
-13.318828985484998
-12.498040599307588
-8.482246400351977
-8.242181186881368
-11.239215809261692
-11.06997849745458
-11.379175379970073
-13.222605806911293
-8.946314657706965
-10.542164782668172
-7.011821503741016
-10.75106102780009
-10.467118435489247
-11.305069578925682
-10.439575159235085
-7.27626224806851
-10.9064
-10.75106102780009
-9.882550431419695
-11.08467639649076
-10.238439605000123
-8.979648431628029
-7.44333947802532
-8.707691768133984
-12.2697
-9.392333047949034
-10.255940593440684
-6.406105806911294
-9.225456402702376
-12.480877842048564
-11.991423227645177
-12.812211613822589
-7.8761706348845
-8.319364986443741
-11.599826602795735
-12.680094193088705
-6.917619267514088
-9.264823227645177
-7.890524638916084
-7.920320795884441
-8.707691768133984
-7.233443088754271
-12.2697
-11.955528985484998
-7.413226137886488
-10.798452207263272
-8.358076396490759
-7.330124242400542
-8.599743975397256
-6.8165
-7.686656441157215
-11.98406818067403
-11.218797452528264
-10.413256441157214
-10.849969352323791
-9.434018485537761
-9.374253057869572
-10.340666834711383
-10.728715973410758
-8.8452494139775
-10.968781186881367
-11.451730664299598
-10.9064
-9.229556219138459
-9.025054125042043
-9.611664506088868
-6.955316000047617
-9.875915809261691
-6.8165
-9.118958626473816
-13.063040522555315
-9.570361403519879
-9.076275159235085
-9.20839257996897
-8.758316880204209
-9.435152207263272
-10.318321780322053
-9.713428979618095
-9.713428979618095
-12.38719757504528
-10.085611613822588
-10.707183648959857
-11.18562484888595
-10.935524248267445
-12.813621139061093
-13.711919323915783
-10.855376455357547
-11.099256238553311
-10.439575159235085
-7.132420213171604
-8.9982248155049
-10.388058014174566
-9.959444732293866
-10.510995814329478
-9.747549659791538
-14.797083648959857
-11.727188386177412
-9.60613941226009
-8.482246400351977
-9.39727148955431
-9.798155220888795
-8.180392369901517
-12.029634786529389
-7.529340593440684
-8.453359028929931
-9.435152207263272
-9.378721559587065
-11.002623178573705
-7.931892636554891
-7.88330413885318
-9.019844511558878
-7.215169578925683
-12.2697
-10.164672035137269
-7.31619245450835
-8.830851776460833
-8.107438157999054
-10.66633478652939
-6.021425111448576
-8.042964835841227
-8.741873641389718
-8.325391233553509
-5.955652709704342
-10.236526602795735
-7.43050818066363
-8.308964428741236
-9.875915809261691
-12.812211613822589
-9.789115752675771
-8.931378674073404
-9.002961430104383
