-9.754277842048563
-9.47600106969374
-13.425590911842264
-10.744268521172618
-11.322744732293865
-8.590194193088706
-13.179786647597053
-9.935993204648144
-13.121678979618096
-11.670757738501202
-8.341119414870679
-12.934633585484818
-8.933489455871152
-9.343883648959858
-9.675217420733883
-10.798452207263272
-12.440028979618095
-12.010220795884441
-9.365415973410757
-7.600558864780866
-13.59642637034111
-12.904144103081537
-13.57656935232379
-13.571235211008766
-9.132705806911295
-12.186950634245921
-10.015875379970073
-7.769405806911294
-12.401817420733883
-7.68923628692603
-12.365923178573704
-13.57656935232379
-7.451762209613671
-9.178864782668171
-10.426269573058779
-9.953494193088705
-9.48666935232379
-13.525052207263272
-13.578040955189751
-10.1238231727068
-10.628123227645178
-13.413359217744624
-9.971528287763533
-8.666554159700633
-9.177266742110513
-10.063815029752403
-12.707355596608583
-11.196570708941591
-10.236526602795735
-9.845546400351978
-9.359386501573855
-12.029634786529389
-10.439575159235085
-8.714956566851443
-8.1798
-13.281354594433934
-6.306855999920847
-12.440028979618095
-8.590194193088706
-10.66633478652939
-10.255940593440684
-9.798155220888795
-10.115981022732303
-13.844177842048563
-13.866116531468679
-10.849969352323791
-10.093059179532446
-10.798452207263272
-11.599826602795735
-11.27001182850784
-12.83484138746106
-13.268764782668171
-11.41301737166241
-10.147992800703957
-11.492675143288912
-11.465421708512661
-10.100601621240774
-12.704263821085862
-9.907927587233347
-9.425365642841115
-8.11270106969374
-11.902273003147714
-11.165110008217301
-11.282294706973245
-10.188841663134426
-9.809890698305349
-7.389086617195252
-12.472479493191285
-12.30633479718753
-9.305657804992606
-10.085611613822588
-10.276012809464353
-10.798452207263272
-11.802875159235086
-9.824225568551007
-11.819800501400167
-11.033818324711195
-12.812211613822589
-12.679739374500596
-13.57656935232379
-13.067266834711383
-11.179019974542472
-7.675436793905126
-8.04343492214395
-12.944329034556471
-12.637826056305796
-12.896880927669834
-7.961671906094123
-9.611232408236749
-8.016202535177236
-8.425197089904758
-8.29729757504528
-13.729223178573704
-11.006116248688883
-10.197539648880705
-9.822324848885952
-12.293869627997156
-10.059550375056094
-9.387761027800089
-12.498040599307588
-9.497533394144641
-10.628123227645178
-10.318321780322053
-11.776556441157215
-13.114658014174566
-12.84086924718158
-12.982540593440683
-10.677393475294046
-11.894136921545947
-12.352153402905037
-13.126692990267099
-11.703966834711384
-12.982540593440683
-12.78332424240054
-12.908434792396292
-9.120488003492618
-8.247965623219068
-8.128776455357547
-13.30461105780322
-11.859305806911294
-11.859305806911294
-9.605481186881368
-10.085611613822588
-13.166175159235085
-7.893507035542792
-10.197718496085562
-11.179019974542472
-12.958849964511545
-10.798452207263272
-10.395505579884425
-13.222605806911293
-12.52810726010735
-9.924832416513045
-6.872338869848653
-9.30303478652939
-13.525052207263272
-8.79297368627999
-12.572146400351977
-14.888352207263273
-10.643113235063362
-13.935446400351978
-10.670508587459713
-11.06997849745458
-8.223404177112469
-9.605481186881368
-10.496005806911294
-10.278057970969998
-7.394545170976886
-12.716728990276236
-12.257975385836977
-12.161752207263273
-7.048260978449746
-7.239122781641912
-9.6385574609502
-10.733118028389258
-11.72435323151567
-8.561521134729007
-12.439240073882218
-14.079399459470325
-11.030140801225622
-9.625326685029377
-9.631766999324487
-9.598288953377761
-9.70667849745458
-11.260902039007762
-10.75106102780009
-13.22408784439896
-13.564844738160769
-11.076728979618094
-12.501446091038291
-12.10621932119528
-8.466088200651646
-12.858370589579465
-5.916721986547981
-12.668369578925683
-9.639323178573704
-10.253973564053599
-10.331631614072931
-10.707183648959857
-11.208846400351979
-12.300069408909714
-13.844177842048563
-9.48666935232379
-10.183578751439738
-12.472479493191285
-13.193718435489247
-11.218797452528264
-9.63862703073668
-11.729561430104383
-11.956225952801713
-14.175511613822588
-10.0884306642996
-10.368644023529619
-9.065606876605035
-9.352402841509193
-12.186950634245921
-10.66633478652939
-10.255940593440684
-10.085611613822588
-10.03154522039564
-12.424447194372355
-14.939869352323791
-13.878388128528218
-10.302514874718314
-11.830418435489246
-11.292435131825757
-10.866341095881753
-12.440028979618095
-10.704447419855859
-10.983495272085626
-12.749227741341441
-14.080028990276235
-7.570189455871152
-7.116425593277753
-10.255940593440684
-5.82129099599823
-9.760228381253723
-11.902273003147714
-10.68742958330588
-10.9064
-9.555061491008422
-10.724346406218881
-9.93829699614306
-10.005442093837326
-11.316794193088706
-9.729431944797781
-11.379175379970073
-9.83575983592982
-11.111686513170685
-10.298907789677104
-14.296630445827377
-11.206286290701007
-9.011415150459422
-13.284986993792662
-10.085611613822588
-11.417211535603949
-12.332081186881368
-8.793290655608264
-11.628990976688705
-11.379175379970073
-13.222605806911293
-11.991423227645177
-12.401817420733883
-11.353428990276235
-10.9064
-10.164672035137269
-13.633
-12.30633479718753
-10.047492573677088
-10.958025597588778
-12.812211613822589
-11.117577842048563
-13.433783648959858
-13.222605806911293
-9.010138168485962
-12.2697
-9.163075215821008
-9.771440599307587
-12.78332424240054
-12.612995262782446
-13.633
-13.222605806911293
-12.883207342905996
-10.715702841509193
-9.911226056305795
-10.320078676766041
-8.970506795015325
-11.056398938763833
-13.381210172366366
-10.769564835841226
-13.633
-12.812211613822589
-11.830418435489246
-9.060343964910347
-13.044921780322051
-11.016720836663698
-10.592228985484999
-10.9064
-9.257468180674032
-12.447976396490759
-9.6385574609502
-11.545134792396293
-11.073579644175737
-11.894136921545947
-12.401817420733883
-8.834186005252274
-10.849969352323791
-13.695381186881367
-9.460350634245922
-10.34294843162803
-13.633
-13.633
-13.633
-9.065606876605035
-12.440028979618095
-13.477661027800089
-8.302497375979078
-11.208846400351979
-12.49278362103398
-12.891272035137268
-8.588786731975965
-8.098003867516924
-11.068886829643597
-13.023389455871152
-13.433783648959858
-10.00286224806851
-8.737301621240773
-13.252975215821008
-13.252975215821008
-9.188642279364863
-13.222605806911293
-12.982540593440683
-12.812211613822589
-10.558386993792661
-9.807334841467766
-10.592228985484999
-11.99513530041393
-12.910575398282866
-8.592567237015677
-11.448911613822588
-8.523095262782446
-10.592228985484999
-7.686656441157215
-13.66963479718753
-12.40926498644374
-11.316794193088706
-11.260363545412497
-11.134740599307587
-11.955528985484998
-9.973974876646462
-9.00058838617741
-10.442272538238466
-8.970506795015325
-10.27244050659112
-10.933661403519878
-10.30659716615903
-12.416807428152067
-9.531375385836977
-10.769564835841226
-11.681621780322052
-14.043394193088705
-9.965455684097126
-14.043394193088707
-9.924606821666659
-13.318828985484998
-10.164672035137269
-10.592228985484999
-5.712227026625173
-9.264823227645177
-8.479725593277752
-10.038676050901456
-10.252006534666515
-12.874592800703956
-10.66633478652939
-8.875082124910065
-12.489397034597898
-10.22517660026633
-10.143079298088267
-8.847073987585325
-10.09606463607318
-14.221670589579466
-10.76024064837906
-14.9963
-12.651432416513044
-10.9064
-13.852697034597899
-13.252975215821008
-12.161752207263273
-12.797591768133984
-12.680094193088705
-8.91598846743059
-12.070483648959858
-8.533763545412496
-12.827201621240773
-10.100601621240774
-12.910178751439737
-9.646330049311835
-11.546878751439737
-12.623663545412496
-12.424447194372355
-9.788219350283226
-12.118933047949033
-11.619240593440683
-11.668608648420488
-11.52291874414478
-13.57656935232379
-11.143512221477962
-12.498040599307588
-10.860833394144642
-9.857507891360399
-6.95009945822155
-10.628123227645178
-12.75578096614638
-10.115981022732303
-10.920055551297702
-12.52868502889292
-11.697174328083914
-7.525416337291823
-8.261600440426749
-10.369265590527437
-9.44638551364291
-12.656872641622677
-10.340666834711383
-12.38151242828551
-12.2697
-13.605806688867235
-11.860787844398962
-14.396497166159032
-10.496005806911294
-11.044467959939041
-11.11005639255668
-13.222605806911293
-10.855376455357547
-9.644219267514089
-10.255940593440684
-9.450142214681458
-12.2697
-11.08363717963403
-11.165385028892919
-11.495070589579464
-12.812211613822589
-12.78332424240054
-11.420024242400542
-11.703966834711384
-14.585905806911294
-11.020298331941886
-13.166175159235085
-12.668369578925683
-13.16089904516838
-12.010602902168875
-12.161752207263273
-10.80840325943956
-11.444487630595825
-10.0884306642996
-11.824806320795833
-9.430238704647584
-8.943254170358772
-11.39248096614638
-11.33239176717609
-9.150739901586123
-13.633
-13.284986993792662
-10.136590754605125
-10.322723835300552
-11.353428990276235
-8.1798
-9.27043745689118
-11.161455220888794
-10.707183648959857
-10.276012809464353
-8.888706534666516
-11.495070589579464
-11.228918616375648
-12.448300939004817
-12.19374336438872
-11.941759209816333
-12.2697
-13.695381186881367
-11.056398938763833
-7.865833414787109
-8.91598846743059
-11.619240593440683
-13.222605806911293
-13.033197166159031
-13.729223178573704
-12.645594706973245
-13.023389455871152
-10.439575159235085
-8.711487403751887
-9.567269627997156
-9.134098817458387
-11.562809945764474
-13.413007002553059
-10.413256441157214
-10.947460355080395
-8.875139605000122
-10.578459209816332
-13.525052207263272
-10.694630380123881
-7.003643560644105
-11.778877795908095
-7.8525401456788275
-8.152606688867234
-10.824681224005136
-9.855497452528263
-14.345840593440684
-9.797973072397225
-11.99513530041393
-9.73595623855331
-11.987734283205778
-11.124554505717114
-11.697174328083914
-8.697853124352317
-10.3659798561287
-11.340963821085861
-13.101242794877463
-13.844177842048563
-14.254572035137269
-11.260363545412497
-12.963126602795736
-11.233633093196213
-11.792471254223706
-12.623663545412496
-12.582097452528263
-10.9064
-13.222605806911293
-11.754872581211563
-11.859305806911294
-11.170634841467766
-11.802875159235086
-11.778877795908095
-11.942440145678827
-11.921686993792662
-12.692055684097127
-9.134098817458387
-11.727188386177412
-12.300069408909714
-11.038517420733882
-12.401817420733883
-11.038517420733882
-14.175511613822588
-14.585905806911294
-10.80840325943956
-9.188544676759946
-10.006736244444772
-9.33862073726517
-9.675957975761236
-12.021792636554892
-12.908434792396292
-9.875915809261691
-12.602515809261693
-11.315374918736264
-9.77484609103829
-10.62076818067403
-11.859305806911294
-12.842581022732302
-9.311342357717145
-11.776556441157215
-13.819331944797781
-10.413256441157214
-10.66633478652939
-11.52797203513727
-13.09048838617741
-12.827201621240773
-13.675967196236419
-13.354723227645177
-11.406092454508348
-12.951401988632712
-10.431555980206442
-13.3506804520052
-11.434291768133985
-7.961852164058703
-9.871775417093842
-10.217729034556472
-9.531375385836977
-12.358998261419643
-11.39248096614638
-11.670757738501202
-9.29519263655489
-13.139856441157216
-10.756551703939662
-6.991584616970304
-12.480877842048564
-13.222605806911293
-10.199509945764476
-13.318828985484998
-14.585905806911294
-14.648286993792661
-10.33839399634572
-11.669897166159029
-11.13814609103829
-7.061894401477555
-9.8161895017362
-10.565668036180602
-12.440028979618095
-12.926109945764475
-13.525052207263272
-10.526375215821009
-12.215426271529555
-9.03868627782923
-10.810917376453647
-11.579181689322438
-9.16136379422761
-12.30410987546741
-12.501446091038291
-12.637826056305796
-13.765117420733883
-9.163075215821008
-12.963126602795736
-11.158728859967692
-6.693802889702198
-11.77113337423728
-9.450142214681458
-10.595722055600177
-11.479281022732302
-12.742475379970074
-11.660089455871152
-8.275229635324328
-9.465521616172987
-9.737598607615253
-9.605481186881368
-9.48855622652274
-7.30728777245691
-11.206286290701007
-6.857399190831166
-11.492675143288912
-11.397209474644901
-12.982540593440683
-14.345840593440684
-9.401584387220742
-11.908673861891097
-10.333874328083912
-8.820558262204838
-7.211857443299627
-11.340963821085861
-9.930272641622677
-7.1709578640946035
-12.283355551297703
-9.729431944797781
-13.765117420733883
-9.310982203402054
-10.9064
-11.053507428152066
-13.023389455871152
-9.573469408909714
-11.100898607615251
-10.928107779680271
-11.830418435489246
-12.114361027800088
-10.164672035137269
-11.921686993792662
-12.066269583716918
-11.057314988973147
-9.854494787314584
-9.618786773057675
-7.7435429035458965
-13.252975215821008
-12.2697
-11.969626643574992
-8.057102408446939
-11.260363545412497
-9.605481186881368
-9.406781951308531
-9.570361403519879
-9.150739901586123
-10.029046419238137
-12.2697
-12.623663545412496
-11.316794193088706
-11.199059835929821
-13.166175159235085
-12.312667196236418
-12.926109945764475
-13.695381186881367
-7.825342279364863
-13.023389455871152
-8.533763545412496
-7.357976390461499
-13.835838224831907
-7.280022245611241
-13.023389455871152
-10.968781186881367
-10.164672035137269
-12.213269352323792
-13.955518616375647
-10.388058014174566
-14.939869352323791
-8.725279407841942
-10.628123227645178
-13.935446400351978
-12.176742214681457
-9.00058838617741
-9.33862073726517
-8.509507803871857
-10.00286224806851
-10.606492585008358
-9.065950590534948
-11.802875159235086
-9.365854709012293
-9.430238704647584
-13.193718435489247
-12.797591768133984
-11.703966834711384
-10.74291932119528
-11.366162248068509
-11.315611228325183
-10.142916214857053
-8.55013528897046
-11.100898607615251
-10.971656797559056
-10.712640844140768
-12.908434792396292
-13.114658014174566
-10.340666834711383
-13.139856441157216
-9.48666935232379
-6.761968105912937
-12.345386773057674
-10.524819173750133
-10.183928160518736
-9.58397000829619
-10.074758337075371
-10.892936548560211
-10.100601621240774
-9.049956441157216
-10.849969352323791
-9.17500490995677
-8.643319654983738
-11.274526056305795
-10.756551703939662
-11.356333484603736
-8.977366834711383
-12.010602902168875
-10.64960073299811
-9.48666935232379
-9.514212628577953
-12.114361027800088
-9.612096603940989
-13.633
-11.768883672865227
-12.433278497454578
