-7.170463545412497
-9.595694622459211
-11.038517420733882
-8.805141706875478
-12.050059217744623
-11.516361259404254
-9.816659028929932
-9.713428979618095
-10.181834792396293
-8.086842214681457
-6.787612628577953
-10.496005806911294
-9.457781980901746
-9.257468180674032
-9.071143140454158
-8.780352469400759
-8.375164340995191
-9.830926554663375
-9.886395262782447
-9.912377045533336
-11.807603667733607
-13.225424857388303
-11.399247595993742
-11.17409338592154
-8.024461027800088
-10.426269573058779
-10.26589164561697
-10.411914690091512
-10.048042188091234
-7.0482330902437145
-9.20558493999305
-7.027677842048563
-12.485122115902298
-10.728715973410758
-11.379175379970073
-11.874295814329479
-11.904618184102384
-6.912723178573704
-6.942543909046817
-9.134187844398962
-8.9583202493945
-11.619240593440683
-9.253824638916084
-8.090904485623556
-10.25532058191803
-11.45244809086071
-9.291310172366368
-7.359011613822588
-7.359011613822588
-8.615222080355718
-10.035947595993743
-8.024461027800088
-7.93973478652939
-9.853994090737448
-11.448911613822588
-7.740518435489247
-7.30429366041962
-9.713428979618095
-9.53331661793124
-8.80137203513727
-9.11090922284111
-9.947602864210827
-9.83575983592982
-13.284986993792662
-8.140848811204263
-10.908777818676104
-9.092646902793048
-11.722380506814217
-9.752951671975133
-10.318321780322053
-9.396478271419069
-12.052982660519294
-7.565241003067018
-10.798452207263272
-10.815481828234331
-10.776655623193088
-8.25371247233853
-9.947602864210827
-7.226109174167113
-9.201590311071737
-11.58102903455647
-10.732393496896332
-8.674692757499388
-10.066274645900485
-8.224705519714393
-8.015421559587065
-7.007031889020009
-9.076275159235085
-9.656998331941887
-10.937590593440685
-13.133763793616673
-12.060095325756459
-8.892640593440683
-10.9064
-8.289544922535221
-9.716019087176434
-8.693239696466739
-12.2697
-8.86000590781854
-11.715463772014388
-12.070483648959858
-10.130731372722735
-8.311917420733883
-8.228647326041052
-7.3359466959404775
-11.669293414821798
-10.723483371055256
-7.7708878443989615
-11.316794193088706
-8.586064115882959
-9.138656346116454
-8.482246400351977
-9.192909919589649
-8.307235853247615
-7.359011613822588
-9.316046164143804
-9.941769578925683
-8.210169408909714
-9.057087930752042
-9.571757987316316
-10.062532404866486
-12.228273836932658
-9.22200406833094
-9.978898594561926
-9.803553967260745
-11.074459658347392
-12.776112572737887
-8.80137203513727
-8.631095921599586
-11.659335221492238
-10.9064
-8.123369352323792
-8.482246400351977
-11.260363545412497
-12.52651212120027
-9.178864782668171
-10.92314690772966
-9.179709334391992
-7.980583648959858
-8.121220262243078
-9.808493499829783
-7.608288249557961
-8.608228287763533
-9.705586829643597
-8.752681022732302
-10.742251015870549
-11.161455220888794
-6.668695839933351
-12.029634786529389
-8.252974422757537
-8.0100736519983
-11.060100510311134
-8.490193817224643
-9.452677865953934
-12.982540593440683
-7.9040228890940565
-12.61101948125317
-9.886395262782447
-7.782274227380447
-10.15627368627999
-10.64692079588444
-11.316794193088706
-11.998870793355035
-11.503126137886486
-11.522216778652437
-8.522028377445725
-8.156009420458286
-6.596507002553058
-9.462697833020776
-11.251463032715078
-8.531882665378127
-9.497533394144641
-9.367282849174684
-12.972754029018526
-10.239114181486453
-7.438072035137269
-11.448911613822588
-8.708750303827687
-8.1798
-9.528480154311396
-11.076728979618094
-7.500453222018637
-9.211766228225974
-7.923224755645128
-8.235036242147123
-10.258417903575829
-6.599366438706399
-8.470900824429906
-8.024461027800088
-8.047682579266116
-10.157298763357844
-8.863109488503575
-9.653563522208955
-8.722311613822589
-7.848466228225974
-7.848466228225974
-11.379175379970073
-9.655534008262482
-11.177655806911293
-10.304052182727535
-10.728715973410758
-8.77377493645071
-9.04957043201575
-10.518522016861391
-10.900272356795895
-10.877512628577954
-10.085611613822588
-12.2697
-10.078256566851442
-10.466447910098191
-8.925091107013873
-9.941769578925683
-8.303431877096235
-12.04970700255306
-6.773706018176075
-9.607682214370616
-9.733797028234626
-6.8697517469979
-11.260363545412497
-9.737028098990834
-10.717949811185306
-11.727188386177412
-11.590353222018637
-8.466795572820338
-14.76598516977741
-11.802875159235086
-8.590194193088706
-7.359011613822588
-9.108247317441021
-7.7033461051068155
-10.821309528652042
-9.414292248537524
-11.002623178573705
-9.957068121810549
-11.60308239374035
-10.280110221437841
-10.642335724876204
-10.730472869854745
-10.532281664383117
-9.670426260027334
-10.197478113261369
-10.26589164561697
-8.434855220888794
-10.21865487316136
-10.002219039241341
-10.977620997717304
-10.707183648959857
-11.161455220888794
-9.592468054979804
-10.32087878962778
-10.5049596861179
-10.327602691920283
-6.168385301506511
-10.566275137452216
-10.620774892452447
-11.72576911182497
-9.828500012380164
-10.770841347979545
-10.061878435207998
-9.571757987316316
-10.568243568137806
-7.92217631799877
-10.116374701750583
-10.379946908612322
-10.470851242595998
-10.177817190790492
-10.498151952546992
-11.384315974485975
-9.722863825130272
-10.558386993792661
-8.860032422669128
-8.763689349595216
-9.953494193088705
-8.222130899918135
-8.914757970969998
-9.610767594029031
-7.002831944797782
-12.2697
-9.543099999999999
-10.95834790074862
-8.981938854860328
-8.957967475141658
-9.11808596122269
-7.9015232276451774
-9.48666935232379
-8.76054924851541
-7.405170589579465
-10.100601621240774
-10.255940593440684
-7.740518435489247
-10.296789455871153
-7.097720764896123
-7.5362887296252055
-10.707183648959857
-7.637288386177411
-10.070991768133984
-9.807334841467766
-6.853197787098455
-8.8452494139775
-9.953494193088705
-7.686656441157215
-8.168075385836977
-7.109159835929821
-7.8060406040988255
-10.15460821776358
-7.27626224806851
-9.361046406218883
-8.722311613822589
-12.38719757504528
-8.221495286687817
-8.220860355080397
-9.787324302996856
-7.818773861891098
-7.749037628038584
-8.87096644864409
-7.9015232276451774
-7.521498443466186
-9.638705519709669
-8.384249659791537
-9.975201972768977
-11.293572641622678
-10.592228985484999
-9.754277842048563
-8.555694706973243
-7.374001621240773
-9.012549877185833
-7.870027180029447
-6.67034064837906
-8.562435656455085
-8.993525793481007
-8.538085270200632
-8.707691768133984
-7.850499683002725
-6.703638704647584
-6.4851662282259745
-9.28156272058359
-8.491035544963673
-9.335485300102578
-8.773290754605126
-10.541344197149224
-9.858010926276052
-9.029712634444856
-8.75894641101012
-11.579181689322438
-8.955021780322053
-8.276023178573704
-9.30303478652939
-9.675217420733883
-7.955737751709076
-8.1798
-8.708567206449466
-7.770810686943716
-7.770810686943716
-11.117577842048563
-12.2697
-9.00058838617741
-9.123890651512918
-8.794643852880244
-12.006413235063361
-10.288391107013872
-8.123369352323792
-8.52787221653462
-8.259876275725475
-9.024758014174568
-8.716420284944713
-11.930026611009318
-9.365854709012293
-7.5545390204233325
-8.933489455871152
-8.64733575579991
-8.462832409707032
-11.260363545412497
-12.352153402905037
-11.117577842048563
-9.141654193873899
-8.630620296724219
-7.7519048184707335
-9.387761027800089
-9.211766228225974
-5.886531617379554
-8.03364064837906
-9.561134094674827
-9.343883648959858
-9.065606876605035
-10.977395729083407
-9.649864827973206
-8.128776455357547
-10.147992800703957
-10.877512628577954
-9.531375385836977
-9.592468054979804
-11.889675215821008
-10.548600429370504
-8.314885214753236
-9.253824638916084
-7.9015232276451774
-8.150912628577952
-10.66633478652939
-8.043467842166917
-7.498149561913176
-10.98546042131468
-8.69483562249005
-8.861445817325126
-9.952074918736264
-7.3893810227323025
-9.543099999999999
-10.379377385865002
-8.498249365531665
-8.147370801462502
-10.704447419855859
-9.845546400351978
-10.290479552449733
-9.667862373762738
-7.8060406040988255
-10.526375215821009
-11.406092454508348
-12.029634786529389
-9.129752814918648
-8.9982248155049
-11.683332274420543
-11.366162248068509
-10.013249771821641
-9.35670885079567
-8.869419041974657
-7.637288386177411
-9.435152207263272
-10.9064
-10.181834792396293
-9.573469408909714
-10.246154029018527
-9.029712634444856
-10.388058014174566
-12.758478345149761
-11.490289349595217
-11.679432965750923
-6.109609945764476
-6.091934792396293
-10.087021139061093
-8.652575379970074
-9.024758014174568
-7.9015232276451774
-10.070991768133984
-9.27603000387049
-7.508019761639711
-8.3994970345979
-8.389288615033436
-9.383224042632497
-10.834038157999053
-10.64692079588444
-10.026495820196383
-8.933489455871152
-10.556765069812528
-6.257546949962246
-8.905196532468556
-8.36370375137175
-9.343883648959858
-11.068886829643597
-9.175673003147715
-9.798155220888795
-8.453359028929931
-9.855497452528263
-8.3104390837182
-8.830851776460833
-8.90058801031335
-11.564606832324799
-9.412405263972703
-7.791728089674415
-6.576434786529389
-8.438510008217301
-8.760523172706801
-7.678983672865228
-12.257975385836977
-9.264823227645177
-10.72000885079567
-8.236941562711204
-8.986546455290355
-7.642044023529619
-10.849969352323791
-7.64429724435636
-10.015875379970073
-8.085657766958194
-9.918994706973244
-8.47245983592982
-8.412396484196444
-8.544627587233347
-7.93973478652939
-10.94936719623642
-10.75106102780009
-10.643113235063362
-8.276023178573704
-11.830418435489246
-11.511292800703956
-7.215169578925683
-7.869122055600177
-8.991190194132038
-12.623663545412496
-10.798452207263272
-11.476302882980427
-10.860833394144642
-7.614066834711383
-7.862156402702376
-8.326907428152067
-7.330124242400542
-11.198090018076325
-11.410237677978385
-11.1338705423293
-9.934844661771622
-8.993525793481007
-8.360481573801755
-7.614066834711383
-8.326907428152067
-9.845546400351978
-11.208846400351979
-9.225456402702376
-8.492197452528265
-6.708552207263272
-9.310982203402054
-11.89909833780879
-8.826490613663555
-10.0884306642996
-8.1798
-8.043467842166917
-6.8165
-9.163075215821008
-11.802875159235086
-11.208846400351979
-10.199509945764476
-10.496005806911294
-11.859305806911294
-9.042283672865228
-8.892640593440683
-9.464186572528705
-9.089886647597055
-8.797998386880264
-7.823295995898784
-8.768470589579465
-11.859305806911294
-9.952068778899212
-9.188642279364863
-8.792739032122842
-8.614363821085862
-10.363888386177411
-8.512615809261693
-9.343883648959858
-8.836209945764477
-7.534892564022797
-10.592228985484999
-8.452457508135764
-9.163075215821008
-10.423643964910347
-9.948776449663816
-11.776556441157215
-10.995698261419642
-8.933489455871152
-9.215159209816331
-7.345837614193591
-7.529340593440684
-8.787991269776406
-9.323107002553058
-12.56235983592982
-9.435152207263272
-9.939251331701255
-9.343883648959858
-9.460350634245922
-8.471490018076326
-9.980403773267511
-8.892640593440683
-9.387761027800089
-8.506416028349134
-8.379253227885542
-8.67674500796723
-8.703375294576828
-7.244928287763534
-7.848466228225974
-10.403048021592753
-6.89759387609143
-9.675217420733883
-7.0957248488859515
-9.980135948548698
-7.583014657706965
-8.912712809464352
-8.350128979618095
-9.690207428152068
-8.1798
-9.713428979618095
-10.164672035137269
-6.41265470257686
-7.658750543092417
-7.702306876605035
-8.661857800040089
-8.086842214681457
-8.319364986443741
-9.62013392646521
-7.6589961658576815
-9.27603000387049
-9.228928985484998
-10.526375215821009
-7.865628985484999
-10.173191227686605
-9.503041095881754
-8.216434797187532
-10.181834792396293
-8.578469578925683
-9.713428979618095
-7.210774403564985
-9.129752814918648
-8.149223401562827
-8.066449589653077
-7.097625568551007
-10.94303479718753
-10.298907789677104
-10.199509945764476
-5.820224523584012
-9.415738216618324
-8.024461027800088
-9.243026643574993
-6.967414988973147
-9.076275159235085
-8.164602803054356
-9.748386513170686
-10.070991768133984
-7.656544511558878
-8.241523692458243
-7.225490275993837
-9.997433686622308
-9.952074918736264
-9.543099999999999
-9.894399008382663
-10.943549521151237
-11.681621780322052
-12.213269352323792
-7.589532965750923
-8.354884616970304
-7.344391768133985
-7.676448021592752
-9.22200406833094
-8.955021780322053
-7.545343558620371
-9.780212221477962
-8.96608890006195
-9.625553402905037
-7.749681653170159
-9.812911714729834
-12.842581022732302
-10.421029948888616
-9.435152207263272
-10.018512683516331
-9.48666935232379
-8.555694706973243
-9.855497452528263
-9.697847194372354
-8.290120836663698
-7.980583648959858
-8.483234013036652
-7.950489195229441
-8.147538980320949
-9.460350634245922
-11.170634841467766
-9.697847194372354
-8.818534792396292
-8.071852207263273
-7.498149561913176
-5.616795980510151
-8.416912221477963
-9.72137639649076
-9.953494193088705
-12.746152903455647
-9.679451045876416
-9.023603668229477
-11.451730664299598
-6.8165
-9.705586829643597
-7.529340593440684
-10.526375215821009
-8.437532856252773
-10.968781186881367
-9.570361403519879
-8.738745611389342
-10.558386993792661
-9.415738216618324
-10.318321780322053
-9.897063545412497
-9.132705806911295
-11.17995902892993
-11.337274876646463
-7.698617932165637
-10.40052318336494
-8.55013528897046
-10.684162694558077
-9.470738157999053
-10.066675294576829
-11.284533173409653
-9.032205579884426
-8.626828990276236
-8.933489455871152
-8.80137203513727
-9.343883648959858
-8.185750539205161
-10.439575159235085
-9.754277842048563
-9.452677865953934
-7.591721780322053
-9.608779655953818
-7.302513688870337
-9.798155220888795
-12.668369578925683
-10.76024064837906
-10.96029018898749
-7.8726358562231304
-11.43573761419359
-9.163075215821008
-9.705586829643597
-10.467118435489247
-8.390977842048564
-9.575342073624837
-9.897063545412497
-7.997311217910293
-12.592218616375648
-8.453359028929931
-7.614066834711383
-8.066938704647583
-11.830418435489246
-9.348127922813593
-10.707183648959857
-9.653420836663699
-7.712975159235086
-9.00058838617741
-7.361979407841941
-8.679350300886972
-7.405170589579465
-14.345840593440684
-8.376770735078088
-9.592468054979804
-8.010953057869571
-10.413256441157214
-7.614066834711383
-9.435152207263272
-10.513053795426192
-8.782125259496073
-9.953494193088705
-7.908970793355035
-10.33612984954379
-11.495070589579464
-13.002612809464352
-7.656544511558878
-9.243026643574993
-7.066114995779162
-7.025398522342709
-10.363888386177411
-10.526375215821009
-9.257468180674032
-8.977366834711383
-7.0598306067257734
-7.84509257996897
-7.529340593440684
-8.462832409707032
-7.232366482132822
-8.1798
-7.306631656978223
-7.032433479400772
-6.846744774940791
-8.411563605678863
-9.349987717454225
-8.80137203513727
-7.3893810227323025
-5.953052604273461
-7.044840599307587
-9.129752814918648
-8.326907428152067
-6.8165
-6.8165
-8.892640593440683
-11.434291768133985
-7.7997752158210085
-7.529340593440684
-8.453359028929931
-8.47245983592982
-11.703966834711384
-7.071919686069389
-8.725279407841942
-8.525213596588399
-11.533068827017603
-11.250753482308438
-9.795428859967691
-8.311917420733883
-7.8552717476045135
-8.071852207263273
-7.524818673952482
-8.150912628577952
-8.402076880366716
-9.352402841509193
-8.262253402905037
-7.88330413885318
-11.987734283205778
-9.80089419416436
-8.145300513884537
-7.980583648959858
-9.780212221477962
-7.314817137589874
-11.316794193088706
-7.246150318470172
-10.190606414566668
-9.494798637933004
-11.101127119269663
-9.123890651512918
-9.872807803871858
-8.993525793481007
-7.3893810227323025
-8.334547194372355
-7.831786993792662
-7.561791107013873
-9.918994706973244
-11.410792573677089
-9.00058838617741
-8.531614455331784
-9.660597575045278
-8.738517378684744
-9.50470344699862
-10.030528119553916
-9.153799720629701
-9.474944738160769
-8.506991935525821
-8.888706534666516
-9.19180679888084
-8.902591645616969
-7.169065749853012
-9.387761027800089
-9.420532361574669
-8.854429034556471
-8.156578448533972
-11.385828173058226
-10.22517660026633
-8.452457508135764
-10.164672035137269
-8.798572585518176
-10.126989349595215
-8.097050634245921
-10.798452207263272
-7.7997752158210085
-7.865628985484999
-8.912712809464352
-7.787439901586122
-8.763689349595216
-6.853134797187531
-8.47733289773629
-7.955737751709076
-9.492076455357548
-7.513758808194945
-9.352402841509193
-9.435152207263272
-9.745879493191284
-9.195086993792662
-9.178864782668171
-9.590540520991373
-11.910920831567212
-10.57169257996897
-11.031162373762735
-8.024461027800088
-7.740518435489247
-7.787439901586122
-8.20212228276312
-8.430318235721202
-8.173908671122124
-8.002115973410758
-10.082658621829943
-10.255940593440684
-9.48666935232379
-9.807334841467766
-7.926850380287029
-7.293765810748003
-7.293500722914079
-7.2641591911523165
-6.703638704647584
-7.865628985484999
-9.01740296720342
-9.514212628577953
-10.115981022732303
-9.29910072775522
-8.870471013996227
-9.952074918736264
-11.315374918736264
-10.3615248155049
-12.23520051388454
-8.366131944797782
-9.953494193088705
-9.095420086631968
-11.208846400351979
-8.931378674073404
-7.723839201055936
-9.770570542329299
-9.156875434908452
-9.11808596122269
-10.53579833780879
-12.680094193088705
-9.068255980206443
-10.496005806911294
-7.963904414526547
-7.967202883598994
-8.581962649040863
-7.681530230198237
-8.483234013036652
-7.770810686943716
-9.312121425961513
-9.815719974542471
-8.524153482308439
-12.55273240970703
-10.707183648959857
-8.752681022732302
-10.236526602795735
-10.180095955119528
-9.211766228225974
-10.212204201306006
-8.264981857812751
-6.674984387220743
-10.217729034556472
-10.496005806911294
-6.430275434908451
-5.955652709704342
-9.352402841509193
-8.836209945764477
-9.042283672865228
-10.64692079588444
-11.12097082363892
-9.147756542948146
-9.605481186881368
-10.936769408909713
-9.348127922813593
-9.555061491008422
-10.363888386177411
-8.426746235751963
-10.11428022086623
-10.075339941903257
-10.2013068323248
-7.421557288458087
-11.414412127707129
-8.3775970766877
-8.722311613822589
-8.390977842048564
-7.993408850795671
-9.48666935232379
-10.056724242400541
-8.873226602795736
-6.318230230198236
-10.318321780322053
-10.04279245450835
-10.204917048798231
-10.496005806911294
-10.798452207263272
-8.602155684097127
-9.705586829643597
-12.161752207263273
-9.002961430104383
-7.226192234541271
-10.340666834711383
-6.6388159734107575
-9.141654193873899
-9.178864782668171
-8.334547194372355
-7.156631905299159
-8.374298607615252
-7.816087442818003
-9.30303478652939
-8.97282984954379
-8.64733575579991
-8.664536870978496
-7.191278639409633
-8.486206774096136
-8.652575379970074
-9.690207428152068
-9.644219267514089
-8.707691768133984
-6.7235422146814585
-9.264823227645177
-10.236526602795735
-9.72137639649076
-11.619240593440683
-10.181834792396293
-12.332081186881368
-9.30303478652939
-8.719358621829942
-7.484322457904471
-7.831786993792662
-6.8165
-7.016783043952952
-9.6385574609502
-8.543532168480214
-10.580283515726974
-10.924434094674828
-7.796667210431173
-8.620314360291022
-6.832705764862156
-8.710586999659567
-7.9472822887180365
-8.939867330834437
-10.883178448533972
-9.675689762566996
-9.845546400351978
-7.908970793355035
-8.350128979618095
-12.2697
-9.311382388390037
-10.276012809464353
-10.262427450487573
-8.754241165050527
-8.311917420733883
-10.255940593440684
-8.347765408945584
-9.065950590534948
-8.811609875242233
-11.229940314070387
-8.475671552692779
-9.53253745425159
-10.255940593440684
-10.558386993792661
-7.8761706348845
-9.845546400351978
-10.073886999659567
-10.333874328083912
-9.729431944797781
-10.35917064275252
-8.66588096614638
-7.291780538963348
-7.1927299378969
-9.33966958371692
-6.8575603550803965
-8.808177554515808
-7.802899622370616
-10.131770589579466
-10.100601621240774
-10.015875379970073
-9.073590013285088
-9.30303478652939
-9.070916989931444
-9.378721559587065
-10.66633478652939
-12.49950092879078
-10.363888386177411
-8.770072955015353
-9.953494193088705
-9.771440599307587
-11.30066368324918
-10.403242718629423
-8.808177554515808
-11.08467639649076
-8.024461027800088
-7.256018441356151
-8.561306821666658
-8.19055440870005
-11.859305806911294
-8.912712809464352
-11.647536187035174
-9.639323178573704
-9.049956441157216
-7.226894193088706
-10.592228985484999
-10.66633478652939
-10.66633478652939
-12.33869660394099
-7.772373600930647
-10.936769408909713
-10.798452207263272
-11.479281022732302
-9.598938869848652
-9.958249830440915
-7.8726358562231304
-8.514696913925167
-13.633
-7.089160323251182
-9.622402182727537
-8.111117278288756
-8.766872549021807
-8.013630109908151
-7.281692968392888
-8.36289656151642
-9.612096603940989
-7.409990754605126
-9.103818435489247
-8.01452515719452
-8.517832351087758
-8.52733953663618
-8.86000590781854
-8.192971039268063
-9.04738778781304
-12.426276288454673
-12.798972142611861
-11.06577882425376
-8.955021780322053
-8.768470589579465
-10.070991768133984
-9.195086993792662
-12.923134676161895
-9.713428979618095
-9.172498337808792
-10.650753001283649
-9.335485300102578
-7.661458014174567
-8.546824523584013
-9.195086993792662
-8.848904201306008
-9.83575983592982
-8.123369352323792
-7.203672641622678
-6.881518490427625
-6.982111236193205
-9.575967613743435
-6.288371449752409
-8.212667613743436
-12.287734094674828
-9.705586829643597
-7.746184255445266
-9.20503804596895
-9.387761027800089
-9.83575983592982
-9.907927587233347
-10.849969352323791
-8.145300513884537
-10.352163772014388
-8.660522796842738
-7.3604936513102555
-6.896237463889518
-9.420532361574669
-9.012549877185833
-10.029180966146379
-11.031162373762735
-8.573315303343568
-8.081301714583496
-8.90058801031335
-8.89660096718484
-8.610674876646463
-8.191761491008421
-7.537288010313349
-7.4296736862799895
-7.330124242400542
-9.420532361574669
-8.80137203513727
-8.496225180082536
-8.80137203513727
-11.703966834711384
-10.147992800703957
-7.49670590781854
-9.953889304109682
-8.676330342957232
-7.486154370464856
-7.2356021928506165
-7.607274328083912
-8.3994970345979
-11.269038772662217
-7.886903381956573
-7.614066834711383
-8.608228287763533
-8.11270106969374
-7.634479158876101
-7.5122229482748795
-7.4664859369881595
-8.22276719623642
-9.978898594561926
-9.543099999999999
-9.163075215821008
-7.8060406040988255
-8.33763091835987
-11.511292800703956
-11.032713422770394
-12.319711963327313
-8.057232361574668
-8.586652365973254
-7.585179463289337
-7.707616989931444
-10.707183648959857
-9.406264835841226
-7.438072035137269
-7.686656441157215
-7.374001621240773
-8.512615809261693
-8.578469578925683
-8.492197452528265
-9.68416580769649
-8.042964835841227
-6.892186773057675
-8.138635449123141
-9.119531807282296
-7.948482844047628
-8.011398393480773
-8.354884616970304
-8.468590059623246
-7.49815
-8.453359028929931
-8.382579493191285
-8.382579493191285
-8.366131944797782
-8.283030049311837
-8.134233394144642
-7.537288010313349
-7.374761177043698
-8.427612639236095
-8.006518028389259
-9.874877993628434
-8.37101841270343
-7.5547449949139045
-7.243708774114715
-8.005686829970958
-8.203353205591473
-8.319364986443741
-9.264823227645177
-10.968781186881367
-6.120473987585326
-7.886903381956573
-9.109484255445267
-10.859219929256454
-9.169340604098826
-7.539291645616969
-7.27626224806851
-8.071852207263273
-11.426730413525283
-8.544627587233347
-9.845546400351978
-8.409884558351031
-9.634467245472104
-10.180095955119528
-8.133356897067946
-10.408130230198237
-9.897063545412497
-9.27603000387049
-9.907927587233347
-10.181834792396293
-10.798452207263272
-9.20839257996897
-6.888163606951384
-7.290592563310169
-9.667862373762738
-9.572224248267446
-11.495070589579464
-10.674282203402054
-9.492076455357548
-8.460925568551007
-8.126066731327171
-8.487201020622267
-8.067918148489104
-7.990391359247735
-8.359678761926647
-7.2388556840971265
-7.2388556840971265
-9.185300429370505
-9.48666935232379
-7.4174587419297895
-8.042964835841227
-8.373476853608002
-6.100706414566668
-7.09953240970703
-9.587980198440807
-8.768470589579465
-11.208846400351979
-8.45241997454247
-8.740345708497417
-11.206876103468206
-12.066269583716918
-9.246876106565088
-10.029180966146379
-7.943695160273546
-8.323878911742304
-7.381641387461061
-9.604824421253445
-9.232422055600178
-6.568592636554891
-8.38174617332511
-7.4711184960855626
-7.403093976719977
-7.498014771661294
-7.29191268351633
-7.173269075602073
-7.862571779310185
-8.523095262782446
-8.277417934618422
-9.081682262268842
-8.63956224806851
-11.324034259483017
-8.1325910250827
-10.255940593440684
-10.115776082029353
-7.344391768133985
-7.980583648959858
-9.2394706348845
-7.686656441157215
-8.176847008007353
-10.496005806911294
-7.374001621240773
-7.438072035137269
-8.077802746468432
-8.8452494139775
-10.131770589579466
-8.993525793481007
-8.830851776460833
-8.412510166499462
-7.1189464003519785
-8.760523172706801
-8.123369352323792
-8.912712809464352
-8.345411236193206
-7.0580472509582775
-7.809198337808791
-12.480877842048564
-6.8165
-10.0884306642996
-8.869419041974657
-10.164672035137269
-11.366162248068509
-11.289035656455086
-10.296789455871153
-9.656281101488123
-8.70913761419359
-8.385086513170688
-10.164672035137269
-10.199509945764476
-9.120981192748273
-7.8569854207753105
-7.294296342743339
-11.117577842048563
-6.878881186881368
-8.5209844809847
-7.943297928680532
-8.927179552449735
-8.804765016727627
-8.699090062356563
-10.9064
-8.02491664434214
-9.605481186881368
-10.388058014174566
-7.432180706259393
-10.707183648959857
-9.519878448533971
-8.822027862511472
-10.236526602795735
-10.558386993792661
-7.591721780322053
-8.076309495570529
-8.02537261176335
-8.955021780322053
-9.503041095881754
-7.712975159235086
-8.955021780322053
-9.952074918736264
-9.934844661771622
-9.143745145231215
-8.871319761639711
-7.8060406040988255
-8.37101841270343
-8.72826215302775
-8.555694706973243
-9.450142214681458
-8.326907428152067
-7.331535622490049
-10.318321780322053
-7.928010172366368
-7.498149561913176
-8.848904201306008
-9.037223183364942
-6.617283648959858
-7.0900590289299315
-7.131915676569126
-8.114289109091489
-8.892640593440683
-9.132705806911295
-8.3104390837182
-8.590194193088706
-8.115350173295148
-8.560180134995207
-9.034709066350853
-11.109179493191284
-9.425365642841115
-10.015875379970073
-10.164672035137269
-7.436382808122142
-8.858141107325222
-8.610674876646463
-9.930272641622677
-9.27043745689118
-7.757681192748272
-7.781367297919716
-7.424691269776406
-9.68416580769649
-9.73595623855331
-9.731870137675873
-9.123890651512918
-11.162366804852056
-8.806468827017602
-12.634527587233347
-10.592228985484999
-7.585179463289337
-9.897063545412497
-8.626828990276236
-10.413256441157214
-10.181834792396293
-9.48666935232379
-8.390977842048564
-6.899702475446033
-10.04279245450835
-7.472909945764476
-8.768470589579465
-9.555061491008422
-10.276365024655917
-8.224041844020824
-9.11808596122269
-8.158860045450618
-10.852126271529553
-8.123369352323792
-7.228079526151632
-8.283030049311837
-9.425445211940797
-7.226894193088706
-8.22276719623642
-11.434291768133985
-8.69342424240054
-7.850839272152946
-8.311917420733883
-7.97301979448622
-7.973855466702832
-8.873226602795736
-9.870606075102494
-9.392333047949034
-9.076275159235085
-8.912712809464352
-9.865618616375647
-10.100601621240774
-7.7997752158210085
-7.825244676759947
-9.024758014174568
-9.374253057869572
-9.975201972768977
-8.434855220888794
-9.04738778781304
-9.378721559587065
-9.049956441157216
-7.877945969549539
-8.655212683516329
-9.68266498644374
-7.726586647597055
-6.865868054979804
-11.316794193088706
-8.304562373762737
-7.7997752158210085
-7.438072035137269
-7.834093991239876
-9.27603000387049
-8.63956224806851
-8.590194193088706
-11.697174328083914
-8.86000590781854
-11.228918616375648
-7.766452814918647
-8.604577256663704
-9.228928985484998
-9.771440599307587
-10.318321780322053
-8.342286829643596
-7.694429948888616
-9.543099999999999
-8.816795955119527
-8.43942724103774
-8.519406318343048
-8.592567237015677
-8.585476449663815
-6.955915113346578
-9.58397000829619
-8.711487403751887
-8.892640593440683
-8.086842214681457
-10.871900513884539
-8.787991269776406
-8.335316620948708
-7.570189455871152
-8.3104390837182
-8.388445805400474
-8.382579493191285
-7.92762332252106
-10.070991768133984
-7.650701631898914
-8.607008774114716
-8.818534792396292
-7.694429948888616
-9.953494193088705
-10.849969352323791
-11.980913358013519
-7.769405806911294
-9.543099999999999
-9.762797034597899
-9.178864782668171
-7.858359939482437
-9.907927587233347
-11.58102903455647
-8.374298607615252
-9.855497452528263
-7.637288386177411
-10.029180966146379
-8.269098261419645
-9.754277842048563
-8.444960680072652
-9.232422055600178
-8.808177554515808
-9.52559901155944
-9.690207428152068
-8.35170995163138
-6.948617420733883
-8.1798
-7.90337635487685
-7.513758808194945
-11.727188386177412
-6.175749045473971
-7.566315615787648
-8.915372899535413
-8.207061403519878
-9.543099999999999
-7.908970793355035
-9.064023085200049
-8.502318616375648
-10.883178448533972
-9.025054125042043
-9.081682262268842
-10.388058014174566
-8.892640593440683
-8.873226602795736
-9.543099999999999
-8.057232361574668
-8.822027862511472
-7.954927246904643
-12.572146400351977
-10.66633478652939
-13.252975215821008
-9.054089607451024
-9.430238704647584
-9.71500995163138
-10.099085426642214
-8.867524404622927
-6.288371449752409
-9.435152207263272
-8.668360035524014
-7.531317468957305
-7.403572549021807
-6.849367613743436
-10.276012809464353
-10.635144193088706
-9.820926192124752
-12.815030664299597
-9.329080564353667
-8.239245292796186
-8.588786731975965
-8.1798
-7.740518435489247
-7.928010172366368
-9.470738157999053
-9.430258925052193
-8.33377876640313
-8.13753186321709
-6.54119102166453
-6.92015311018527
-7.596123835300553
-8.514696913925167
-10.366261430104382
-10.316132965750922
-8.933489455871152
-10.04279245450835
-6.9768095139929684
-7.3550285443561885
-10.217729034556472
-8.038284387220743
-7.686656441157215
-8.590194193088706
-10.798452207263272
-7.831786993792662
-9.228928985484998
-9.078978710751963
-9.103818435489247
-9.076275159235085
-9.631022944501169
-8.96608890006195
-10.9064
-9.022296165857682
-9.416046427821165
-10.056724242400541
-9.758522115902297
-7.4819494139775005
-8.910674688115513
-7.6299918185057525
-8.865635810781786
-8.523095262782446
-10.181834792396293
-9.28745300128365
-7.618638854860328
-10.131770589579466
-9.754277842048563
-11.038517420733882
-11.859305806911294
-9.514212628577953
-10.361053231515669
-9.537208671122123
-9.816659028929932
-9.653420836663699
-8.590194193088706
-8.84161704879823
-8.130953199232819
-8.051484028390563
-7.8761706348845
-5.820224523584012
-8.482246400351977
-10.828821616172986
-11.328755684097127
-10.57169257996897
-6.993976837061782
-9.722978761926647
-8.042964835841227
-7.359011613822588
-7.787439901586122
-8.737301621240773
-8.390977842048564
-6.933997575045279
-10.592228985484999
-11.038517420733882
-8.416912221477963
-8.80137203513727
-7.726586647597055
-10.236526602795735
-9.771440599307587
-8.222130899918135
-10.66633478652939
-7.178047392321525
-8.441265980612409
-9.267494953518307
-9.754277842048563
-9.068255980206443
-8.955021780322053
-8.444034841467765
-8.833980057416552
-7.976369583716921
-10.131770589579466
-8.197224023866417
-7.769405806911294
-7.712975159235086
-8.804765016727627
-10.133372955015352
-7.795737981361787
-7.31619245450835
-9.555061491008422
-8.53592046461826
-9.211766228225974
-8.888706534666516
-12.75578096614638
-11.204912341577812
-6.186112809464352
-7.053612221477963
-6.708552207263272
-11.955528985484998
-10.930569627997155
-10.968781186881367
-9.965455684097126
-8.126066731327171
-11.293572641622678
-9.037223183364942
-7.587352213130176
-8.850740090117073
-8.311917420733883
-8.590194193088706
-8.892640593440683
-10.497487844398961
-9.406781951308531
-10.699079074894565
-9.815719974542471
-10.568338045968948
-10.197718496085562
-6.978986829643597
-11.448911613822588
-9.953494193088705
-9.465521616172987
-8.420457583372128
-9.675217420733883
-8.730729147586295
-7.865628985484999
-7.715672538238466
-10.363888386177411
-8.309701297121574
-8.304562373762737
-9.807334841467766
-10.955768054979803
-10.496005806911294
-8.931378674073404
-11.199059835929821
-9.112337628038585
-9.978157421503928
-11.196155135089045
-9.087139201055935
-7.712975159235086
-6.919730049311836
-9.00534402352962
-8.804765016727627
-9.103818435489247
-11.0370390837182
-10.538973003147715
-11.52797203513727
-8.170984844601623
-10.464305728692654
-9.070916989931444
-8.348552217921414
-8.884798443466186
-8.36370375137175
-9.343883648959858
-9.156875434908452
-8.892640593440683
-10.565002410852285
-11.599826602795735
-8.131498637933005
-8.564699803257016
-10.66633478652939
-10.164672035137269
-9.20839257996897
-9.724585475713688
-8.722311613822589
-8.836209945764477
-8.135330843332214
-6.273988386177411
-8.829076441795793
-8.444034841467765
-7.332950375056094
-8.1798
-11.175278580309449
-8.22276719623642
-7.6349248155049
-7.598467501285991
-8.963858864780866
-8.024461027800088
-8.334547194372355
-8.804921505079935
-10.253970296556913
-11.681621780322052
-8.854429034556471
-9.85670289644757
-9.653420836663699
-9.875915809261691
-8.562435656455085
-8.997566331260396
-7.327873009014619
-9.024758014174568
-8.547892980488509
-8.390977842048564
-9.440106827533562
-9.235935856223131
-9.378721559587065
-7.894168180674031
-6.804775385836977
-6.033923172706801
-9.465521616172987
-12.142338216618324
-10.498973600930647
-6.352372538238466
-9.425365642841115
-9.35670885079567
-9.440106827533562
-10.764884387220743
-9.981375893854612
-10.217729034556472
-8.923010002350397
-11.827605728692655
-9.497533394144641
-8.617614318930357
-10.079445806941138
-6.6657330479490335
-8.506416028349134
-8.403803043884377
-8.512615809261693
-8.319364986443741
-8.80137203513727
-9.374253057869572
-10.296071528964305
-9.132705806911295
-8.615598594561927
-8.03688743729897
-7.490204641445701
-10.070991768133984
-9.737598607615253
-9.771440599307587
-8.600948601788756
-8.434855220888794
-8.358076396490759
-10.581871747604513
-10.166572759699491
-8.952832965750924
-9.264823227645177
-7.980583648959858
-9.816659028929932
-8.295135404655111
-8.559055588280735
-8.47831234157781
-9.83251578096873
-8.134233394144642
-9.30303478652939
-8.326907428152067
-9.767968016524964
-7.175870648446253
-7.330124242400542
-8.738821708512662
-8.768470589579465
-8.216434797187532
-8.578469578925683
-9.518740938737052
-8.489394257795665
-8.625570597311174
-10.769564835841226
-8.1798
-9.543099999999999
-9.435152207263272
-9.435152207263272
-9.771440599307587
-9.195086993792662
-6.834534094674828
-7.31619245450835
-7.254775893854612
-10.296789455871153
-9.543099999999999
-9.531375385836977
-11.639312809464354
-11.134740599307587
-10.181834792396293
-8.819406129812096
-9.6737390837182
-9.700158480328355
-7.88330413885318
-7.335790062356562
-12.812211613822589
-7.694429948888616
-10.340666834711383
-9.690207428152068
-8.088869866208329
-9.514212628577953
-8.200280683557757
-8.97282984954379
-9.745879493191284
-9.883202953909269
-8.052438216618325
-7.363468902129845
-7.0900590289299315
-9.344688269988518
-8.602155684097127
-9.667817256512997
-7.583014657706965
-7.585179463289337
-7.649249877185833
-8.533763545412496
-8.453359028929931
-10.844611183020149
-8.311917420733883
-8.1798
-8.203969627997155
-8.15828882141482
-7.461484434243419
-8.086842214681457
-9.519878448533971
-8.366131944797782
-10.532640604098825
-8.242181186881368
-11.751358014174567
-9.833821786188956
-9.331330380123882
-10.223284305275298
-10.9064
-12.812211613822589
-7.809198337808791
-8.988863772014389
-9.72033717963403
-9.816659028929932
-9.697847194372354
-8.69621310255575
-8.1798
-10.085611613822588
-9.75767082363892
-8.032254599364059
-9.034709066350853
-8.11801118302015
-10.968781186881367
-8.246141560625524
-7.469332450486287
-10.936769408909713
-11.52797203513727
-9.754277842048563
-9.228928985484998
-8.459024848885951
-7.475066864970238
-7.962262045464605
-10.707183648959857
-9.00058838617741
-10.707183648959857
-8.90058801031335
-8.11270106969374
-10.770034922143951
-7.879726643574993
-8.66588096614638
-7.4421459525901215
-8.80137203513727
-9.394493454199708
-8.254814344061854
-8.066449589653077
-11.52797203513727
-6.986828979618095
-7.7519048184707335
-8.334547194372355
-10.52606368007734
-8.192971039268063
-8.185152786840224
-8.590194193088706
-8.269098261419645
-8.11801118302015
-8.185750539205161
-8.729759179532445
-8.116945343547474
-7.980160890164903
-13.657169627997156
-8.462832409707032
-8.408140599307588
-8.358076396490759
-8.006518028389259
-7.487440090117073
-8.994969509822788
-9.103818435489247
-10.00286224806851
-9.078972538238466
-9.098206320795832
-8.609450318470172
-8.123369352323792
-9.343883648959858
-7.740518435489247
-9.110910941741926
-7.8726358562231304
-10.181834792396293
-7.381641387461061
-7.14724199394647
-9.103818435489247
-9.435152207263272
-10.478504818470734
-8.390977842048564
-10.00286224806851
-9.049956441157216
-8.454299575064464
-10.015875379970073
-8.630620296724219
-8.084317376453647
-8.566972641622678
-8.988977610444397
-9.798155220888795
-7.614066834711383
-7.071555220888794
-10.496005806911294
-8.503340314070385
-7.289275379970073
-10.729122338379973
-8.933489455871152
-7.623246455290356
-9.089886647597055
-9.440106827533562
-10.194151776460833
-8.986546455290355
-10.085611613822588
-9.22200406833094
-9.503041095881754
-9.06296957305878
-8.912712809464352
-8.497540113171631
-9.537208671122123
-7.2522985945619265
-9.626916058666888
-7.935800727755222
-7.976369583716921
-9.039748021592752
-8.680870973564565
-11.955528985484998
-9.132705806911295
-8.614363821085862
-8.57499699614306
-7.9015232276451774
-10.056724242400541
-6.406105806911294
-7.509926602795735
-6.99477639649076
-7.559710002350398
-10.496005806911294
-12.812211613822589
-12.2697
-11.619240593440683
-10.388058014174566
-9.211766228225974
-8.81506220961367
-7.240065232356768
-9.261134283205779
-9.123890651512918
-9.430238704647584
-9.807334841467766
-11.038517420733882
-11.859305806911294
-10.413256441157214
-11.282294706973245
-7.565765472644389
-7.577637021581009
-5.95289245450835
-7.740518435489247
-7.232725133532287
-8.89660096718484
-8.669931656978223
-9.450142214681458
-6.431819304537282
-6.617283648959858
-7.9015232276451774
-9.70667849745458
-8.547892980488509
-8.236941562711204
-7.712975159235086
-8.530542828492305
-8.465704235873481
-7.788050601657986
-8.8452494139775
-8.729759179532445
-11.233633093196213
-7.271136037109531
-9.007736243621098
-10.255940593440684
-9.11808596122269
-11.271227587233346
-8.325391233553509
-7.401819671859642
-10.640860413939913
-8.7251157920004
-10.373438168485963
-10.439575159235085
-8.977366834711383
-8.707691768133984
-10.707183648959857
-8.955021780322053
-10.181834792396293
-10.00286224806851
-10.526375215821009
-9.707146971961821
-10.318321780322053
-8.723793651310256
-8.23369018898749
-8.23174790074862
-7.813647650932119
-7.07429419416436
-7.2388556840971265
-7.771481699681625
-10.199509945764476
-7.816525681446318
-8.46666461510624
-7.529340593440684
-7.743344568144799
-9.103818435489247
-10.005428503238265
-9.134098817458387
-9.679451045876416
-9.27043745689118
-8.659190797029694
-10.423643964910347
-8.35727683706178
-8.369385104999562
-8.64733575579991
-6.580395160273547
-9.215159209816331
-7.3893810227323025
-9.978651639866714
-9.497533394144641
-9.20503804596895
-8.768470589579465
-9.865706630894977
-8.96608890006195
-10.278057970969998
-9.780212221477962
-6.8165
-8.997776801796418
-8.1798
-8.588786731975965
-8.771679668802392
-10.64692079588444
-7.82103061151701
-8.145300513884537
-10.592228985484999
-10.496005806911294
-8.737301621240773
-10.070991768133984
-9.97766382108586
-8.516785359361029
-8.435766804852056
-9.674477790822358
-7.334368516254276
-8.977366834711383
-9.690207428152068
-6.86961250892755
-10.91836149100842
-9.543099999999999
-11.619240593440683
-9.065606876605035
-7.306631656978223
-8.511577993628435
-8.636737341239623
-8.203969627997155
-9.543099999999999
-10.592228985484999
-9.153799720629701
-7.0880887320461605
-8.995870642752521
-9.211766228225974
-8.383413987574926
-10.788665642841115
-9.425365642841115
-8.024461027800088
-7.84509257996897
-9.163075215821008
-12.704263821085862
-10.147992800703957
-8.366131944797782
-9.00058838617741
-9.024758014174568
-10.269919373171243
-8.358076396490759
-10.674282203402054
-11.016720836663698
-9.29910072775522
-9.425365642841115
-9.73595623855331
-6.963607428152067
-7.576567330834438
-8.31117779082236
-7.959807002553058
-8.339178824253763
-9.47600106969374
-9.455224423286943
-9.095420086631968
-8.778150483671242
-8.295855251147648
-10.055316218747233
-10.818524423286942
-13.09048838617741
-8.956888656085978
-6.1132091888678675
-8.611901972768976
-8.944157738501202
-9.28745300128365
-9.807334841467766
-10.33612984954379
-11.596019041974657
-7.529340593440684
-6.323356441157215
-8.722311613822589
-11.376549771821642
-8.995870642752521
-7.142294274341886
-9.705586829643597
-7.142602298453841
-8.86187660026633
-10.00286224806851
-8.382579493191285
-8.562435656455085
-9.869719597487567
-9.875915809261691
-9.789115752675771
-8.942008648420488
-8.939867330834437
-8.865635810781786
-9.492076455357548
-7.968030380123881
-11.966070634884499
-12.592218616375648
-9.875915809261691
-8.533763545412496
-7.7211044448443
-9.680832593986914
-8.453359028929931
-10.496005806911294
-10.147992800703957
-9.163075215821008
-9.327204414526546
-10.006606702016255
-8.047682579266116
-8.038284387220743
-6.8165
-6.9528301749580095
-9.134098817458387
-8.1798
-10.606326643574993
-7.7997752158210085
-7.9015232276451774
-11.100898607615251
-7.491129034556471
-9.934844661771622
-8.850740090117073
-7.348739941903257
-11.271227587233346
-12.087902604273461
-10.647229007087283
-9.666840801225625
-8.863753222018637
-9.178864782668171
-8.2145482092912
-6.713506827533562
-7.390941165050527
-8.401215682153527
-8.942008648420488
-9.20503804596895
-8.741873641389718
-9.00058838617741
-7.538489377652514
-8.09243505175083
-8.970574328083913
-10.368644023529619
-11.556596050953289
-8.366131944797782
-8.75580542928191
-7.157684480984699
-11.029702265335505
-7.769405806911294
-7.332101117917164
-6.939510675244815
-6.74940106969374
-10.318321780322053
-12.147132361574668
-7.0026498992573
-8.707691768133984
-9.037223183364942
-9.103818435489247
-9.798155220888795
-11.921686993792662
-6.1296821617881445
-7.438072035137269
-7.4747068323248005
-8.453359028929931
-9.705586829643597
-10.526375215821009
-7.4027193650863605
-8.80137203513727
-7.637288386177411
-7.630225793481007
-7.68923628692603
-10.75106102780009
-11.379175379970073
-10.004150765807053
-8.488196939557138
-7.395646411010119
-9.975201972768977
-8.988863772014389
-7.637288386177411
-8.619318441356151
-9.543099999999999
-8.462832409707032
-7.740518435489247
-9.626916058666888
-7.955332360616772
-9.762797034597899
-9.22200406833094
-9.135673600930646
-8.227882335327587
-10.526375215821009
-9.618786773057675
-12.029634786529389
-7.438072035137269
-7.424691269776406
-11.727188386177412
-9.228928985484998
-9.163075215821008
-7.740518435489247
-7.704955980206442
-7.4819494139775005
-8.594949830440914
-9.82613240970703
-6.171991132645844
-6.520004138853181
-9.508600513884538
-8.361285475713688
-9.789115752675771
-9.798155220888795
-8.8452494139775
-8.213293815459322
-8.700515029752404
-10.174909875242232
-8.370201195641764
-8.661857800040089
-8.584302864210828
-10.439575159235085
-7.9015232276451774
-10.147992800703957
-9.776687963053398
-11.58102903455647
-11.727188386177412
-10.2013068323248
-9.28362079588444
-9.639323178573704
-9.268535300413928
-10.398009066350854
-6.625802841509193
-8.875139605000122
-9.268535300413928
-7.159795262782446
-7.963904414526547
-7.879726643574993
-8.402076880366716
-8.912712809464352
-7.732120086631968
-9.387761027800089
-9.527326014243831
-9.823274445989554
-9.103818435489247
-9.612096603940989
-8.140848811204263
-7.865628985484999
-7.671409066350853
-8.264981857812751
-9.789115752675771
-8.128776455357547
-9.68266498644374
-6.708552207263272
-6.793278448533972
-8.549029642211847
-8.722311613822589
-9.514212628577953
-6.908558516615637
-9.729431944797781
-6.846869408909714
-8.611901972768976
-9.952074918736264
-10.733118028389258
-7.033628381253724
-8.67949245450835
-6.5983882909142375
-8.061580535343943
-8.979648431628029
-7.713783083400268
-8.35170995163138
-9.401584387220742
-8.96832736649836
-8.925091107013873
-10.538973003147715
-9.753432626106054
-8.506416028349134
-8.09345763174108
-9.97766382108586
-9.72137639649076
-10.877512628577954
-7.6437175621646425
-10.236526602795735
-7.796667210431173
-7.57145954645583
-8.02491664434214
-9.885338931249475
-8.80137203513727
-7.284557636545183
-8.818534792396292
-9.861549365531666
-11.859305806911294
-11.39248096614638
-8.791308217763579
-7.997311217910293
-7.993408850795671
-8.221495286687817
-8.205204401473221
-9.365415973410757
-9.150739901586123
-9.268535300413928
-7.686656441157215
-7.491129034556471
-9.644219267514089
-9.392333047949034
-10.034588069180137
-7.665170086943317
-6.95084187044068
-7.981430073217206
-6.893871194299553
-10.230664295714224
-9.311342357717145
-7.6267258404290015
-10.363888386177411
-9.103818435489247
-7.8761706348845
-7.551457970969998
-9.11808596122269
-7.481403136527849
-7.769701991862053
-9.435152207263272
-8.342286829643596
-9.049956441157216
-8.150912628577952
-7.865628985484999
-10.996387119748865
-12.76664500796723
-11.753830141637405
-9.675217420733883
-9.605481186881368
-8.731260000785195
-9.739245545164472
-7.9015232276451774
-7.231053282614952
-10.015875379970073
-11.406092454508348
-6.679664835841225
-9.065937459368133
-8.722311613822589
-11.228918616375648
-6.917619267514088
-8.1798
-7.394073837264442
-12.812211613822589
-9.440106827533562
-10.363888386177411
-11.161455220888794
-7.99905389368548
-12.2697
-11.727188386177412
-11.293572641622678
-9.713428979618095
-9.575830105448855
-8.335316620948708
-9.653420836663699
-10.056724242400541
-10.849969352323791
-11.889675215821008
-11.049560904709953
-11.802875159235086
-9.596342051356068
-9.348127922813593
-10.349846455290354
-10.9064
-9.076275159235085
-7.30258096614638
-9.002961430104383
-6.837593913718408
-6.512870634884499
-10.413256441157214
-7.205954238539324
-9.1066445681448
-8.713496458424212
-7.6784756731196255
-8.464745411911418
-8.748025111448577
-9.007736243621098
-9.713428979618095
-10.496005806911294
-8.15828882141482
-10.131770589579466
-11.448911613822588
-8.071852207263273
-9.178864782668171
-8.882854029018526
-9.049956441157216
-9.639323178573704
-9.443491824479928
-9.387761027800089
-6.75471118302015
-6.9560649864437405
-9.612096603940989
-11.208846400351979
-7.770810686943716
-10.497487844398961
-8.861445817325126
-6.8165
-8.097050634245921
-6.929681101488123
-8.47733289773629
-10.070991768133984
-8.867524404622927
-9.163075215821008
-7.509926602795735
-9.30303478652939
-8.123369352323792
-10.197539648880705
-9.897063545412497
-8.156578448533972
-8.997776801796418
-9.954566126988055
-11.009630049311836
-9.851496939557139
-10.276012809464353
-8.071852207263273
-8.661857800040089
-11.038517420733882
-7.968030380123881
-8.873226602795736
-7.424691269776406
-9.713428979618095
-7.5983371973816745
-9.647035318802233
-9.658435404655112
-8.871319761639711
-8.203969627997155
-8.671288069180136
-9.537208671122123
-9.771440599307587
-12.23520051388454
-7.858704068330939
-11.170634841467766
-11.90546478266817
-8.462832409707032
-11.117577842048563
-7.37097310483101
-8.03364064837906
-7.899675882411143
-7.3280134606027945
-10.783832361574667
-9.886395262782447
-9.070916989931444
-10.62076818067403
-11.009630049311836
-11.061147194372355
-11.353428990276235
-9.918994706973244
-8.31117779082236
-8.03364064837906
-8.784692800703956
-8.768470589579465
-10.085611613822588
-9.126814478033419
-9.073590013285088
-7.605027366498359
-6.843765743342768
-5.818027587233347
-9.82613240970703
-9.990128990276236
-7.330124242400542
-9.598288596672711
-9.668593780485988
-9.012549877185833
-7.972185300102579
-8.713496458424212
-7.97847286716211
-8.949137975340413
-6.8165
-8.139464490566198
-8.209772732612956
-7.081475396495119
-11.942440145678827
-9.6737390837182
-9.343883648959858
-9.771440599307587
-8.024461027800088
-8.206441755459991
-8.290120836663698
-7.3893810227323025
-12.401817420733883
-9.845546400351978
-11.588101988632712
-8.96075085939103
-8.977366834711383
-8.865635810781786
-6.6388159734107575
-6.7235422146814585
-8.638276528416293
-10.147992800703957
-8.105346022722594
-10.467118435489247
-9.00058838617741
-8.233042051356067
-10.413256441157214
-10.255940593440684
-9.279813235063362
-7.7997752158210085
-9.211766228225974
-11.1260970345979
-9.57847640422247
-7.338214551434436
-11.056398938763833
-7.551457970969998
-8.914757970969998
-7.955737751709076
-8.774906236281799
-8.720833276806905
-7.780461755555311
-8.302373559191606
-8.779648827909869
-7.715672538238466
-10.995698261419642
-10.798452207263272
-7.462770536476585
-9.188544676759946
-10.798452207263272
-7.686656441157215
-9.625553402905037
-7.93973478652939
-8.071852207263273
-8.69483562249005
-9.796336252738673
-9.694014988973146
-9.561134094674827
-8.771679668802392
-8.248597062176305
-8.995870642752521
-9.965455684097126
-9.079567614385136
-8.995870642752521
-8.173908671122124
-8.738821708512662
-9.30303478652939
-10.9064
-7.770810686943716
-8.646033062937358
-8.588786731975965
-10.224801988632713
-10.817490015680706
-10.147992800703957
-8.281622025658528
-8.892640593440683
-9.235935856223131
-7.002831944797782
-9.103818435489247
-8.265665940693218
-8.311917420733883
-9.39694064837906
-7.818773861891098
-7.244928287763534
-8.593757335239848
-8.03364064837906
-12.582097452528263
-8.327666983954993
-11.100898607615251
-8.123369352323792
-8.588786731975965
-9.965455684097126
-6.804775385836977
-8.977366834711383
-7.856299356194284
-7.625563772014388
-9.860536407770162
-8.411563605678863
-10.199509945764476
-9.434018485537761
-9.58397000829619
-8.551243004292969
-9.845546400351978
-10.340666834711383
-8.568112341045197
-7.174568433110796
-7.2925738490425225
-7.757391031670582
-7.905980515952433
-8.854429034556471
-8.886749264562807
-6.8165
-8.334547194372355
-9.531375385836977
-9.990128990276236
-9.092646902793048
-9.48666935232379
-10.296789455871153
-8.289407924275121
-11.376549771821642
-9.713428979618095
-8.977366834711383
-7.779256516121968
-7.7211044448443
-7.908970793355035
-8.11801118302015
-7.9015232276451774
-9.178864782668171
-7.529735440849235
-9.175673003147715
-7.865628985484999
-9.163075215821008
-7.119045087520667
-8.009175057532863
-10.290479552449733
-9.421013918060897
-8.99516621236939
-8.26089387609143
-8.20212228276312
-9.74504617332511
-7.3284350153854145
-7.802899622370616
-9.268535300413928
-8.242181186881368
-8.707691768133984
-7.947682203402054
-9.2394706348845
-8.683637677978384
-8.500280495026807
-7.604157728631975
-10.318321780322053
-6.898953402905038
-7.549412809464353
-9.30303478652939
-8.029033047949033
-8.67949245450835
-8.516785359361029
-7.5234492645628075
-8.170984844601623
-8.350128979618095
-8.70913761419359
-8.726768902129844
-8.593757335239848
-8.757373837264442
-9.637237185809315
-8.071852207263273
-9.44510325943956
-9.123890651512918
-10.484281192748272
-8.652575379970074
-8.145300513884537
-11.859305806911294
-7.089160323251182
-9.543099999999999
-9.952074918736264
-9.387761027800089
-8.319364986443741
-7.642044023529619
-7.585179463289337
-10.774282579266117
-9.15595104179768
-7.4828609979407625
-9.19180679888084
-10.115981022732303
-8.304562373762737
-8.995870642752521
-10.798452207263272
-9.31499627753781
-8.722311613822589
-8.752681022732302
-6.978986829643597
-7.614066834711383
-11.545134792396293
-7.371880034291742
-9.667862373762738
-9.97766382108586
-9.012549877185833
-10.613503381956573
-8.34462858747755
-8.411633669422766
-8.173908671122124
-7.375521708512662
-11.39248096614638
-9.115204818470733
-10.497487844398961
-9.27043745689118
-9.406781951308531
-8.722311613822589
-9.30303478652939
-8.912712809464352
-8.770072955015353
-8.139741095881753
-7.890524638916084
-7.99168268727801
-7.509926602795735
-9.754277842048563
-7.5352911326458445
-9.48666935232379
-8.379253227885542
-9.953494193088705
-9.163075215821008
-11.751358014174567
-11.353428990276235
-11.545134792396293
-9.68266498644374
-8.426713514283986
-8.646033062937358
-8.197834094674828
-7.542511632708747
-7.226894193088706
-7.37097310483101
-7.989102841509194
-9.865618616375647
-8.74494138746106
-8.672647595993743
-7.036197034597899
-8.503340314070385
-7.825244676759947
-10.015875379970073
-7.8726358562231304
-9.044830230198237
-10.318321780322053
-6.8165
-9.264823227645177
-8.751124980661428
-10.542164782668172
-9.932554238539323
-9.156875434908452
-9.57973479718753
-9.027230141637403
-11.58102903455647
-9.543099999999999
-10.224801988632713
-7.666412634444857
-6.436475215821008
-9.965579007087282
-5.983986999659567
-9.754277842048563
-9.343883648959858
-7.381641387461061
-8.010953057869571
-11.038517420733882
-8.26089387609143
-8.086842214681457
-7.8410694138626775
-9.420532361574669
-8.095508105365136
-7.650459425445473
-12.680094193088705
-9.04738778781304
-7.231649830440914
-8.797998386880264
-9.435152207263272
-7.462241663134426
-8.65653575371423
-9.065606876605035
-8.820278751439737
-8.963858864780866
-7.216331647340296
-6.588396277537811
-8.342286829643596
-11.399247595993742
-10.839301069693741
-8.525213596588399
-9.737598607615253
-9.625326685029377
-8.252801627107678
-10.115981022732303
-9.383224042632497
-8.933489455871152
-8.80137203513727
-7.897834283205778
-7.046584558351031
-7.37097310483101
-7.93973478652939
-8.308228476294484
-9.754277842048563
-9.47600106969374
-8.44867858030945
-8.480276103468208
-10.707183648959857
-8.019924042632496
-8.668578345149761
-8.238900991969546
-9.201702410852285
-7.5362887296252055
-7.654834373926674
-9.132705806911295
-7.834424297338919
-7.787439901586122
-7.451762209613671
-9.406264835841226
-9.279813235063362
-10.1238231727068
-8.235638869848653
-11.463901621240772
-7.075527210027916
-10.413256441157214
-9.47600106969374
-9.855497452528263
-8.97125008277075
-8.350128979618095
-10.276012809464353
-9.33862073726517
-9.58397000829619
-9.529462945372579
-8.737301621240773
-7.860450366544756
-8.1798
-6.708552207263272
-8.076806827533563
-8.986546455290355
-8.113759289219733
-8.512615809261693
-11.328755684097127
-8.752681022732302
-7.740518435489247
-8.453359028929931
-9.632398261419644
-8.716420284944713
-11.934992579968968
-9.264823227645177
-11.117577842048563
-9.675217420733883
-7.976369583716921
-9.762797034597899
-8.315629493502634
-10.318321780322053
-9.953494193088705
-10.181834792396293
-9.897063545412497
-8.69342424240054
-7.905235300413928
-8.216434797187532
-8.912712809464352
-8.512615809261693
-8.55013528897046
-10.592228985484999
-8.614363821085862
-10.558386993792661
-7.215169578925683
-5.9927586218299425
-11.506379298088266
-9.044830230198237
-8.86187660026633
-7.854245919452116
-6.484692758654818
-10.75106102780009
-8.43759419416436
-6.418067297919715
-6.527224638916084
-10.07545434053133
-10.318321780322053
-8.151476776945723
-7.634479158876101
-11.889675215821008
-7.947682203402054
-8.460925568551007
-9.870744827334626
-9.19180679888084
-11.58102903455647
-6.760069352323791
-8.323124196959197
-9.092646902793048
-8.150912628577952
-9.194429499369537
-10.894675385836976
-7.976789643094014
-8.228524846152636
-8.093969584792587
-8.341508297424678
-11.99513530041393
-11.859305806911294
-7.858704068330939
-7.348739941903257
-10.558386993792661
-12.457889946164737
-10.164672035137269
-8.594949830440914
-7.159795262782446
-7.908970793355035
-8.555694706973243
-10.100601621240774
-9.798155220888795
-11.08467639649076
-8.880915979277662
-8.783050431642016
-7.620938172962447
-9.361046406218883
-7.916513235063362
-11.751358014174567
-9.918994706973244
-8.066938704647583
-9.694014988973146
-8.242181186881368
-9.430238704647584
-8.87898425271195
-9.00058838617741
-7.631397057299534
-7.8726358562231304
-7.31619245450835
-10.199509945764476
-12.472479493191285
-8.652575379970074
-11.061147194372355
-10.304458786899202
-8.276023178573704
-9.653420836663699
-8.799682808122142
-9.660597575045278
-10.707183648959857
-10.164672035137269
-10.056724242400541
-7.734906320795832
-8.73427310483101
-8.523095262782446
-8.268410203623231
-9.425365642841115
-10.284236187035177
-8.469555135089044
-6.793278448533972
-7.4538433142771465
-9.243026643574993
-8.040619986569713
-11.708538854860327
-8.480276103468208
-9.592468054979804
-9.697847194372354
-9.109484255445267
-8.981938854860328
-10.125404144720086
-9.52559901155944
-10.613503381956573
-10.484281192748272
-7.661458014174567
-9.049956441157216
-8.234339036906869
-9.103818435489247
-7.2342818050070905
-7.167778399462499
-8.839809188867868
-9.00534402352962
-9.246604138853181
-9.392333047949034
-8.892640593440683
-7.865628985484999
-7.9015232276451774
-7.771481699681625
-9.88396851175163
-13.346637676365225
-8.539170648446254
-8.62306180683214
-9.306995160273546
-9.897063545412497
-7.591721780322053
-10.056724242400541
-9.660597575045278
-7.455234792396293
-10.558386993792661
-10.221441107325223
-7.27626224806851
-8.871319761639711
-9.20839257996897
-10.085611613822588
-11.52797203513727
-9.159967210431173
-9.645625618928706
-8.701943434949879
-8.823782156142103
-9.99392029672422
-10.210373987585326
-9.605481186881368
-10.015875379970073
-8.083813698271696
-9.115204818470733
-8.462832409707032
-8.444034841467765
-7.749037628038584
-7.42800821776358
-7.649249877185833
-9.83575983592982
-8.827306414566667
-9.211766228225974
-8.482246400351977
-6.449073003147715
-7.414850483671241
-9.327204414526546
-10.654610172366368
-11.44155656685144
-11.260363545412497
-9.30303478652939
-11.315374918736264
-10.361053231515669
-9.406781951308531
-8.875139605000122
-12.319068054979804
-7.485604201306007
-6.8474929725978715
-8.35329515650651
-7.529340593440684
-10.849969352323791
-8.10586836388323
-7.237769199338248
-9.383224042632497
-8.390977842048564
-9.163075215821008
-7.831786993792662
-6.3106231833649415
-8.722311613822589
-5.983986999659567
-9.378721559587065
-10.094560000785195
-9.229556219138459
-9.797245038284984
-10.033909474644902
-9.147756542948146
-9.729431944797781
-9.789115752675771
-11.44155656685144
-7.271136037109531
-8.097050634245921
-7.790499720629701
-6.967414988973147
-9.51817300232211
-7.417622140210716
-10.240358808194944
-11.182785161585484
-9.970308774114715
-8.585476449663815
-6.867737321825406
-9.569122755228829
-8.80137203513727
-9.47600106969374
-10.551844676759947
-7.549412809464353
-7.614066834711383
-7.637288386177411
-8.498249365531665
-12.04159627753781
-6.4211428784658535
-9.228928985484998
-10.798452207263272
-9.567269627997156
-11.599826602795735
-10.056724242400541
-9.729431944797781
-10.439575159235085
-11.639312809464354
-10.66633478652939
-11.199059835929821
-11.061147194372355
-9.120981192748273
-9.653420836663699
-9.780212221477962
-11.068108297424677
-10.971418490427624
-6.8165
-7.497827613870205
-7.959807002553058
-7.580857738501202
-8.36370375137175
-8.663195820196382
-9.068255980206443
-8.852581689322438
-10.707183648959857
-8.062065642841116
-7.007718412703429
-9.310982203402054
-11.117577842048563
-9.543099999999999
-10.296789455871153
-7.815564782668171
-8.955021780322053
-10.439575159235085
-8.834418496085561
-10.467118435489247
-11.921686993792662
-9.39972251880851
-6.905591760109461
-8.467626554663374
-8.43942724103774
-6.481120150973149
-10.085611613822588
-9.365415973410757
-9.907927587233347
-9.690207428152068
-9.762797034597899
-11.599826602795735
-7.511782124910065
-8.635713434945224
-8.616835948548697
-5.739493001787452
-8.390977842048564
-7.638473719240338
-8.892640593440683
-8.856282161788144
-9.28745300128365
-9.632398261419644
-9.952074918736264
-8.480276103468208
-8.599743975397256
-6.6314067840896875
-10.97539660394099
-10.912350539205159
-6.273988386177411
-5.794025026522224
-7.65167144975241
-7.787439901586122
-9.48131118302015
-9.076275159235085
-6.708552207263272
-8.123369352323792
-9.990128990276236
-7.607213547975562
-8.365321439993348
-6.8165
-7.405170589579465
-8.544627587233347
-8.929275390628215
-8.500280495026807
-8.412510166499462
-7.443680927669834
-8.23110188468106
-8.276023178573704
-8.590194193088706
-7.37097310483101
-8.502318616375648
-7.0724668048520565
-9.073590013285088
-8.426084938253119
-6.770933394144642
-10.988853402905038
-10.538973003147715
-12.506812221477963
-11.771430230198236
-8.703805528579418
-9.875915809261691
-7.831786993792662
-8.42581575267577
-9.47600106969374
-8.286564827973205
-10.475637628038584
-10.04279245450835
-9.35670885079567
-8.332244895941148
-8.944157738501202
-7.637288386177411
-7.085378580309449
-9.673001297121573
-7.886903381956573
-7.712975159235086
-8.5209844809847
-8.789647420974246
-11.070446971961822
-11.797516989931443
-7.775356346116455
-7.93973478652939
-7.472909945764476
-8.22276719623642
-8.30383186945393
-10.75106102780009
-8.107962348973691
-9.185300429370505
-6.8165
-6.091934792396293
-6.997181573801755
-8.248131726086529
-6.905935968983278
-8.96900056005261
-9.034709066350853
-7.149004273518026
-10.115981022732303
-9.310982203402054
-8.283735318802233
-9.98511138679572
-11.567282530991022
-11.980424638916084
-11.660089455871152
-11.03999945822155
-9.492076455357548
-8.145300513884537
-9.780212221477962
-9.733501195641763
-9.605481186881368
-9.57973479718753
-9.52559901155944
-9.514212628577953
-9.44510325943956
-8.894617468957303
-9.00058838617741
-10.115981022732303
-8.315629493502634
-10.129375143288913
-10.963541562711205
-9.692489025068713
-9.637237185809315
-8.933489455871152
-6.9468438587471475
-9.745879493191284
-6.698765642841115
-7.841738045968949
-7.625563772014388
-7.1683144553317835
-8.91681022143784
-9.705586829643597
-6.804775385836977
-9.543099999999999
-11.038517420733882
-10.66633478652939
-11.239215809261692
-9.713428979618095
-9.198385462865112
-12.812211613822589
-9.049956441157216
-12.480877842048564
-7.361820253650936
-8.861445817325126
-7.361820253650936
-10.303167330834437
-10.211105394308579
-11.701693996345721
-11.802875159235086
-13.795486829643597
-8.809891227686604
-9.343883648959858
-9.519878448533971
-10.467118435489247
-10.581871747604513
-8.995870642752521
-9.52559901155944
-8.482246400351977
-8.869419041974657
-7.723839201055936
-10.454856455185798
-8.997776801796418
-10.305308648420487
-8.96832736649836
-7.650943937475113
-8.58629934578958
-9.369818028389258
-10.9064
-9.103818435489247
-10.866341095881753
-9.343883648959858
-8.590194193088706
-7.30258096614638
-8.806468827017602
-9.406781951308531
-7.951696277537811
-8.285148383117788
-7.462241663134426
-7.529340593440684
-7.778354193873899
-8.680870973564565
-7.214009786846346
-9.33966958371692
-8.203969627997155
-8.80137203513727
-7.451762209613671
-6.962091233553508
-9.406781951308531
-9.537208671122123
-7.853221865578183
-8.827306414566667
-8.468590059623246
-8.946314657706965
-11.002623178573705
-7.9916653138321125
-9.97766382108586
-8.38174617332511
-9.573469408909714
-8.818534792396292
-7.299895820196382
-8.740345708497417
-11.921686993792662
-7.768222842147772
-7.431343852880244
-9.737598607615253
-10.783832361574667
-9.69938704873104
-8.102221616172987
-11.154212639236093
-7.165105376108855
-8.762104144720086
-10.363888386177411
-8.854429034556471
-8.389288615033436
-8.44867858030945
-9.865618616375647
-8.216434797187532
-8.7251157920004
-9.392333047949034
-11.038517420733882
-7.529340593440684
-8.67949245450835
-7.7997752158210085
-10.122246411010119
-9.614763606951383
-8.539170648446254
-7.859048397312542
-9.660597575045278
-8.789647420974246
-9.97766382108586
-7.931892636554891
-9.228928985484998
-8.850188725495034
-8.894617468957303
-9.660597575045278
-6.914117934618421
-7.019279493191284
-9.392333047949034
-9.374253057869572
-7.525416337291823
-8.465704235873481
-9.904647392321525
-9.690207428152068
-8.376770735078088
-8.616835948548697
-8.173908671122124
-7.912730003870491
-10.707183648959857
-11.143512221477962
-10.798452207263272
-10.924434094674828
-8.314885214753236
-10.354271270253724
-7.317709002162271
-8.988863772014389
-11.016720836663698
-8.834186005252274
-7.27626224806851
-8.36370375137175
-9.076275159235085
-6.989202023545066
-10.707183648959857
-8.562435656455085
-11.109179493191284
-8.227240520991373
-7.746184255445266
-10.04279245450835
-8.869419041974657
-9.28362079588444
-8.544627587233347
-7.980583648959858
-9.697847194372354
-8.69342424240054
-12.506812221477963
-8.25414267788979
-9.185300429370505
-11.353428990276235
-10.217729034556472
-10.707183648959857
-9.207048484801085
-10.015875379970073
-8.242181186881368
-8.566972641622678
-8.779453176533794
-8.776039701873493
-9.858515676569127
-9.00058838617741
-10.33162736649836
-10.17663352614569
-8.655212683516329
-8.696675460871061
-11.42143562249005
-10.224801988632713
-8.997776801796418
-6.8165
-9.679451045876416
-10.224801988632713
-11.997000100907245
-7.089160323251182
-9.815719974542471
-9.543099999999999
-7.770810686943716
-7.770810686943716
-9.952074918736264
-7.423039738253178
-7.931892636554891
-6.787612628577953
-9.30303478652939
-8.669931656978223
-8.416029188253612
-9.440106827533562
-9.965455684097126
-8.797998386880264
-7.8060406040988255
-8.79297368627999
-10.9064
-9.024758014174568
-9.378721559587065
-8.482246400351977
-9.264823227645177
-10.592228985484999
-8.434855220888794
-10.565002410852285
-10.6027706348845
-7.515684252711952
-6.520004138853181
-8.358076396490759
-7.392505429281911
-8.752681022732302
-8.667228119553915
-9.508600513884538
-7.92300073299811
-9.632398261419644
-7.712975159235086
-11.237497496857886
-11.146375182075154
-10.645227102226196
-11.001927030736681
-11.52291874414478
-12.425987048731038
-10.57169257996897
-8.44588796869944
-6.793278448533972
-7.1268938172246425
-11.038517420733882
-8.072839819947946
-11.353428990276235
-7.484516372290461
-6.346990013285088
-7.09194161769308
-10.298907789677104
-11.639312809464354
-9.35744477015582
-8.383413987574926
-12.668369578925683
-12.432186829643596
-8.470521786188957
-8.585476449663815
-8.109537712210454
-7.956549367555399
-8.382579493191285
-8.722311613822589
-8.605791767176088
-7.442486714422365
-6.905316537016914
-6.615425764012476
-9.875915809261691
-7.897834283205778
-8.327666983954993
-9.115204818470733
-8.636993594724334
-8.629353828504048
-8.263616058666889
-8.045319008593605
-8.703375294576828
-8.86187660026633
-9.257468180674032
-12.070483648959858
-7.330547303273975
-8.809891227686604
-9.163075215821008
-7.226894193088706
-8.08180325943956
-8.545944770573442
-10.849969352323791
-11.463901621240772
-8.380083043952952
-7.591721780322053
-7.591721780322053
-7.555569610182548
-9.711852217921415
-7.694429948888616
-10.056724242400541
-9.211766228225974
-8.631889479776522
-9.00058838617741
-8.482246400351977
-9.729431944797781
-9.793618235721201
-9.543099999999999
-8.355680950200208
-11.328755684097127
-10.439575159235085
-7.908970793355035
-9.627598564410683
-11.302766968454657
-13.005888467430593
-7.455234792396293
-11.915144676759947
-7.539048844853287
-7.591721780322053
-7.8761706348845
-7.344391768133985
-11.208846400351979
-10.9064
-10.056724242400541
-12.72946224806851
-8.754241165050527
-8.787991269776406
-6.8165
-8.185750539205161
-7.00649300971234
-7.783485631725668
-11.31802216130706
-9.447016328170175
-6.639270948468273
-10.1403228576418
-8.773290754605126
-10.290479552449733
-9.941769578925683
-9.531375385836977
-9.771440599307587
-8.266350814878525
-6.520004138853181
-9.807334841467766
-7.859048397312542
-9.019844511558878
-9.930272641622677
-8.479293408359332
-10.774282579266117
-10.318321780322053
-9.718980950200208
-8.372656238553311
-7.534693380280909
-7.434698386880264
-7.429985649510655
-9.639323178573704
-8.071852207263273
-12.483491111969435
-10.429171254223709
-8.275229635324328
-9.845546400351978
-8.765278810059009
-9.886395262782447
-11.655785225989902
-7.102793001787452
-12.087646406218882
-8.442187496233732
-9.731870137675873
-9.995189479776522
-8.52733953663618
-8.479293408359332
-7.87581620586034
-8.561306821666658
-7.071555220888794
-11.166945897028368
-11.162366804852056
-10.80840325943956
-10.187082156142104
-10.021161787117737
-10.395140423195732
-9.22028542077531
-6.8795394122600895
-10.085611613822588
-6.553213235063363
-6.643218028389258
-9.519878448533971
-8.318616000047617
-10.296789455871153
-8.523095262782446
-9.272270793355034
-9.460350634245922
-11.89909833780879
-11.892799622370616
-10.490114478033417
-6.983993824956354
-9.82900423587348
-11.924985462865113
-8.496225180082536
-8.825541663134425
-8.578121402692668
-8.452457508135764
-8.7251157920004
-9.019844511558878
-8.931378674073404
-7.416479298088268
