-12.45603194479778
-10.174909875242232
-10.174909875242232
-11.660089455871152
-10.070077475477515
-10.532640604098825
-10.318321780322053
-9.598938869848652
-10.181834792396293
-8.482246400351977
-7.366009674006228
-11.495070589579464
-9.120981192748273
-8.123907845919055
-11.727188386177412
-8.380083043952952
-9.225456402702376
-9.141654193873899
-7.5061190419746575
-9.573469408909714
-11.328755684097127
-10.558386993792661
-12.029634786529389
-10.296789455871153
-8.970574328083913
-8.196005764862155
-9.35670885079567
-9.30303478652939
-8.588786731975965
-8.967038921024281
-11.26646999535901
-10.91836149100842
-9.228928985484998
-8.578469578925683
-11.17995902892993
-10.592228985484999
-10.63933000387049
-9.771440599307587
-7.845765773523221
-7.455234792396293
-8.918869610182547
-8.151476776945723
-7.950489195229441
-7.694690831760066
-11.051760893094478
-11.318340143972671
-7.032177742444591
-9.56779887774549
-9.264823227645177
-7.756811135769984
-12.3869976879865
-11.294340002850387
-10.531804265358566
-9.514884676161895
-9.872540544538674
-11.463901621240772
-10.855376455357547
-7.828179776686844
-8.573843979873741
-10.199509945764476
-11.18943240970703
-9.123890651512918
-8.916728143128191
-10.431894889172714
-10.955768054979803
-12.331084633021817
-7.272646910663113
-10.389170239027965
-9.31613554205678
-8.321387835333422
-10.640226110849582
-9.29342075500136
-9.29519263655489
-7.818773861891098
-9.72137639649076
-6.963607428152067
-8.933489455871152
-9.33966958371692
-7.284818749522813
-8.06742822403651
-8.713496458424212
-9.48666935232379
-8.873226602795736
-8.024461027800088
-12.095693496896331
-12.742475379970074
-10.9064
-10.405698179652484
-10.255940593440684
-10.35917064275252
-11.619240593440683
-7.9607394543235905
-8.797331345372767
-8.409852102493225
-8.383150153587573
-8.434855220888794
-7.758883527748959
-7.798925719454974
-10.707183648959857
-10.04279245450835
-10.056724242400541
-12.636624978859047
-10.211471663307721
-8.311917420733883
-11.8682541938739
-12.105219636076473
-11.938366228225975
-11.208846400351979
-10.296789455871153
-12.070483648959858
-11.991423227645177
-9.697847194372354
-8.933489455871152
-11.33120805438637
-8.523095262782446
-7.712975159235086
-9.865618616375647
-8.22276719623642
-9.20839257996897
-9.022308449798578
-7.840735380755269
-7.759716311702761
-8.823782156142103
-8.207061403519878
-10.318321780322053
-10.707183648959857
-11.75691775898567
-10.952558975756876
-12.33861654168204
-12.134041173374163
-10.858658688226823
-11.493775965794955
-11.777677794140367
-12.27568074550421
-7.831786993792662
-8.123369352323792
-11.727662424442975
-12.202273613798916
-9.83575983592982
-7.300266906688418
-8.949347606651884
-9.41526093028278
-8.870558741397176
-8.568226431741605
-9.608779655953818
-9.041014489812925
-10.1238231727068
-11.068886829643597
-10.968781186881367
-11.316794193088706
-11.04596498644374
-7.374001621240773
-11.17995902892993
-12.396091191261565
-12.52934503117828
-8.265665940693218
-10.255940593440684
-9.661862524775646
-8.123369352323792
-8.626828990276236
-8.523982965947091
-9.637851778884457
-9.228928985484998
-9.141654193873899
-7.21420144673538
-7.203408931613592
-11.179019974542472
-7.951696277537811
-9.054186162033544
-7.4700887056169725
-12.079135306325327
-7.792035580549766
-9.132213036172761
-8.614363821085862
-9.387761027800089
-8.535404547020624
-8.125666878642846
-9.031504927026551
-8.04087611469383
-10.200599318966502
-12.217842916202901
-8.506416028349134
-7.455234792396293
-7.7708878443989615
-10.678296277537811
-11.353428990276235
-6.878881186881368
-10.462822597360539
-10.707183648959857
-11.924985462865113
-9.907927587233347
-8.555694706973243
-7.519637417972966
-7.637288386177411
-10.968781186881367
-8.350128979618095
-9.435152207263272
-8.51993190529916
-9.348127922813593
-10.40052318336494
-8.762104144720086
-8.42349875670851
-9.990128990276236
-11.573944835576395
-10.932190398099848
-10.236526602795735
-8.390132626106054
-9.760073699340088
-6.8165
-9.639323178573704
-12.115705230941215
-8.952836996726115
-9.068255980206443
-12.2697
-8.24879660394099
-9.392333047949034
-9.425365642841115
-10.871900513884539
-8.13753186321709
-11.09273194479778
-11.109179493191284
-11.143512221477962
-9.886395262782447
-10.441734047633178
-9.570382070349476
-8.820278751439737
-8.985564338315974
-8.304562373762737
-7.620938172962447
-12.161752207263273
-10.849969352323791
-12.472479493191285
-12.982540593440683
-12.858370589579465
-10.246154029018527
-10.056020230573887
-8.467626554663374
-8.239228194888721
-10.72000885079567
-11.99513530041393
-10.930569627997155
-9.024758014174568
-7.459746467980856
-7.72824911312542
-9.314011538721815
-7.770108246927505
-11.190899279271889
-13.769779514464965
-12.77734349689633
-13.550810779793531
-9.875915809261691
-13.187080560228887
-13.765117420733883
-8.726768902129844
-7.865628985484999
-8.36370375137175
-10.888899011559438
-9.690966983954993
-9.793618235721201
-9.369818028389258
-8.132044579573511
-11.379175379970073
-7.541302084449105
-7.0234637768056265
-7.30258096614638
-9.073590013285088
-11.170634841467766
-12.897376103631636
-10.591066422219416
-12.659957916934367
-11.016794590426844
-8.66588096614638
-7.833433931341883
-7.624867624177365
-7.720286475107229
-8.859949878261487
-7.517229129432354
-9.35670885079567
-10.396397631391222
-10.707183648959857
-9.524450468682916
-11.076728979618094
-11.889675215821008
-10.04279245450835
-9.567269627997156
-9.343883648959858
-10.319155765973239
-9.54905053920516
-9.907927587233347
-9.246604138853181
-7.455234792396293
-9.387761027800089
-10.255940593440684
-11.076728979618094
-8.586652365973254
-8.0853260200829
-10.296789455871153
-8.451796825655128
-9.037223183364942
-7.7997752158210085
-7.1189464003519785
-7.646737662366892
-10.482303139944104
-8.965633128833785
-7.73921383843758
-9.710279644175737
-7.428174553954357
-8.389288615033436
-9.845546400351978
-13.296159520987327
-7.637288386177411
-8.444034841467765
-12.510862581139314
-10.497487844398961
-10.01732800397843
-12.114361027800088
-7.489281689322437
-10.729549959061943
-9.700004133696293
-9.798155220888795
-7.405170589579465
-7.5352911326458445
-9.24968322118809
-8.898989969755691
-9.190826273676592
-11.353428990276235
-10.280110221437841
-11.282294706973245
-9.62828185781275
-9.814782407177624
-9.751745805400473
-10.431555980206442
-9.103818435489247
-10.798452207263272
-11.889675215821008
-7.686913920468592
-10.783832361574667
-7.8377375329978225
-11.099256238553311
-8.967430964105816
-11.994912896740503
-9.450142214681458
-9.754277842048563
-8.123369352323792
-8.544627587233347
-8.211417193707014
-9.646330049311835
-7.506916907312563
-7.660567800016658
-9.595053545943337
-8.466376407878943
-9.82776030517934
-10.83599205006266
-8.67949245450835
-8.63956224806851
-7.7997752158210085
-7.614066834711383
-7.149315809261692
-8.600948601788756
-6.8165
-6.8165
-7.812373003147715
-11.260363545412497
-8.977366834711383
-8.917558276774534
-8.229168054979803
-11.917325449104185
-8.276023178573704
-7.892413683249179
-8.071852207263273
-9.555665956264782
-7.980583648959858
-9.123249345633653
-11.316794193088706
-9.374253057869572
-9.73759860761525
-10.955768054979803
-9.199383140080784
-9.28362079588444
-9.410982579266117
-7.500453222018637
-9.905231327849537
-9.048538307232912
-11.197569004715342
-9.630130698615819
-7.525210516234936
-10.977395729083407
-10.139826137886487
-7.525829891675508
-10.318321780322053
-7.359011613822588
-10.217729034556472
-8.044847424604374
-9.103818435489247
-11.379175379970073
-8.511326921156062
-11.619240593440683
-6.835144794746691
-7.103653032908733
-10.720782721163317
-11.316794193088706
-11.1260970345979
-8.229168054979803
-7.980583648959858
-8.238900991969546
-10.363888386177411
-7.769405806911294
-10.383144511558879
-10.224801988632713
-7.678729618509397
-8.283030049311837
-9.566653205591471
-7.491129034556471
-9.789115752675771
-7.461361256032157
-7.503468244025665
-8.1798
-12.13333492214395
-8.8452494139775
-8.162299011559439
-7.740518435489247
-10.236526602795735
-10.300058692633778
-9.218571747604514
-8.416029188253612
-8.54735875203626
-8.47362571815856
-7.693647989276147
-11.050233743160089
-11.259288025285361
-11.672914657706963
-12.437522388367038
-12.962526563014515
-12.878794496857926
-7.661458014174567
-10.811800746917912
-8.89299878357168
-7.917652934485881
-10.496005806911294
-7.980583648959858
-11.599826602795735
-8.818534792396292
-9.886395262782447
-8.771679668802392
-8.425506421290265
-10.788665642841115
-9.425365642841115
-8.898591132645844
-9.774933669422769
-12.30633479718753
-9.436047932869696
-11.282294706973245
-8.523095262782446
-12.769392454508349
-11.293107723674597
-7.680794689707433
-10.72571000528385
-7.865628985484999
-8.482246400351977
-8.311917420733883
-7.8420726453941745
-8.568603087098886
-7.734906320795832
-8.523095262782446
-8.109537712210454
-8.669931656978223
-7.4747068323248005
-10.803406827533562
-7.810180664758556
-11.739149877185833
-7.712975159235086
-10.558386993792661
-11.955528985484998
-11.316794193088706
-11.316794193088706
-8.052438216618325
-7.576567330834438
-9.514212628577953
-7.995573656378042
-8.296575973899067
-10.429947096544353
-9.707277871184811
-9.83575983592982
-6.328920255305334
-7.920320795884441
-9.126814478033419
-9.081682262268842
-11.023897575045279
-9.508600513884538
-11.282535090759355
-8.128296448276172
-8.850740090117073
-7.814925048767813
-7.814925048767813
-8.130049948824372
-9.33966958371692
-10.647229007087283
-10.496005806911294
-10.3753669458657
-11.316794193088706
-12.2697
-8.048630655797245
-10.278057970969998
-7.149315809261692
-10.352163772014388
-9.076275159235085
-9.141654193873899
-8.311917420733883
-8.453077156195649
-7.395488965545243
-10.106705527540996
-9.092646902793048
-10.388058014174566
-8.523095262782446
-11.142787689985036
-9.261134283205779
-8.3607593604149
-8.114410158835977
-7.93973478652939
-6.760069352323791
-8.822027862511472
-8.283030049311837
-9.383224042632497
-8.867336210060431
-7.320615060821209
-9.156875434908452
-9.361046406218883
-12.114361027800088
-9.8386788574571
-8.877058808194944
-8.939867330834437
-10.402214691280394
-9.537208671122123
-9.1201600082173
-8.752681022732302
-8.912712809464352
-9.147695814329479
-12.941017214432524
-7.036197034597899
-8.242181186881368
-8.450236730242606
-9.015456955041753
-10.834038157999053
-10.621874698989256
-10.294892452938232
-8.371836759298366
-7.280395414362318
-9.543099999999999
-7.956143420561657
-9.632398261419644
-7.209393204648144
-8.311917420733883
-7.323396060143516
-10.628123227645178
-9.543099999999999
-9.754277842048563
-10.04279245450835
-8.738821708512662
-9.073590013285088
-8.470521786188957
-8.071852207263273
-9.801810008217302
-9.115204818470733
-11.152526957274212
-9.492076455357548
-13.312745822808484
-9.152573894793939
-8.094348197893094
-7.9015232276451774
-8.283735318802233
-8.898591132645844
-8.408140599307588
-11.740682725414494
-10.236526602795735
-8.471490018076326
-7.843748484801084
-7.57336980550836
-7.3893810227323025
-13.002612809464352
-9.565137044613982
-10.318321780322053
-7.637288386177411
-10.849969352323791
-10.67846146540638
-7.9162919227408715
-8.590194193088706
-9.845546400351978
-10.72000885079567
-8.590194193088706
-10.236526602795735
-12.332081186881368
-6.9590704429844745
-8.024461027800088
-8.252801627107678
-6.538223227645177
-8.873226602795736
-9.697847194372354
-11.353428990276235
-9.383224042632497
-11.859305806911294
-11.57729441070741
-12.161752207263273
-10.276012809464353
-7.465244877791352
-9.144667297919716
-8.442187496233732
-10.707183648959857
-11.249695262782446
-9.105186988346736
-8.1798
-11.29357264162268
-9.48666935232379
-8.696250375056094
-10.318321780322053
-10.252458055526848
-10.532674109484361
-7.7997752158210085
-12.064502903455647
-11.117577842048563
-11.448911613822588
-9.786430606725773
-10.624468266223026
-9.720576837061781
-10.849969352323791
-10.103645708497417
-8.892640593440683
-11.038517420733882
-10.707183648959857
-10.184665240007368
-11.382852903455646
-8.737301621240773
-10.278057970969998
-10.755633047949035
-8.344720203603343
-9.869545782907739
-8.678434442661331
-8.235034971933533
-9.257468180674032
-11.638738218467537
-11.420024242400542
-13.525052207263272
-7.941053438302518
-9.153799720629701
-7.567829927858146
-8.930792086928088
-8.73954565994338
-9.537208671122123
-7.794287971859321
-9.713428979618095
-9.561134094674827
-8.123369352323792
-10.467118435489247
-10.496005806911294
-10.296789455871153
-7.442316308991003
-7.331535622490049
-10.917757642238914
-10.75106102780009
-7.8220004293705045
-10.398009066350854
-10.03187834514976
-7.522473050545807
-8.068838444273684
-10.017083249562154
-8.123369352323792
-9.598938869848652
-8.830851776460833
-9.916267204450001
-11.448911613822588
-10.274608124344441
-9.697847194372354
-7.270498370201173
-9.272270793355034
-8.429414995779162
-11.639312809464354
-9.120734598120446
-11.859305806911294
-10.558386993792661
-11.889675215821008
-10.526375215821009
-11.239215809261692
-10.217729034556472
-11.959655001175198
-11.452437951632358
-10.089114687956453
-12.543106350893632
-8.183959089526246
-7.443680927669834
-11.448911613822588
-12.328448787522639
-9.802502319138947
-8.060755831023005
-9.370180960189462
-9.558908596853506
-8.42581575267577
-8.024461027800088
-8.906619373171242
-8.290077867386668
-11.447433276806905
-11.594124404622926
-9.435152207263272
-10.788665642841115
-6.552560858426298
-8.25886042131468
-8.47245983592982
-12.634527587233347
-10.09225982305208
-10.084687941205573
-9.543099999999999
-8.543532168480214
-9.82613240970703
-8.761937944211649
-8.47701981791882
-10.23442944544313
-6.8165
-7.272646910663113
-8.450518262434882
-7.992100819938397
-7.607274328083912
-8.829076441795793
-7.559074156680927
-8.399768572825456
-7.740518435489247
-11.199059835929821
-11.227952179794084
-7.980583648959858
-8.024461027800088
-8.910674688115513
-11.584372476514426
-11.17995902892993
-11.038517420733882
-11.479281022732302
-9.272270793355034
-8.173322749582788
-8.67949245450835
-9.228928985484998
-8.69342424240054
-10.606326643574993
-8.96832736649836
-10.439575159235085
-9.774058467981542
-9.68266498644374
-12.2697
-8.123369352323792
-8.242181186881368
-10.526375215821009
-11.751358014174567
-10.318321780322053
-8.412510166499462
-7.653615864200068
-10.199509945764476
-11.98119361235344
-12.821073098635017
-10.860205861499416
-12.93091854784175
-8.432128859967692
-7.201853673472557
-7.641328238231263
-10.496005806911294
-10.388058014174566
-11.04596498644374
-8.737301621240773
-8.859724598812798
-7.928010172366368
-8.950652213130176
-8.590194193088706
-9.886395262782447
-8.523095262782446
-7.661458014174567
-7.3185563933132185
-7.707810230175934
-7.527763831744003
-11.076728979618094
-9.024758014174568
-7.740518435489247
-9.163075215821008
-9.350261523923143
-10.01719256331017
-10.255940593440684
-11.448911613822588
-11.660089455871152
-12.387373735022859
-13.889812121200272
-9.421881715836292
-11.770463793616674
-7.386244105517608
-10.413256441157214
-10.707183648959857
-11.727188386177412
-10.97539660394099
-8.46666461510624
-11.962787695314107
-9.965455684097126
-9.581880222606983
-7.0900590289299315
-11.562809945764474
-11.619240593440683
-10.66633478652939
-10.75106102780009
-8.024461027800088
-10.199509945764476
-9.58606719623642
-8.523095262782446
-9.20839257996897
-13.222605806911293
-12.524755220888794
-13.284986993792662
-10.813442214681459
-10.9064
-10.592228985484999
-10.070991768133984
-10.439575159235085
-8.967038921024281
-7.603738921024282
-9.162975736941945
-10.24228425271195
-8.047682579266116
-7.529340593440684
-8.652575379970074
-7.838735129977185
-7.169388025285361
-9.923480134995208
-8.038284387220743
-8.024461027800088
-9.57973479718753
-10.345238854860328
-8.139741095881753
-7.514989426647394
-9.098509468444707
-8.931550435078023
-9.865618616375647
-11.042751045876413
-11.199059835929821
-9.531375385836977
-8.350128979618095
-9.147695814329479
-9.513649017238697
-10.261891132645845
-9.839514839552855
-9.889303792787029
-8.47733289773629
-9.675217420733883
-9.195086993792662
-8.977366834711383
-10.80051519006194
-10.512752714640955
-8.123369352323792
-10.798452207263272
-10.75106102780009
-10.164672035137269
-10.690504414526547
-7.895998394394713
-10.788665642841115
-10.75106102780009
-10.439575159235085
-10.66633478652939
-7.33692976177908
-7.971351980236404
-7.226894193088706
-8.311917420733883
-8.123369352323792
-7.32311737166241
-7.438072035137269
-11.688237197381673
-11.27475252515662
-10.94936719623642
-11.39263391723921
-9.50221482594501
-9.184783750869656
-9.514212628577953
-11.316794193088706
-7.961033251525416
-9.364251941414489
-7.546561399983267
-8.898591132645844
-7.159795262782446
-8.07348265273948
-7.7997752158210085
-10.045552709704342
-7.880797624271918
-8.123369352323792
-8.25886042131468
-7.615663028888343
-7.588223550545981
-7.3666090905769686
-12.13333492214395
-10.894675385836976
-8.27047678047586
-10.388058014174566
-8.784692800703956
-8.242181186881368
-7.865628985484999
-11.545134792396293
-9.076275159235085
-8.80086476079479
-11.227461910418633
-10.686407002553057
-7.344391768133985
-12.358998261419643
-8.395222115902298
-7.472909945764476
-8.127021740658035
-9.592468054979804
-11.619240593440683
-7.686656441157215
-8.062065642841116
-7.9015232276451774
-8.523095262782446
-11.313252365973254
-9.865618616375647
-8.635713434945224
-11.068886829643597
-7.8552717476045135
-9.343883648959858
-8.334547194372355
-8.071852207263273
-9.010860650170706
-10.103645708497417
-10.269919373171243
-10.410687787813039
-7.269606788733294
-8.738821708512662
-10.469944568144799
-7.943695160273546
-8.326907428152067
-10.363888386177411
-8.200952203704144
-9.975201972768977
-9.012549877185833
-9.911226056305795
-10.255940593440684
-7.479767321825086
-8.912508681323327
-9.934844661771622
-11.853414478033416
-12.01405300128365
-10.51190739829274
-11.553906414566669
-7.769405806911294
-9.344730073217207
-8.276023178573704
-9.00058838617741
-7.494841107325223
-8.614363821085862
-8.563566647567244
-7.162975612419655
-7.936585451087032
-7.418603478005283
-11.228918616375648
-9.865618616375647
-11.208945095746653
-8.841037933909465
-11.20963688635862
-10.035947595993743
-10.023822796842738
-7.374001621240773
-8.854429034556471
-11.955528985484998
-7.942107830456361
-8.784692800703956
-10.294966229895907
-9.47600106969374
-9.33966958371692
-8.334547194372355
-9.30303478652939
-7.570189455871152
-6.8165
-9.611431726086527
-8.722430041139464
-7.199054104892259
-11.228918616375648
-8.188628181162338
-6.698765642841115
-10.444443809502916
-8.434855220888794
-11.09273194479778
-11.468017393264695
-8.034566486983948
-8.578469578925683
-10.9064
-8.827306414566667
-9.076275159235085
-12.842581022732302
-10.373516448868145
-10.496005806911294
-8.752681022732302
-8.491194787314585
-8.389710470175743
-11.366162248068509
-8.128776455357547
-8.271167245472103
-7.8229718383942854
-9.97766382108586
-9.27603000387049
-9.2394706348845
-8.350128979618095
-6.804775385836977
-7.5049815321777364
-9.664327822679244
-10.814202258317403
-7.461713261789957
-8.582469497088807
-8.559055588280735
-11.969626643574992
-9.514884676161895
-8.751124980661428
-8.456185161585484
-7.230695642213151
-7.806986157135318
-7.2388556840971265
-8.579631647340298
-10.558386993792661
-8.094994820836085
-12.420923200175988
-9.1066445681448
-7.399596216633772
-8.136430330495307
-10.694630380123881
-10.255940593440684
-8.727816779257086
-10.526375215821009
-9.387761027800089
-9.460350634245922
-10.79114228441897
-10.200599318966502
-9.132705806911295
-8.113007758783283
-7.6304598609547725
-11.316794193088706
-7.666412634444857
-7.666412634444857
-12.029634786529389
-9.875915809261691
-10.66633478652939
-10.131770589579466
-10.365789110739634
-9.675217420733883
-8.768470589579465
-10.66633478652939
-11.434291768133985
-12.589834602463213
-12.406479514464966
-9.561134094674827
-11.824437689985036
-8.03058458000569
-9.010776659472693
-10.330338921024282
-10.290350609877963
-11.316794193088706
-10.0884306642996
-12.441347631391224
-9.598288953377761
-13.079789897248308
-7.8920158372294384
-7.721443368944435
-8.123369352323792
-12.473648692345146
-9.138656346116454
-7.570189455871152
-7.159795262782446
-10.592228985484999
-9.228928985484998
-9.22200406833094
-9.23168276483335
-10.100601621240774
-10.75106102780009
-8.1798
-9.965455684097126
-10.707183648959857
-6.8165
-9.387761027800089
-8.626828990276236
-7.980583648959858
-8.306713129625777
-8.452908268532848
-9.731711667653606
-8.3944533364841
-9.773019740052778
-8.444034841467765
-10.686759217744623
-10.75106102780009
-10.810917376453647
-8.873226602795736
-9.57973479718753
-11.944470296720342
-8.37925322788554
-10.66633478652939
-9.865618616375647
-12.213269352323792
-8.04720910969496
-9.497533394144641
-7.389225234370088
-7.17100203900776
-9.465521616172987
-7.8552717476045135
-8.238900991969546
-9.27043745689118
-9.01740296720342
-9.48666935232379
-9.279813235063362
-9.141654193873899
-8.512615809261693
-10.120673837264443
-6.845251210136543
-7.027677842048563
-9.704808297424679
-11.322774938592916
-9.653420836663699
-11.74403304995465
-9.705586829643597
-10.97539660394099
-9.327204414526546
-10.056724242400541
-11.479281022732302
-8.578469578925683
-10.496005806911294
-8.737301621240773
-11.495070589579464
-8.123369352323792
-10.97539660394099
-10.968781186881367
-12.2697
-10.979953714076034
-10.276012809464353
-12.114361027800088
-11.685299303807625
-10.165640267671971
-9.450142214681458
-11.228918616375648
-8.102130513900043
-9.941769578925683
-7.825244676759947
-8.216434797187532
-10.968781186881367
-7.79807622308894
-9.931359509084093
-10.217729034556472
-9.460350634245922
-9.060343964910347
-10.9064
-6.760069352323791
-8.67949245450835
-10.533849193440131
-9.749224551056075
-6.82245053920516
-11.859305806911294
-11.619240593440683
-9.543099999999999
-10.236526602795735
-9.953494193088705
-6.684382579266117
-9.855497452528263
-8.78605275513967
-7.50706863907826
-10.711427922813591
-7.565975390628215
-10.276012809464353
-11.569407139860337
-8.955021780322053
-8.257508654364077
-8.752533041307782
-9.978528523488727
-7.2799406462896386
-7.831786993792662
-10.526375215821009
-11.660089455871152
-11.293572641622678
-12.365794957862533
-11.58102903455647
-7.865628985484999
-11.402749168904396
-11.224031104806835
-10.004150765807053
-9.969091767176089
-8.200464585925188
-9.845546400351978
-9.789115752675771
-10.803406827533562
-12.897344452783576
-9.057729948888616
-8.877058808194944
-8.848904201306008
-7.831786993792662
-8.861445817325126
-11.570030445827378
-10.558386993792661
-10.75106102780009
-8.3994970345979
-11.776556441157215
-11.09273194479778
-9.988870597311175
-10.04279245450835
-10.98074267788979
-11.247900328060021
-8.43661212120027
-8.818534792396292
-8.572693204648145
-11.009630049311836
-11.353428990276235
-9.592468054979804
-10.413256441157214
-8.573843979873741
-10.887479301422683
-10.606498583079514
-7.71756804210773
-9.497533394144641
-9.605481186881368
-7.849434460760676
-11.228918616375648
-10.915365244244198
-10.707183648959857
-10.707183648959857
-8.86187660026633
-7.823671354367684
-9.605481186881368
-9.057729948888616
-10.296789455871153
-7.746184255445266
-8.292981101488124
-10.643113235063362
-13.05663413584618
-9.83575983592982
-11.347984786529388
-8.525213596588399
-9.120981192748273
-7.86665511071892
-8.967038921024281
-7.601631888402813
-8.810062868118935
-11.850490651512917
-12.860323203109441
-11.715577610444397
-10.517099720629702
-10.197718496085562
-9.754277842048563
-11.353428990276235
-12.678576477938964
-7.545343558620371
-8.327666983954993
-7.220416942671494
-10.439575159235085
-8.504363777881291
-8.024461027800088
-8.590194193088706
-8.512615809261693
-10.982086773057674
-10.368644023529619
-8.743405527540997
-7.661458014174567
-7.614066834711383
-6.4241399015861225
-9.886395262782447
-9.561134094674827
-9.855497452528263
-10.224801988632713
-12.13333492214395
-7.769405806911294
-8.417531129272728
-8.42581575267577
-9.420051196438736
-8.816795955119527
-7.731842183004629
-12.908434792396292
-11.681621780322052
-11.38422376275581
-10.103645708497417
-7.614066834711383
-7.641328238231263
-7.66244562685924
-10.770034922143951
-7.344391768133985
-8.780530716851
-10.296789455871153
-8.123369352323792
-10.72000885079567
-11.677252213130176
-9.302982162436532
-11.90546478266817
-10.16636609542655
-8.669931656978223
-9.930272641622677
-10.363888386177411
-11.715463772014388
-8.156578448533972
-7.752420800020806
-10.056724242400541
-12.13333492214395
-9.807334841467766
-10.02628980986546
-9.35974179974059
-9.890639536636181
-10.44498226226884
-9.029712634444856
-8.892640593440683
-10.015875379970073
-9.48666935232379
-7.6661639162445265
-10.467118435489247
-11.328755684097127
-10.363888386177411
-10.592228985484999
-9.880414517278236
-8.727437485766423
-10.813442214681459
-8.03688743729897
-7.9015232276451774
-11.720125793481007
-11.023897575045279
-11.859305806911294
-10.261891132645845
-8.439660530120939
-8.254843332765155
-7.951696277537811
-8.764801523723465
-5.6469671907398435
-7.8220004293705045
-8.492197452528265
-9.199378597569055
-8.123369352323792
-7.509926602795735
-7.858704068330939
-10.936769408909713
-7.928010172366368
-9.195086993792662
-7.25851138679572
-9.132705806911295
-11.545134792396293
-10.101361664876718
-8.317746835325007
-10.686407002553057
-11.997000100907245
-11.101699171300012
-7.240428579202893
-7.325522287259314
-8.29729757504528
-8.926511268291883
-11.72435323151567
-11.293572641622678
-8.358076396490759
-7.865628985484999
-10.388058014174566
-7.31619245450835
-7.637288386177411
-9.027230141637403
-11.678792737856842
-10.273000933527406
-10.724042458725851
-11.086770265920252
-8.123369352323792
-8.490193817224643
-8.486206774096136
-10.968781186881367
-13.633
-8.370854879028263
-8.854429034556471
-8.283030049311837
-7.712975159235086
-12.2697
-8.298743421104884
-8.53344068418455
-9.152267834478424
-9.515906688867235
-6.801706889812131
-7.274976528416293
-11.880399720629702
-10.59325511071892
-9.785538257397581
-10.770034922143951
-8.45524161769308
-7.66244562685924
-11.328755684097127
-8.55346467169216
-9.626234338767533
-11.434291768133985
-10.9064
-8.63956224806851
-9.201702410852285
-8.523095262782446
-8.873226602795736
-8.555694706973243
-8.071852207263273
-8.1798
-7.932282286892864
-8.155985860405284
-9.886395262782447
-8.652575379970074
-7.077045897028367
-7.070463169548436
-11.859305806911294
-11.117577842048563
-11.554658044548633
-10.9064
-7.024893196280303
-7.075576730847285
-9.440106827533562
-10.100601621240774
-11.802875159235086
-8.933489455871152
-10.147992800703957
-8.523095262782446
-8.462832409707032
-8.261573249278053
-10.164672035137269
-8.523095262782446
-7.684344152254013
-10.9064
-11.802875159235086
-11.076728979618094
-9.646330049311835
-7.3468518113509775
-8.153738761233505
-9.04738778781304
-9.845546400351978
-9.057729948888616
-7.612020887962669
-7.989532035922465
-10.444664743052858
-11.134740599307587
-8.47831234157781
-8.358877037136333
-12.8289359637868
-9.665113222808744
-11.52797203513727
-9.939452262201648
-10.779038216618325
-7.587352213130176
-7.612247866561263
-7.25527259998037
-8.529473137745732
-9.97766382108586
-9.331330380123882
-7.359752168849941
-7.2661803534895
-9.690207428152068
-10.276012809464353
-10.255792612016164
-12.641305001175198
-10.654610172366368
-13.633
-8.523095262782446
-7.831786993792662
-8.626828990276236
-8.544627587233347
-8.729759179532445
-8.02995170393966
-7.737705728692655
-9.435448392214031
-8.3458341993421
-10.558386993792661
-9.132705806911295
-7.9015232276451774
-7.159795262782446
-9.446467094082509
-10.712979506251383
-9.855497452528263
-9.29519263655489
-12.2697
-11.328755684097127
-10.707183648959857
-10.388058014174566
-8.948479463289337
-8.130953199232819
-8.260215281556198
-10.999150595791082
-7.769405806911294
-11.955528985484998
-11.316794193088706
-10.849969352323791
-10.526375215821009
-8.482246400351977
-7.769405806911294
-9.103818435489247
-8.3994970345979
-9.48666935232379
-7.080824401378867
-9.762797034597899
-9.886395262782447
-10.526375215821009
-8.35329515650651
-9.387761027800089
-8.350128979618095
-8.979648431628029
-7.354147044937013
-8.290120836663698
-9.35974179974059
-10.585304068330938
-9.97766382108586
-12.982540593440683
-12.352153402905037
-8.58426769256242
-9.646330049311835
-10.199509945764476
-8.590194193088706
-10.363888386177411
-7.028524266305912
-6.932267207518918
-8.892640593440683
-8.203969627997155
-7.197443210327402
-7.9015232276451774
-8.130953199232819
-10.375849877185832
-8.430318235721202
-11.660089455871152
-8.746481241819746
-7.865601365508101
-8.327100939561285
-8.148661395192029
-8.006518028389259
-10.36247080884654
-9.757766173882839
-9.780212221477962
-10.181834792396293
-8.469555135089044
-7.4213928007039565
-10.75106102780009
-7.920629007087284
-7.769109844062253
-7.7230174470486865
-7.181327587233347
-7.057068690095604
-8.107962348973691
-9.68266498644374
-9.508600513884538
-10.199509945764476
-8.291549241861173
-9.450142214681458
-8.675376050901457
-11.776556441157215
-10.654610172366368
-9.990191983538223
-8.123369352323792
-7.582582644796751
-8.79631874414478
-7.1869128701459
-8.071852207263273
-8.53622029672034
-8.482246400351977
-8.807476103631636
-8.602155684097127
-9.455224423286943
-9.146708726029896
-7.491129034556471
-7.278196077769765
-10.955768054979803
-9.905738772662216
-10.4477044448443
-6.827254408700051
-6.530868180674031
-9.841661358356397
-10.551844676759947
-7.570189455871152
-7.879726643574993
-7.3717287828751115
-10.667915758542675
-10.66633478652939
-10.37002383623939
-8.37925322788554
-8.660522796842738
-9.343883648959858
-7.831786993792662
-6.919730049311836
-10.936769408909713
-6.905798261419644
-9.103818435489247
-7.549412809464353
-11.208846400351979
-7.488544362119827
-8.780024282632132
-8.392671902337844
-8.555694706973243
-8.1497859419065
-8.815755098712268
-9.816659028929932
-9.754277842048563
-8.955021780322053
-9.687178911742304
-9.820430211534221
-10.099085426642214
-7.893072761920898
-9.970308774114715
-10.75106102780009
-10.217729034556472
-7.980583648959858
-9.132705806911295
-8.523095262782446
-10.60990413885318
-8.722311613822589
-7.4707608556837615
-9.153799720629701
-8.69342424240054
-7.97553035796737
-8.39708191054293
-10.558386993792661
-10.75106102780009
-7.31413067529016
-7.968030380123881
-7.081660680072654
-10.217729034556472
-7.79357543490845
-8.76751202371144
-9.953494193088705
-10.100601621240774
-9.010138168485962
-10.786367393264694
-10.542164782668172
-9.858515676569127
-9.132705806911295
-8.564699803257016
-7.537288010313349
-11.451730664299598
-10.276012809464353
-7.950489195229441
-7.009192251939002
-8.427612639236095
-7.93973478652939
-7.170463545412497
-9.201702410852285
-10.296789455871153
-10.115981022732303
-9.087139201055935
-10.526375215821009
-7.562732214370618
-7.518054297916619
-7.3241434968963315
-8.162840359945553
-7.529340593440684
-7.93973478652939
-8.11270106969374
-9.132705806911295
-8.72826215302775
-8.787991269776406
-7.596123835300553
-7.716213491832222
-11.661603714076033
-8.523095262782446
-9.3111622805596
-9.886395262782447
-9.886395262782447
-9.598938869848652
-8.53484102281119
-8.873226602795736
-8.288695869267857
-9.814059917997517
-10.75106102780009
-8.668578345149761
-7.09043506810877
-9.897063545412497
-7.557636187035176
-7.581073077171399
-9.392333047949034
-11.208846400351979
-8.37101841270343
-8.183973800930325
-7.980583648959858
-7.740518435489247
-13.166226981322914
-12.420938890959796
-13.108348165161289
-9.250203381956574
-11.619240593440683
-11.448911613822588
-10.798452207263272
-8.771679668802392
-9.201702410852285
-8.8343320438306
-9.68266498644374
-7.1189464003519785
-11.068886829643597
-8.791308217763579
-7.330380280625322
-8.107438157999054
-9.195086993792662
-8.889884010030757
-10.467118435489247
-10.66633478652939
-7.603738921024282
-9.919944727935576
-12.2697
-9.953494193088705
-9.531375385836977
-7.989102841509194
-8.854429034556471
-7.570189455871152
-8.53592046461826
-9.109484255445267
-7.401501523723465
-10.04279245450835
-9.28362079588444
-7.396749703135644
-8.99587064275252
-11.495070589579464
-8.955021780322053
-8.696250375056094
-9.573469408909714
-8.042964835841227
-8.434855220888794
-9.816894072081293
-11.134740599307587
-10.204917048798231
-11.516128982551546
-7.584312591000983
-8.498249365531665
-9.653893910806572
-8.53592046461826
-8.892640593440683
-9.349987717454225
-9.632398261419644
-10.330338921024282
-7.887391822612123
-8.210169408909714
-8.311917420733883
-9.039748021592752
-8.523095262782446
-10.818524423286942
-10.64692079588444
-9.681916000047616
-8.003872869854746
-7.377503674486871
-7.031326082822515
-8.1798
-8.892640593440683
-7.980583648959858
-7.814501394729553
-8.395710396379272
-9.014971449752409
-6.433367210431173
-10.015875379970073
-7.282733062937358
-10.60990413885318
-8.624314873262149
-9.202368036180602
-9.917878639409633
-9.762797034597899
-9.044769735391842
-8.974048518871655
-10.806399624135937
-9.78286925062157
-7.476509188867867
-7.749037628038584
-6.438709313231675
-8.136884792396293
-7.0553822487070885
-9.729431944797781
-7.539090976688705
-7.438072035137269
-10.849969352323791
-9.990128990276236
-11.208846400351979
-8.69342424240054
-8.847073987585325
-9.519878448533971
-8.882854029018526
-11.305069578925682
-9.57973479718753
-7.57145954645583
-7.697043964910348
-10.501657469933985
-9.543099999999999
-11.619240593440683
-11.316794193088706
-10.75106102780009
-11.448911613822588
-9.00058838617741
-10.413256441157214
-9.01740296720342
-8.1798
-11.39517834514976
-11.715463772014388
-10.467118435489247
-8.566972641622678
-8.293698331941886
-8.113759289219733
-7.932282286892864
-9.918994706973244
-7.397776461019769
-9.514212628577953
-8.63956224806851
-9.816659028929932
-10.199509945764476
-10.029180966146379
-10.056724242400541
-11.420024242400542
-11.208846400351979
-6.374405728692655
-7.3550285443561885
-10.514039901586122
-7.159795262782446
-7.812373003147715
-8.1798
-8.955021780322053
-9.660597575045278
-7.33380085210036
-6.910776023579251
-12.171703259439559
-11.353428990276235
-8.396501353707496
-9.91343528897046
-9.042283672865228
-11.179019974542472
-10.707183648959857
-8.931252266144835
-11.055166448868144
-8.952832965750924
-9.460350634245922
-8.352502023545066
-7.952099185799143
-11.161455220888794
-7.3893810227323025
-10.710525300828992
-11.305069578925682
-8.630620296724219
-11.619240593440683
-10.558386993792661
-10.66633478652939
-9.435152207263272
-11.715463772014388
-10.592228985484999
-7.614066834711383
-10.09606463607318
-9.04738778781304
-7.509926602795735
-12.332081186881368
-10.439575159235085
-10.75106102780009
-10.925149171251407
-8.147538980320949
-8.00080203748798
-7.806986157135318
-9.930436908805431
-10.849969352323791
-9.22200406833094
-8.625570597311174
-9.897063545412497
-10.087021139061093
-10.094247415990004
-7.686656441157215
-11.619240593440683
-11.448911613822588
-11.703966834711384
-10.056724242400541
-11.217186017568634
-11.639312809464354
-11.545134792396293
-8.4891945365365
-8.459024848885951
-9.182073861891098
-8.590194193088706
-7.637288386177411
-8.376770735078088
-8.955021780322053
-9.323107002553058
-7.257014360291022
-8.950652213130176
-8.102221616172987
-7.946882643973075
-7.060992675140386
-9.027230141637403
-9.941769578925683
-9.47600106969374
-7.661458014174567
-11.249695262782446
-13.114658014174566
-11.038517420733882
-12.2697
-7.633242690336463
-10.149639738253178
-7.447621817445821
-9.243026643574993
-8.236941562711204
-10.398009066350854
-10.181834792396293
-10.592228985484999
-10.66633478652939
-9.435152207263272
-9.228928985484998
-7.798958429135105
-9.024758014174568
-10.995698261419642
-8.025828930604574
-8.475378857457102
-8.43759419416436
-8.19055440870005
-7.896365117024696
-7.359011613822588
-10.276012809464353
-10.798452207263272
-6.65106605985434
-8.119420110752516
-8.977366834711383
-8.492197452528265
-7.240307438810209
-7.740518435489247
-8.46666461510624
-7.176522831732882
-9.930272641622677
-7.93973478652939
-10.413256441157214
-11.955528985484998
-8.024461027800088
-7.511265055059665
-10.153445171039023
-10.42390600238627
-7.683063438652375
-10.070991768133984
-9.953494193088705
-9.675217420733883
-9.920112882314431
-7.381949038113437
-8.614363821085862
-7.802899622370616
-9.012549877185833
-7.49670590781854
-11.038517420733882
-8.461878221479267
-6.587993643270559
-8.246141560625524
-9.132705806911295
-13.222605806911293
-10.592228985484999
-9.387761027800089
-8.150912628577952
-7.176522831732882
-7.971351980236404
-11.199059835929821
-8.651261120457775
-8.630620296724219
-8.997776801796418
-9.815719974542471
-10.174909875242232
-11.448911613822588
-11.448911613822588
-11.619240593440683
-9.667862373762738
-10.008033229995576
-9.274147415107343
-10.849969352323791
-11.353428990276235
-10.164672035137269
-8.723793651310256
-8.830851776460833
-8.717887630595825
-9.93602111027418
-10.23073074550421
-8.911045486296528
-10.955768054979803
-8.776526137886488
-8.589677980878543
-11.328755684097127
-11.538425096504776
-12.72946224806851
-10.526375215821009
-12.699821116920974
-11.053507428152066
-6.7820005138845385
-10.94303479718753
-7.580857738501202
-8.44588796869944
-8.768470589579465
-9.264823227645177
-10.147992800703957
-8.462832409707032
-11.366162248068509
-12.332081186881368
-11.921686993792662
-12.070483648959858
-9.941769578925683
-11.316794193088706
-6.470750954208118
-8.80137203513727
-11.420024242400542
-7.599331343325092
-11.117577842048563
-8.45241997454247
-7.220416942671494
-8.763689349595216
-12.401817420733883
-12.506812221477963
-7.980583648959858
-9.667862373762738
-6.851310998799416
-8.671288069180136
-10.255940593440684
-10.056724242400541
-10.585992926660161
-11.859305806911294
-10.467118435489247
-11.038517420733882
-7.10809312360476
-10.340666834711383
-11.448911613822588
-10.707183648959857
-8.573843979873741
-11.26063279221013
-8.37247865291874
-9.754277842048563
-9.886395262782447
-8.809891227686604
-9.795428859967691
-10.181834792396293
-7.360938986921457
-8.279166012850704
-7.828179776686844
-11.859305806911294
-10.388058014174566
-10.490114478033417
-10.00286224806851
-8.272550595791081
-13.427802903455646
-10.698785300102578
-11.170634841467766
-10.217729034556472
-9.63664741615319
-12.716728990276236
-11.100898607615251
-9.343883648959858
-9.941769578925683
-10.654610172366368
-8.388951347199093
-8.873226602795736
-7.3432376280664196
-8.649386646111719
-8.578469578925683
-11.660089455871152
-8.96832736649836
-8.566972641622678
-8.566972641622678
-8.083310448205545
-7.786525030942316
-6.987618937930317
-8.1798
-8.737301621240773
-7.446591227686604
-7.472371941486495
-7.262270597311175
-7.529340593440684
-10.711443245234525
-10.230664295714224
-12.424447194372355
-7.7211044448443
-8.038284387220743
-10.849969352323791
-6.723542214681457
-7.1189464003519785
-10.849969352323791
-9.863580495026808
-11.639312809464354
-11.249695262782446
-9.567269627997156
-7.085192129775022
-8.460925568551007
-10.439575159235085
-11.448911613822588
-8.590194193088706
-9.561134094674827
-7.740518435489247
-9.497533394144641
-8.599743975397256
-9.618786773057675
-7.847789958972349
-10.015875379970073
-9.716902248961123
-8.030871787523703
-8.229490009153558
-12.070483648959858
-12.656872641622677
-9.002961430104383
-9.076275159235085
-9.845546400351978
-8.523095262782446
-9.940609786846347
-10.439575159235085
-8.53268802528536
-9.135673600930646
-8.652049326033042
-9.261134283205779
-11.915144676759947
-8.102221616172987
-9.37782515719452
-10.76024064837906
-8.4072705423293
-10.439575159235085
-7.366159471266275
-9.431535602974044
-6.8165
-12.332081186881368
-6.917619267514088
-9.33966958371692
-8.311917420733883
-7.712975159235086
-12.325538869848652
-10.211654542903066
-9.930272641622677
-10.746990174497686
-9.410982579266117
-10.968781186881367
-7.963904414526547
-10.022490797029695
-8.006518028389259
-9.144667297919716
-7.5545390204233325
-7.941053438302518
-6.323356441157215
-8.967038921024281
-7.737705728692655
-9.343883648959858
-10.690504414526547
-11.316794193088706
-9.865618616375647
-8.493201818616743
-8.979648431628029
-8.482246400351977
-7.856299356194284
-7.743627924774845
-8.64733575579991
-9.369818028389258
-7.7148620334340325
-11.511292800703956
-11.727188386177412
-7.951696277537811
-8.015421559587065
-6.8165
-8.123369352323792
-11.083078355933102
-9.460350634245922
-12.070483648959858
-8.555694706973243
-8.339954297406111
-7.865628985484999
-8.91681022143784
-11.117577842048563
-13.621389224266986
-9.993793527926565
-9.625553402905037
-9.514884676161895
-8.738821708512662
-11.52797203513727
-9.713428979618095
-10.070991768133984
-7.411606236281799
-10.100601621240774
-9.057729948888616
-10.217729034556472
-11.955528985484998
-9.019844511558878
-8.749573017342467
-9.930272641622677
-7.778955589219846
-10.849969352323791
-7.607274328083912
-8.380083043952952
-8.299467670329356
-9.250203381956574
-8.376246602324073
-12.070483648959858
-10.592228985484999
-13.57656935232379
-12.2697
-7.529340593440684
-7.191973452069591
-9.519878448533971
-7.944092658554458
-8.317867959939043
-10.575066228225975
-8.523095262782446
-8.462832409707032
-11.516247420974246
-8.45713021153422
-8.223404177112469
-10.190606414566668
-9.762797034597899
-8.085830986993832
-8.955021780322053
-9.007736243621098
-10.17663352614569
-11.859305806911294
-11.859305806911294
-10.147992800703957
-10.624434283205778
-7.68923628692603
-7.253535948548698
-7.886903381956573
-9.101005728692655
-9.559914581026009
-8.77135797704377
-9.98261844135615
-9.300278203119461
-9.600893985550972
-13.307770296720342
-10.340666834711383
-8.590194193088706
-7.515684252711951
-8.604577256663704
-11.451730664299598
-8.366131944797782
-7.686656441157215
-11.208846400351979
-10.286310002350397
-10.538973003147715
-6.780605757839822
-8.8452494139775
-8.025828930604574
-8.264981857812751
-9.35670885079567
-8.34384697196182
-8.576681582065351
-10.388058014174566
-7.769405806911294
-7.769405806911294
-9.641416546696147
-11.860787844398962
-11.991423227645177
-10.798452207263272
-11.448911613822588
-12.161752207263273
-11.208846400351979
-7.740518435489247
-6.728281625236014
-10.200599318966502
-8.988863772014389
-7.339502135125311
-10.04279245450835
-9.172498337808792
-7.002831944797782
-7.455234792396293
-8.234339036906869
-9.081682262268842
-7.732120086631968
-9.773184558351034
-10.813442214681459
-9.48666935232379
-9.612096603940989
-8.024461027800088
-8.687812127707128
-7.492332907290524
-7.688202999286496
-10.523267210431174
-8.006831822202944
-8.468879417127015
-8.42851313167915
-10.479875297071768
-7.1189464003519785
-8.321566761053582
-7.589532965750923
-8.565835131825759
-9.788219350283226
-9.953494193088705
-9.660597575045278
-10.978817294893203
-8.047682579266116
-8.013630109908151
-10.698785300102578
-12.029634786529389
-9.903558020041471
-7.335932404866486
-8.96608890006195
-10.6027706348845
-10.082658621829943
-8.46237069373053
-8.955021780322053
-9.44510325943956
-11.859305806911294
-11.117577842048563
-11.038517420733882
-9.704808297424679
-8.382921694596416
-7.578114023777871
-8.5209844809847
-12.476112000198762
-12.179315621041638
-8.550799669440972
-9.383224042632497
-9.435152207263272
-9.682889867246791
-7.609118704514939
-12.332081186881368
-8.280919267514088
-8.345411236193206
-9.089886647597055
-8.097050634245921
-11.448911613822588
-8.294560156937111
-11.038517420733882
-10.526375215821009
-8.113291655281605
-7.607274328083912
-7.549412809464353
-8.977366834711383
-10.962238869848653
-10.199509945764476
-9.67744187044068
-7.2952561254742845
-8.891514483677371
-8.656252903455648
-7.472909945764476
-7.712975159235086
-11.619240593440683
-9.621484152061054
-12.213269352323792
-7.447750032353479
-8.933489455871152
-10.363888386177411
-11.316794193088706
-7.797908455471064
-10.849969352323791
-11.188478221479267
-9.055127423084281
-9.925735656455085
-9.401584387220742
-7.3468518113509775
-9.654134608500812
-9.369818028389258
-11.52010269098788
-8.674010251755595
-11.059381204151146
-12.925934010918365
-10.968781186881367
-8.53622029672034
-8.43661212120027
-7.080734841467766
-10.496005806911294
-9.503041095881754
-10.631835300413927
-10.41583628692603
-9.378721559587065
-12.213269352323792
-6.098941663134425
-6.063047420974247
-10.034275495698711
-7.8761706348845
-7.549412809464353
-10.199509945764476
-12.161752207263273
-8.214631114634653
-7.562732214370618
-7.993408850795671
-8.100141574677526
-7.529340593440684
-11.768883672865227
-6.634446406218882
-7.549412809464353
-9.172498337808792
-8.443111168850749
-7.527370296556914
-10.070991768133984
-8.92041909199787
-10.230824404622927
-11.776556441157215
-10.29080871036694
-8.650605083086303
-10.955768054979803
-10.428906876605035
-9.79997979449662
-11.448911613822588
-7.954927246904643
-9.336200268691199
-7.601631888402813
-7.601631888402813
-7.031023983192803
-5.4532
-12.744986477602325
-10.431555980206442
-7.63186621236939
-7.636814916606254
-11.009630049311836
-7.4207353062808314
-10.965610888808778
-8.738821708512662
-9.132705806911295
-7.868071969010089
-7.543319373171243
-8.010508056971375
-10.650753001283649
-11.293572641622678
-11.366162248068509
-9.14815143087153
-7.787439901586122
-9.306995160273546
-8.279866691828548
-7.42007854119166
-9.798155220888795
-9.856602348995995
-7.0985782214792685
-8.459974445989554
-10.585304068330938
-10.164672035137269
-7.328575600371752
-7.896732066938628
-9.008695844588333
-11.639312809464354
-7.27626224806851
-9.227506310920418
-7.5563953755425946
-9.598938869848652
-7.652885960264794
-8.69342424240054
-7.8285067988808406
-6.75471118302015
-7.011821503741016
-9.489126103631637
-8.986546455290355
-9.081986029614718
-11.208846400351979
-7.332821635400406
-12.982540593440683
-7.9015232276451774
-7.743344568144799
-12.281661491008421
-11.316794193088706
-11.763823183364941
-11.238177993628435
-8.64733575579991
-8.707691768133984
-7.468263403550324
-10.388058014174566
-7.222176449663816
-8.099794937621835
-7.08530807140794
-8.948247186436628
-8.415764534892798
-8.584772019280685
-13.633
-9.30303478652939
-9.990128990276236
-9.749689548661276
-7.152649096980225
-7.222176449663816
-11.751358014174567
-7.399326793275882
-10.04279245450835
-9.709494920843927
-7.261265805101962
-11.038517420733882
-8.326907428152067
-8.240210889997597
-11.619240593440683
-11.562809945764474
-10.363888386177411
-7.5498212769984425
-8.848904201306008
-8.652575379970074
-7.726586647597055
-10.395505579884425
-8.174800383840825
-11.451730664299598
-9.065606876605035
-7.317570973564566
-11.776556441157215
-9.172498337808792
-9.58606719623642
-6.905798261419644
-8.47245983592982
-8.850740090117073
-7.529340593440684
-10.849969352323791
-11.108346758933077
-7.710290013285088
-8.086842214681457
-6.374405728692655
-10.199509945764476
-8.897794263525313
-7.4819494139775005
-10.813442214681459
-10.724346406218881
-10.388058014174566
-11.218797452528264
-8.290120836663698
-10.968781186881367
-12.070483648959858
-12.812211613822589
-11.316794193088706
-11.316794193088706
-11.619240593440683
-7.712535101097682
-8.801879744472807
-7.798530055178741
-11.316794193088706
-9.012549877185833
-11.508012605792135
-13.067266834711383
-11.74400296720342
-9.904969861074049
-12.359687119748866
-7.6805102925348505
-7.149315809261692
-10.388058014174566
-11.52797203513727
-11.068886829643597
-6.357804444844299
-6.518498957119977
-7.512606539909404
-12.045637751709078
-11.545134792396293
-7.9015232276451774
-11.495070589579464
-10.606326643574993
-12.474187459368132
-12.161752207263273
-8.791308217763579
-8.267722944501168
-10.405583672865228
-7.56220820718412
-7.90784766876815
-7.37127526031967
-11.859305806911294
-7.978051612311768
-11.316794193088706
-12.161752207263273
-8.384584259216764
-8.271512780157824
-8.387604193791558
-11.17995902892993
-9.667862373762738
-8.510889642075973
-7.559710002350398
-13.168769583653663
-12.572146400351977
-11.751358014174567
-11.619240593440683
-12.572146400351977
-9.460350634245922
-12.213269352323792
-8.45669690912472
-8.057095420694306
-11.859305806911294
-12.506812221477963
-12.692055684097127
-12.375288921024282
-9.17841689636916
-10.407558772772784
-7.935800727755222
-11.117577842048563
-7.798530055178741
-9.563580683557758
-10.103645708497417
-7.62347777925
-9.961841794949352
-9.29519263655489
-7.1189464003519785
-12.401817420733883
-10.968781186881367
-9.032205579884426
-8.075316083144223
-12.599744995309978
-9.450142214681458
-13.094240503242236
-7.287292035242421
-8.604715173449517
-11.279306264077366
-13.535999315299842
-7.683063438652375
-6.377218435489247
-11.208846400351979
-7.9015232276451774
-7.4241953264271405
-8.771679668802392
-9.383224042632497
-8.123369352323792
-8.1798
-8.1798
-9.269486378652555
-8.791308217763579
-11.619240593440683
-8.57615226220165
-8.546549524183291
-7.359011613822588
-11.328755684097127
-8.66588096614638
-9.20839257996897
-11.437186999659566
-7.285733552854622
-9.146211920433931
-8.326907428152067
-9.081682262268842
-8.119613548456035
-9.704808297424679
-10.915348386962606
-8.1798
-11.739391589239476
-12.271182037487668
-10.87469992178136
-10.858098637933004
-11.334828287763534
-9.339249822148698
-11.715463772014388
-10.9064
-7.854011937727618
-8.167570597073707
-8.539595506016955
-12.163818800900792
-10.217729034556472
-10.877512628577954
-10.139826137886487
-12.029634786529389
-12.812211613822589
-11.038517420733882
-11.076728979618094
-12.161752207263273
-11.639312809464354
-12.537827008019505
-12.476538567868097
-11.670757738501202
-11.503126137886486
-12.029634786529389
-10.82365063424592
-12.365923178573704
-10.9064
-10.26589164561697
-10.471343983016556
-7.438072035137269
-6.948617420733883
-8.576730741648918
-11.52797203513727
-11.448911613822588
-12.2697
-11.938366228225975
-13.002612809464352
-10.670053618561253
-11.41301737166241
-10.286310002350397
-9.00058838617741
-10.968781186881367
-10.82365063424592
-12.401817420733883
-11.991423227645177
-13.39293478652939
-10.596614796570186
-11.408238109029824
-6.846019757181324
-8.238958829667467
-8.652575379970074
-8.955021780322053
-8.350128979618095
-11.84468596122269
-12.440028979618095
-10.36246911182497
-10.085611613822588
-11.938366228225975
-9.312388842680065
-10.60990413885318
-7.843412937233487
-8.719819694938538
-8.884177653233872
-11.859305806911294
-10.728715973410758
-8.807322574342429
-9.281713954728417
-10.628123227645178
-9.664218832004789
-8.77733775373281
-8.20931991254368
-9.552048386962605
-10.068110625382028
-12.050059217744623
-10.338267996414647
-12.090800214685252
-11.175278580309449
-11.846984258127137
-8.528405376108855
-10.60990413885318
-12.137582579266116
-7.908543755001881
-11.859305806911294
-10.968781186881367
-11.727188386177412
-13.078763772014389
-13.454805266966398
-10.9064
-11.649610002350398
-10.006988354387525
-11.208846400351979
-11.727188386177412
-10.48138596122269
-9.132705806911295
-12.192030513900043
-12.891272035137268
-13.633
-8.737301621240773
-9.48666935232379
-12.37954851729895
-9.804171717474938
-10.936769408909713
-7.815564782668171
-11.161455220888794
-8.408140599307588
-8.714956566851443
-11.727188386177412
-13.39293478652939
-10.496005806911294
-11.199059835929821
-8.495619271449907
-9.064023085200049
-9.58606719623642
-9.272270793355034
-9.358873656378043
-11.379175379970073
-11.619240593440683
-11.727188386177412
-9.983863601998419
-11.310902864210828
-12.04970700255306
-11.69268890006195
-12.440028979618095
-12.240812628577952
-11.316794193088706
-11.010722902700238
-10.40052318336494
-9.729098820043662
-12.524755220888794
-7.93973478652939
-7.920320795884441
-9.103818435489247
-11.427115029752404
-9.953494193088705
-12.332081186881368
-10.296789455871153
-10.64692079588444
-10.081021803533103
-8.714956566851443
-12.42841820388508
-12.276526894519252
-10.453186647597056
-7.670155999920847
-9.132705806911295
-9.754277842048563
-11.161455220888794
-11.727188386177412
-9.675217420733883
-10.798452207263272
-10.426269573058779
-11.52797203513727
-12.742475379970074
-12.240812628577952
-10.728715973410758
-12.213269352323792
-11.830418435489246
-10.375849877185832
-7.943297928680532
-7.301236870978496
-7.5342952137109735
-7.908970793355035
-11.712106614452365
-12.448376581478742
-12.952714167631175
-10.498824857388305
-11.90546478266817
-12.866426137886487
-12.2697
-11.52797203513727
-9.953494193088705
-10.877512628577954
-9.713428979618095
-10.019552903455647
-10.9064
-10.526375215821009
-12.524755220888794
-9.656998331941887
-10.439575159235085
-9.323107002553058
-9.953494193088705
-9.045016741984156
-11.619240593440683
-12.982540593440683
-11.589883694824906
-9.387761027800089
-10.728715973410758
-11.62919164561697
-9.907927587233347
-11.562809945764474
-11.316794193088706
-11.448911613822588
-9.680831649979885
-11.260363545412497
-9.697847194372354
-11.874295814329479
-8.482246400351977
-10.936769408909713
-13.354723227645177
-8.527978810047768
-10.395505579884425
-7.215169578925683
-10.628123227645178
-9.930272641622677
-11.727188386177412
-11.639312809464354
-12.572146400351977
-10.9064
-13.39293478652939
-9.953494193088705
-10.199509945764476
-12.365923178573704
-13.102449877185832
-5.932590797029695
-11.038517420733882
-10.375849877185832
-7.637288386177411
-12.2697
-11.161455220888794
-8.115615736729598
-13.075406614452364
-8.566972641622678
-9.953494193088705
-10.849969352323791
-10.82365063424592
-10.204917048798231
-11.978968598690837
-11.042229493502635
-10.858098637933004
-12.480877842048564
-11.4871231727068
-9.789115752675771
-11.816486647597054
-6.39148596122269
-9.264823227645177
-9.48666935232379
-10.64692079588444
-8.390977842048564
-10.009333062937358
-12.092015973410756
-11.955528985484998
-10.191490766735832
-10.377059425445474
-12.029634786529389
-11.62919164561697
-10.927493913718408
-9.408383169647179
-8.722311613822589
-9.639323178573704
-8.362090470626516
-9.037223183364942
-9.543099999999999
-12.267496211150405
-11.509244094717213
-12.332081186881368
-11.166027241037739
-10.460111564751115
-10.595722055600177
-10.485734134991963
-12.862507986705378
-13.39293478652939
-10.936769408909713
-10.363888386177411
-12.735933062937358
-7.908543755001881
-12.572146400351977
-12.213269352323792
-12.623663545412496
-10.070991768133984
-10.334983455564531
-9.544493010547093
-8.453862035255622
-12.543729115232656
-9.460350634245922
-11.448911613822588
-10.453186647597056
-10.617124638916083
-10.59923585622313
-12.623663545412496
-12.029634786529389
-12.623663545412496
-13.389000727755223
-11.239671741638258
-7.77221444673964
-8.14809992178136
-7.835085462865111
-12.524755220888794
-10.628123227645178
-9.228928985484998
-9.784647250958278
-8.350128979618095
-12.953653222018637
-12.891272035137268
-6.882179655953817
-12.332081186881368
-9.57973479718753
-11.208846400351979
-8.276636466480037
-8.715966624134294
-9.891201238330986
-10.75106102780009
-11.78341813108114
-11.938366228225975
-12.04970700255306
-7.859820461606308
-8.652575379970074
-9.140153372621151
-11.038517420733882
-9.032205579884426
-7.826873491176974
-12.524755220888794
-11.955528985484998
-8.453862035255622
-7.635884469082543
-10.849969352323791
-9.382772250418908
-10.667699697671875
-10.307457738501203
-12.105729604908166
-12.010220795884441
-10.968781186881367
-11.511292800703956
-9.2394706348845
-10.968781186881367
-10.296789455871153
-11.117577842048563
-11.889675215821008
-11.366162248068509
-12.332081186881368
-11.02751883200479
-11.208846400351979
-10.276012809464353
-9.543099999999999
-9.514212628577953
-7.266053828504047
-11.059654082689503
-8.62306180683214
-9.387761027800089
-9.543099999999999
-10.793538704647583
-12.831317393264694
-9.28362079588444
-8.699802117363827
-11.589414167631176
-12.365923178573704
-11.741750510311133
-12.010220795884441
-11.859305806911294
-12.240812628577952
-13.09048838617741
-11.002623178573705
-7.802899622370616
-12.107568521172619
-9.605481186881368
-9.990128990276236
-7.848466228225974
-9.602200991969546
-9.653420836663699
-9.671528476294485
-9.592468054979804
-9.897063545412497
-6.576434786529389
-10.15627368627999
-13.23759581432948
-11.816486647597054
-9.228928985484998
-9.414619125801003
-10.085611613822588
-9.072251993128795
-8.276023178573704
-10.388058014174566
-11.768775844098323
-12.91889543828598
-7.740518435489247
-9.098206320795832
-9.021069069735168
-8.064497160292126
-8.887727090824995
-9.34600198276581
-11.076728979618094
-6.049926137886488
-11.316794193088706
-11.038517420733882
-12.365923178573704
-10.635196181721419
-10.75106102780009
-9.639636795400435
-10.164672035137269
-11.703966834711384
-10.927493913718408
-11.208846400351979
-10.575066228225975
-7.438072035137269
-11.002623178573705
-12.440028979618095
-10.628123227645178
-8.533763545412496
-7.831786993792662
-10.469944568144799
-11.038517420733882
-11.239215809261692
-10.798452207263272
-11.703966834711384
-9.514212628577953
-7.226894193088706
-8.79297368627999
-10.707183648959857
-8.482246400351977
-11.002623178573705
-12.135219008593605
-9.845546400351978
-11.534076103631635
-8.68641737166241
-10.173191227686605
-9.232422055600178
-8.453359028929931
-8.047682579266116
-10.936769408909713
-12.434528587477551
-10.371036243621097
-13.12712318336494
-9.750063776805627
-13.171443858588548
-11.359761389325124
-10.82365063424592
-11.416520807031475
-13.067266834711383
-12.891272035137268
-12.16365996669025
-13.115796269478436
-11.208846400351979
-10.542164782668172
-11.117577842048563
-10.022490797029695
-11.649610002350398
-10.907882037487667
-12.114361027800088
-10.307457738501203
-11.076728979618094
-12.401817420733883
-7.706284990118401
-11.649610002350398
-11.955528985484998
-12.572146400351977
-11.316794193088706
-9.132705806911295
-9.643166691828549
-9.73595623855331
-10.210373987585326
-12.695902789942211
-9.216863020106306
-10.877512628577954
-11.703966834711384
-11.061147194372355
-10.880338761233505
-10.521719304537282
-12.070483648959858
-11.121822115902297
-10.9064
-11.545134792396293
-11.038517420733882
-11.208846400351979
-11.002971662232062
-12.070483648959858
-10.592228985484999
-8.1798
-8.96608890006195
-7.529340593440684
-10.31069607109834
-10.48138596122269
-11.84468596122269
-12.480877842048564
-12.982540593440683
-11.475398558543779
-10.32938890006195
-11.076728979618094
-11.991423227645177
-11.434291768133985
-10.085611613822588
-13.633
-10.66633478652939
-9.024758014174568
-10.936769408909713
-11.52797203513727
-8.181204880032421
-9.049956441157216
-7.198006821666659
-10.849969352323791
-7.226894193088706
-9.301064489645618
-11.439513421777216
-12.95135
-9.825178221479268
-10.252006534666515
-12.155648138768905
-12.628597606855486
-11.161455220888794
-13.222605806911293
-11.52797203513727
-10.426269573058779
-13.633
-13.633
-11.991423227645177
-11.316794193088706
-10.08984523896512
-12.572146400351977
-11.117577842048563
-12.77631737166241
-11.816486647597054
-10.615311241886937
-11.930026611009318
-10.774282579266117
-7.251063821085861
-8.210169408909714
-8.533763545412496
-7.97847286716211
-10.373438168485963
-9.771440599307587
-10.976745122786706
-10.296789455871153
-12.982540593440683
-9.798155220888795
-9.573469408909714
-11.260363545412497
-12.092015973410756
-12.300069408909714
-11.076728979618094
-12.365923178573704
-12.982540593440683
-12.623663545412496
-9.971528287763533
-10.877512628577954
-12.536850265687972
-11.5718494139775
-12.524755220888794
-12.2697
-11.712106614452365
-12.830093131852538
-11.681621780322052
-9.532828328080669
-11.228918616375648
-10.071714249818728
-9.408170994885122
-9.713428979618095
-11.41301737166241
-9.150739901586123
-8.1798
-9.367612909761421
-10.728715973410758
-13.09048838617741
-13.078763772014389
-10.774282579266117
-11.456359179532447
-8.173322749582788
-7.694038839989326
-10.56168546286511
-13.20798596122269
-10.64692079588444
-11.316794193088706
-12.029634786529389
-12.480877842048564
-12.680094193088705
-10.226114167631177
-13.044921780322051
-9.58606719623642
-12.300069408909714
-8.729759179532445
-13.39293478652939
-11.715463772014388
-8.11270106969374
-10.834038157999053
-10.391770086943318
-8.434855220888794
-11.859305806911294
-11.619240593440683
-11.038517420733882
-7.499554516339886
-10.75793236605115
-7.700090752992727
-8.99940542141389
-9.576593815459322
-7.085378580309449
-7.639661430104383
-8.283030049311837
-9.91343528897046
-9.509159337585466
-11.194226554663373
-12.121232366051151
-12.843672690543285
-7.3632243680467155
-12.524755220888794
-8.229168054979803
-9.573469408909714
-10.32938890006195
-10.10824138746106
-11.276735288970459
-11.739149877185833
-11.955528985484998
-11.357664201384893
-12.524755220888794
-12.680094193088705
-9.331330380123882
-9.0749310640672
-10.542164782668172
-11.002623178573705
-7.31619245450835
-8.210169408909714
-11.09273194479778
-12.300069408909714
-11.503126137886486
-6.760069352323791
-7.031922115902297
-7.951696277537811
-12.238805591510074
-10.363888386177411
-10.75106102780009
-9.558090007418183
-8.74015499383409
-8.750251381645278
-9.238736295862145
-7.555569610182548
-10.093059179532446
-8.394370823638921
-11.260363545412497
-11.260363545412497
-10.774282579266117
-11.52797203513727
-9.024758014174568
-11.511292800703956
-9.754277842048563
-8.809891227686604
-9.059035514284611
-10.9064
