-9.675217420733883
-7.302580966146381
-7.661458014174567
-8.882854029018526
-8.729759179532445
-9.845546400351978
-8.566972641622678
-7.976369583716921
-8.411579868333375
-8.497435268970433
-7.769405806911294
-6.875600991969546
-6.273988386177411
-6.973955784771176
-12.696402852280016
-7.7620507599401485
-8.482246400351977
-7.75478596122269
-7.509926602795735
-7.417647603922035
-6.249629324914464
-7.865628985484999
-8.707691768133984
-6.075618459394618
-6.476767879368696
-6.9560649864437405
-7.1656103738760395
-8.351714192068831
-9.543099999999999
-8.210169408909714
-7.378117393264695
-7.453574887751268
-7.660944729388338
-8.434855220888794
-7.588290015897191
-8.707691768133984
-8.714956566851443
-8.572693204648145
-7.335790062356562
-5.914250765807052
-8.229168054979803
-8.038284387220743
-6.625802841509193
-7.782719452144121
-9.147695814329479
-7.93973478652939
-7.182425036420919
-7.781774935227126
-8.412510166499462
-8.707691768133984
-8.768470589579465
-10.285273094692787
-8.390977842048564
-8.55013528897046
-8.482246400351977
-6.834534094674828
-6.463573491176973
-6.3311299488886155
-6.57841166204601
-6.819467794019353
-8.162299011559439
-6.457084947693832
-9.953494193088705
-7.863890148208234
-6.738921616172987
-8.633161389325126
-8.386763776805626
-8.578469578925683
-6.875600991969546
-5.922041321195906
-7.726586647597055
-9.181425590784942
-8.873226602795736
-8.026742624716734
-7.608401014755364
-6.48179257996897
-8.071852207263273
-7.7022534919475785
-10.9064
-10.828821616172986
-7.49815
-7.9015232276451774
-8.390977842048564
-8.672647595993743
-8.523095262782446
-6.21006980550836
-6.381462709342982
-8.492197452528265
-8.131498637933005
-7.697043964910348
-9.172236017568634
-7.409184663715222
-7.931892636554891
-6.686755623193088
-8.153193207333105
-7.965493359059648
-6.254192535688734
-7.60278890006195
-6.6566240426324965
-6.892186773057675
-7.413226137886488
-12.680094193088705
-6.525411241886937
-11.830418435489246
-11.316794193088706
-8.714956566851443
-10.255940593440684
-7.965493359059648
-7.8545702967203415
-7.144704972882238
-6.982894920843927
-7.480130445827378
-9.845546400351978
-10.363888386177411
-7.5195540290185265
-7.7519048184707335
-7.526387601448037
-7.4508972369730815
-7.297222796842738
-8.44867858030945
-7.420571046696708
-6.41957961973092
-7.314817137589874
-6.991584616970304
-8.544627587233347
-8.276023178573704
-6.529043607066206
-6.757384206373794
-8.024461027800088
-6.480112937233487
-6.401681823684531
-6.525411241886937
-6.793278448533972
-6.071398386880264
-8.453359028929933
-9.104793136640401
-7.07612724103774
-8.024461027800088
-8.912712809464354
-10.592228985484999
-9.28362079588444
-9.897063545412497
-11.52797203513727
-10.413256441157214
-9.089886647597055
-6.810608671122123
-8.809891227686604
-8.225958975756877
-8.416912221477963
-7.88823820029617
-7.337215029752404
-9.503041095881754
-7.965963803271253
-10.318321780322053
-6.895560421314681
-7.3972231727068
-7.071555220888794
-7.808936017568635
-7.580857738501202
-7.673923183364942
-8.378424573212587
-8.374298607615252
-8.626828990276236
-6.919730049311836
-8.210169408909714
-7.0580472509582775
-7.359011613822588
-8.390977842048564
-9.037223183364942
-10.015875379970073
-11.117577842048563
-12.10594235147398
-7.883304138853182
-7.740518435489247
-7.8285067988808406
-8.66588096614638
-6.736330480014735
-7.920320795884441
-7.75478596122269
-9.754277842048563
-9.012549877185833
-8.225958975756877
-8.168075385836978
-8.408140599307588
-6.398750759940148
-10.318321780322053
-6.733750634245921
-10.453186647597056
-7.920320795884441
-9.195086993792662
-7.501125269602579
-7.686656441157215
-8.776526137886488
-7.907100100907245
-6.957941608196048
-7.036197034597899
-7.236443975397257
-8.134233394144642
-7.062515752675771
-7.149315809261692
-9.410982579266117
-7.4296736862799895
-7.080734841467766
-7.815564782668171
-7.848466228225974
-10.164672035137269
-9.410982579266117
-6.392931807282296
-6.78479992178136
-6.030773837264443
-7.062515752675771
-5.973915029752404
-6.458700429370505
-6.67034064837906
-6.465206798880841
-6.520004138853181
-6.8165
-7.580857738501202
-9.012549877185833
-9.675217420733883
-7.4640064145666685
-7.209393204648144
-5.923349771821642
-7.295890797029696
-6.856292530897497
-6.109609945764476
-6.502328985484999
-6.570543457651513
-6.698765642841115
-6.636627158839628
-6.967414988973147
-6.439599622370617
-9.211766228225974
-7.6918274230842805
-9.365415973410759
-6.3363695730587795
-6.4851662282259745
-5.961212127707127
-6.465206798880841
-7.580857738501202
-7.5195540290185265
-6.441168030353149
-6.584382203402054
-6.453867148104058
-6.406105806911294
-6.905798261419644
-6.3311299488886155
-8.944157738501202
-7.289275379970073
-7.2210028642108295
-6.878881186881368
-6.617283648959858
-6.4851662282259745
-7.446591227686604
-8.13698084068576
-7.0580472509582775
-7.411606236281799
-7.236443975397257
-7.224530622416195
-7.138508427919107
-8.052438216618325
-7.321031378898022
-7.226894193088706
-7.117468063336295
-8.626828990276236
-9.195086993792662
-7.508972414567974
-7.963904414526547
-7.134949365531665
-6.8165
-8.892640593440683
-8.892640593440683
-8.421347250958277
-6.500590148208233
-6.661161027800089
-7.539291645616971
-9.195086993792662
-9.713428979618095
-8.590194193088706
-6.538223227645177
-7.673923183364942
-8.123369352323792
-6.923264827973205
-7.734906320795832
-6.154315979277662
-7.0580472509582775
-7.865628985484999
-7.027677842048563
-8.123369352323792
-5.933922796842738
-8.024461027800088
-12.680094193088705
-12.029634786529389
-6.930398331941887
-9.435152207263272
-8.722311613822589
-8.390977842048564
-7.32311737166241
-7.306631656978223
-9.639323178573704
-8.729759179532445
-7.209393204648144
-6.022973017342467
-9.365415973410759
-7.3972231727068
-6.878881186881368
-6.787612628577953
-8.482246400351977
-10.48138596122269
-9.543099999999999
-7.099532409707031
-7.405170589579465
-7.509926602795735
-9.024758014174568
-9.28362079588444
