-9.726337927377925
-10.225517740672878
-9.748297096544352
-10.676843011518825
-10.908882521903285
-10.272824127071585
-10.270794238507092
-9.726412232049732
-10.360445100137975
-13.566941289633057
-12.13522370755367
-12.677735321376261
-9.272146304762126
-10.323838065550412
-9.476331652456837
-10.857102864503316
-11.590353222018637
-9.01109853245481
-9.204012215003747
-9.544933694824906
-12.178114812334229
-11.382852903455646
-12.406479514464966
-10.681523655147842
-12.21916178605453
-11.182478650629088
-11.087237204607527
-10.862360859755372
-11.497631397696233
-10.499113869398682
-9.818079589766223
-11.90802559078494
-11.90802559078494
-10.86078827861374
-9.098206320795832
-9.862221031739518
-11.316794193088706
-9.378721559587065
-10.246154029018527
-12.335758710366942
-10.23422519058117
-8.954918430877541
-13.222605806911293
-10.173191227686605
-11.260363545412497
-9.865618616375647
-11.316794193088706
-8.964972832498338
-10.883178448533972
-9.95340737471616
-9.180480539231027
-11.043198064362903
-11.72718838617741
-8.317555576360162
-11.208846400351979
-7.90571579418253
-7.0900590289299315
-12.405541203588811
-8.788370324189529
-11.991423227645177
-9.885076611009318
-7.63592071034327
-12.540955806911294
-12.408838386177411
-11.316794193088706
-10.75106102780009
-9.924606821666659
-10.296789455871153
-10.907882037487667
-10.541282304745506
-11.807526149511324
-11.356200878665378
-9.337902903455646
-11.002623178573705
-9.780212221477964
-11.856965485096785
-9.605481186881368
-7.170463545412497
-12.045108055325395
-13.160270879399281
-9.95485910423119
-10.908882521903285
-11.224035268970432
-11.678468602303765
-10.13524133845789
-9.362882088288575
-11.793247096544352
-9.544583897009677
-9.747794261216281
-12.95211774067288
-8.350128979618095
-9.202957083815587
-10.974340931692472
-12.424497128897832
-9.767976344852157
-9.543099999999999
-11.324850735754424
-13.10112740409829
-10.635911933761584
-7.769405806911294
-10.40324688279302
-9.086468544940933
-10.76158945115731
-10.860788278613741
-11.360833333333332
-9.5431
-8.861592200088776
-8.726992257451606
-10.450394085525035
-10.19878716025695
-10.676843011518821
-10.449768544940934
-9.499060859755373
-9.234124919327247
-10.093059179532446
-10.762185572502293
-10.447286023037647
-9.450341075881726
-10.961603745397733
-10.181478600428251
-10.500686450540314
-8.820067207080257
-10.569506483414871
-10.271129462059138
-11.468854863560363
-9.220832276361614
-12.08886279539247
-11.316794193088706
-9.036887009266698
-9.941121221265409
-9.519878448533971
-9.61209660394099
-8.382638224831908
-9.573469408909714
-11.117577842048563
-9.039748021592752
-8.797998386880264
-9.91343528897046
-10.10824138746106
-11.454502198213262
-11.316794193088706
-9.544583897009677
-8.86000590781854
-10.290808710366942
-9.579398623089284
-9.514212628577953
-9.543099999999999
-9.544585762769087
-11.488970934242925
-9.649864827973206
-8.055310042784775
-8.350128979618095
-8.572693204648145
-11.161455220888794
-10.968781186881367
-10.375849877185832
-10.375849877185832
-11.2993681722116
-8.869419041974657
-10.04428621447751
-10.575066228225975
-9.272270793355036
-9.771944629524528
-9.312985838705675
-10.295470804098024
-9.341626686310576
-9.144667297919716
-9.807334841467766
-7.940920119592317
-7.961852164058703
-10.00286224806851
-11.521991289633059
-11.316794193088706
-10.134979668802394
-7.855785328958542
-9.990128990276236
-12.42841820388508
-9.953494193088705
-9.908246195791463
-7.113055071474102
-10.498824857388305
-8.892640593440683
-10.190606414566668
-9.340131547609275
-11.68095112420705
-7.580857738501202
-8.670609474644902
-13.06770508324973
-10.276012809464353
-8.047682579266116
-9.28362079588444
-11.316794193088706
-10.707183648959857
-11.649610002350398
-10.877512628577954
-10.015875379970073
-6.237258864780866
-7.772373600930647
-12.64707383769857
-11.649610002350398
-9.076275159235085
-9.58606719623642
-9.178864782668171
-8.807322574342429
-10.17233377110346
-8.586064115882959
-11.316794193088706
-10.939893815459321
-9.06296957305878
-11.628990976688705
-9.897063545412497
-9.555061491008422
-11.942440145678827
-9.815719974542471
-9.50221166730738
-7.034627975112228
-11.117577842048563
-11.710838172962447
-12.187981224005137
-10.183928160518736
-9.89760203900776
-12.365157460950199
-11.301712421363659
