-9.455224423286943
-8.242181186881368
-7.214927817512827
-7.074371288103247
-8.713561119602307
-7.114283728424519
-8.360369321396973
-7.4871875141663375
-8.536356011372721
-7.848635440481848
-10.553473491176973
-7.373243038603783
-11.360717239071262
-7.235241794949353
-7.726586647597055
-6.377218435489247
-7.625563772014388
-7.661458014174567
-7.893554048753517
-7.396092762540351
-8.103660187441989
-7.329901962603168
-7.058284992562002
-7.455234792396293
-7.699669573058779
-9.796099856399186
-7.62281312488814
-7.8662852957631575
-7.589597467941439
-7.7995538859892495
-7.7771096281717345
-6.84267762654299
-7.120298093794162
-7.396557641137573
-6.6642159307141355
-7.737512959587617
-7.364841358643297
-8.510498114287397
-7.261096606145424
-7.51374788614017
-7.54205996220198
-8.311917420733883
-7.920320795884441
-7.993408850795671
-7.5723077896771045
-9.7777751460141
-7.455234792396293
-9.745879493191284
-8.28683031759119
-7.745744946614543
-6.849720455089889
-7.3640216377381815
-6.797624432428731
-7.956238142757375
-8.672045886963849
-7.538288980403291
-7.078789830332655
-7.098951534055333
-7.679070933405228
-7.100091279005198
-7.4466496822335735
-7.557636187035176
-8.060825145419159
-7.143572334526022
-7.2892932889128135
-7.861183564801785
-7.658693051663881
-7.581671121245975
-8.026742624716734
-8.036794102976476
-8.262370761413447
-7.8943487184650145
-7.367466496386497
-8.575553215245362
-7.492054873161359
-8.004312909761422
-8.062065642841116
-8.031332366051153
-7.5691331243381805
-10.68362090053563
-8.590194193088706
-7.625563772014388
-8.104301803247024
-7.216847427942689
-7.554564092279215
-7.511045398442084
-7.1189464003519785
-8.47245983592982
-6.761416505731327
-6.95307470904114
-10.592228985484999
-10.82365063424592
-11.727188386177412
-11.619240593440683
-7.260880694215796
-7.507472397373346
-7.4750379498607575
-7.532428019450588
-7.159465048767629
-8.071852207263273
-7.237045982228155
-7.924256000472948
-7.3972231727068
-7.529340593440684
-7.226894193088706
-11.619240593440683
-9.31499627753781
-11.52797203513727
-6.703638704647584
-8.242181186881368
-8.242181186881368
-8.322512314899253
-7.637288386177411
-7.374001621240773
-7.591721780322053
-7.529340593440684
-7.027677842048563
-7.5195540290185265
-10.281169517793243
-10.034604395330629
-9.514212628577953
-6.988805855134715
-10.093059179532446
-7.723839201055936
-9.41145661753168
-9.06296957305878
-8.350128979618095
-9.897063545412497
-8.233042051356067
-7.777775029291592
-9.410272942089897
-10.877512628577954
-11.545134792396293
-8.097050634245921
-7.0985782214792685
-7.567026098387865
-8.18844791820854
-8.210169408909714
-9.387761027800089
-9.291310172366368
-11.69268890006195
-6.995577037136334
-7.226894193088706
-9.816659028929932
-7.472909945764476
-6.8165
-9.660597575045278
-6.414003219673699
-7.905235300413928
-7.387048490494816
-9.97766382108586
-8.555136410216008
-7.039639333056985
-11.223836407770163
-8.463788138190873
-8.434855220888794
-7.740518435489247
-8.094481980901746
-7.509926602795735
-11.161455220888794
-7.4819494139775005
-10.131770589579466
-8.849546115048161
-7.9134847186536
-10.255940593440684
-7.980583648959858
-10.164672035137269
-10.116569960340847
-7.976159665733094
-7.748180171455439
-7.580857738501202
-7.529340593440684
-9.427797160292126
-9.180467148104057
-9.996461389325127
-9.22200406833094
-9.228928985484998
-10.04279245450835
-8.071852207263273
-8.242181186881368
-8.590194193088706
-8.002115973410758
-8.123369352323792
-8.242181186881368
-8.614363821085862
-9.352193059877463
-10.281788038676108
-7.980583648959858
-8.892640593440683
-8.889171808942736
-8.853504641445701
-7.865628985484999
-8.076806827533563
-7.831786993792662
-7.500453222018637
-7.649249877185833
-8.276023178573704
-9.616101627107678
-8.304197008945724
-9.076275159235085
-7.8220004293705045
-11.208846400351979
-9.729431944797781
-9.907927587233347
-9.519878448533971
-9.427797160292126
-9.418130436709802
-7.93973478652939
-9.089886647597055
-8.311917420733883
-7.549412809464354
-8.421347250958277
-7.226894193088706
-8.071852207263273
-7.302580966146381
-8.1798
-6.948617420733883
-7.061619350283226
