-12.070483648959858
-9.831361272374608
-10.226114167631177
-8.225958975756877
-8.507444827334627
-11.52797203513727
-7.980583648959858
-10.32938890006195
-11.34716360199842
-7.655322480852239
-8.840712428809907
-10.704178173058226
-10.318321780322053
-10.352163772014388
-8.434855220888794
-7.226894193088706
-11.04409429399595
-8.317535385707911
-10.936769408909713
-9.886395262782447
-6.8165
-8.68641737166241
-8.646033062937358
-7.848466228225974
-8.590194193088706
-10.849969352323791
-8.659190797029694
-7.699669573058779
-7.625563772014388
-6.986828979618095
-9.211766228225974
-11.330424894848644
-9.918994706973244
-10.100309815565506
-8.533763545412496
-10.977706520216296
-9.365415973410759
-11.379175379970073
-11.278858194868727
-10.9064
-8.071852207263273
-9.800188700399906
-8.255486773057676
-9.145427321745682
-11.002623178573705
-10.686407002553057
-9.06296957305878
-10.482565372759623
-10.439575159235085
-10.728715973410758
-11.117577842048563
-11.180429115232656
-11.453145238965119
-11.367613984421828
-9.528480154311396
-9.713428979618094
-11.48236031375101
-9.639323178573704
-11.889675215821008
-10.078256566851442
-8.482246400351977
-9.633842737856844
-11.208846400351979
-8.540258020041472
-11.379175379970073
-9.343883648959858
-9.306995160273546
-8.631254548169103
-8.047682579266116
-7.581935215899895
-8.3992022774416
-9.024758014174568
-11.170942168060725
-9.953494193088705
-8.83539553855596
-11.55318188307374
-11.479281022732302
-7.7843958143294785
-8.097050634245921
-7.309347595993743
-7.848466228225974
-8.590194193088706
-9.049956441157216
-11.727188386177412
-10.286310002350397
-9.06296957305878
-11.921686993792662
-11.510380513900046
-9.635850595791082
-8.81074992786204
-10.547620831567212
-9.211766228225974
-9.264823227645177
-10.363888386177411
-11.727188386177412
-11.727188386177412
-11.727188386177412
-11.727188386177412
-10.628123227645178
-9.238665005449251
-11.727188386177412
-9.953494193088705
-7.686656441157215
-8.737301621240773
-9.875915809261691
-11.04409429399595
-10.635196181721419
-11.84468596122269
-11.751358014174567
-7.491129034556471
-8.707691768133984
-7.694596602324072
-9.229185183539578
-9.497533394144641
-10.635196181721419
-9.544493010547093
-11.727188386177412
-8.653233605348795
-8.11270106969374
-9.348127922813593
-9.865618616375647
-7.420571046696708
-8.467626554663374
-10.08984523896512
-9.27184001041383
-13.498047424604374
-8.533763545412496
-10.907782644440537
-11.180444243542329
-11.316794193088706
-10.227053222018636
-7.740518435489247
-8.276023178573704
-11.921686993792662
-9.953494193088705
-9.665435828753942
-8.467626554663374
-8.47733289773629
-9.306010056131969
-8.633161389325126
-8.722311613822589
-11.727188386177412
-11.727188386177412
-11.727188386177412
-11.727188386177412
-11.727188386177412
-11.727188386177412
-11.727188386177412
-11.727188386177412
-11.727188386177412
-7.529340593440684
-11.727188386177412
-9.408170994885122
-10.251063488547766
-9.817176144397237
-10.771447424604375
-7.491129034556471
-11.727188386177412
-11.521281652456839
-10.294299587014187
-10.294311814082429
-10.430649536560562
-11.72582071034327
-7.7843958143294785
-8.123369352323792
-11.52797203513727
-11.161455220888794
-8.672647595993743
-7.170463545412497
-7.226894193088706
-9.135509985089106
-11.859305806911294
-9.227190148208233
-8.047682579266116
-8.9982248155049
-11.727188386177412
-9.367612909761423
-8.600948601788756
-9.918994706973244
-10.063815029752403
-8.45665749800238
-9.31499627753781
-10.82365063424592
-10.528879956538566
-11.044142624689474
-12.271107175395045
-12.271182037487668
-10.089804180359941
-11.930258268214672
-12.339241639728074
-11.344722923024921
-9.030957795087126
-11.328755684097127
-11.406092454508348
-11.955528985484998
-11.316794193088704
-11.727188386177412
-11.727188386177412
-11.727188386177412
-8.03364064837906
-12.680094193088705
-10.66633478652939
-7.438072035137269
-10.59161501326301
-10.849969352323791
-8.946314657706965
-9.450142214681458
-6.8165
-9.17408354268392
-9.754277842048563
-7.72521133067858
-11.180429115232656
-10.839617152204891
-10.388058014174568
-8.390977842048564
-8.533763545412496
-8.648641321195907
-9.798155220888795
-10.255940593440684
-11.727188386177412
-8.953927373036489
-10.877512628577954
-9.27184001041383
-11.04409429399595
-9.902495566322923
-9.755792100253444
-7.491129034556471
-7.4640064145666685
-7.4640064145666685
-8.047682579266116
-9.635850595791082
-11.649610002350398
-8.945235215899894
-9.425365642841115
-9.024758014174568
-11.52797203513727
-11.379175379970073
-9.729431944797781
-10.798452207263272
-11.448911613822588
-10.48156212120027
-9.28745300128365
-8.269098261419645
-9.343883648959858
-11.316794193088706
-11.763823183364941
-12.104033114112987
-8.123369352323792
-8.867524404622927
-10.075427524386233
-10.199781913476382
-11.180452629814948
-11.862124857388306
-11.45310418035994
-11.316794193088706
-9.27184001041383
-9.264823227645177
-8.390977842048564
-10.628123227645178
-6.990802688054428
-8.1798
-7.226894193088706
-9.897063545412497
-8.67949245450835
-9.618786773057675
-9.713428979618095
-11.045538386177412
-9.132705806911295
-11.265770648446253
-11.316794193088704
-10.12809983498933
-8.66588096614638
-10.199509945764476
-8.977366834711383
-10.852426103631636
-10.542164782668172
-7.740518435489247
-9.11808596122269
-9.558090007418183
-9.350261523923143
-8.308228476294484
-11.599826602795735
-11.727188386177412
-9.147695814329479
-8.458076772354822
-8.467626554663374
-9.31499627753781
-8.487201020622267
-9.561134094674827
-8.659190797029694
-6.684382579266117
-11.448911613822588
-8.358076396490759
-10.100601621240774
-10.628123227645178
-8.68641737166241
-8.776526137886488
-8.311917420733883
-10.125141824479929
-11.945879821958847
-9.918994706973244
-13.498047424604374
-10.907837524017381
-11.112302891226488
-10.567016869356067
-8.753460580010398
-9.48666935232379
-9.387761027800089
-11.161455220888794
-8.1798
-11.727188386177412
-8.700515029752404
-10.363888386177411
-11.04409429399595
-8.071852207263273
-7.5195540290185265
-9.490114541389946
-10.142030713749765
-11.727188386177412
-11.727188386177412
-13.089069111824971
-11.112289548457039
-8.881884211165032
-9.354551931589908
-10.147992800703957
-11.727188386177412
-10.2085494139775
-7.31619245450835
-13.089069111824971
-8.145300513884537
-12.271112648477036
-9.211766228225974
-10.707183648959857
-11.316794193088706
-11.002623178573705
-11.180462921534295
-11.248653083405262
-10.439575159235085
-10.968781186881367
-11.316794193088706
-10.975967101751268
-9.343883648959858
-7.374001621240773
-7.253852257716896
-9.132705806911295
-11.889675215821008
-9.425365642841115
-11.862124857388306
-9.387761027800089
-10.217729034556472
-8.854429034556471
-12.397227610444396
-10.388058014174566
-8.276023178573704
-7.170463545412497
-7.75478596122269
-8.999180925064671
-11.316794193088706
-8.182767794019354
-8.862851701224468
-11.316794193088706
-8.390977842048564
-7.381641387461061
-12.543762720767326
-13.225424857388303
-7.712975159235086
-10.771447424604375
-7.726586647597055
-8.024461027800088
-9.543099999999999
-8.722311613822589
-9.30303478652939
-11.859305806911294
-11.208846400351979
-11.076728979618094
-12.680094193088705
-10.08984523896512
-11.72576911182497
-9.758522115902297
-8.590194193088706
-8.774097944460456
-8.097050634245921
-8.434855220888794
-10.286310002350397
-7.226894193088706
-10.817557986705378
-11.316794193088706
-10.501655561252221
-11.328755684097127
-8.1798
-10.327905788598502
-11.038517420733882
-9.343883648959858
-10.015875379970073
-11.727188386177412
-11.727188386177412
-11.316794193088706
-9.410982579266117
-8.768470589579465
-11.545134792396293
-11.639312809464354
-11.4871231727068
-11.88138685595598
-11.938366228225975
-7.031922115902297
-9.037223183364942
-7.75478596122269
-11.044138279306384
-8.390977842048564
-10.48138596122269
-6.604730380123882
-10.296789455871153
-10.635196181721419
-10.907882037487667
-11.448911613822588
-11.161455220888794
-8.862851701224468
-11.076728979618094
-11.619240593440683
-11.52797203513727
-10.849969352323791
-11.161455220888794
-10.628123227645178
-10.340666834711383
-10.774282579266117
-8.862851701224468
-10.907882037487667
-10.635196181721419
-11.04409429399595
-9.408170994885122
-11.180429115232656
-8.683269142717355
-11.727188386177412
-11.727188386177412
-10.00286224806851
-9.891705376108854
-9.953494193088705
-8.390977842048564
-9.555184813998578
-7.226894193088706
-11.434291768133985
-11.758378979618096
-8.613593893906518
-11.020298331941886
-9.990128990276236
-8.044873351964807
-9.634144559633462
-9.680831649979885
-10.36246911182497
-10.635196181721419
-12.134747424604376
-7.405170589579465
-8.350128979618095
-10.9064
-9.798155220888795
-11.038517420733882
-8.044873351964807
-11.002623178573705
-8.988863772014389
-8.862851701224468
-8.862851701224468
-10.771447424604375
-11.453145238965119
-7.673923183364942
-7.726586647597055
-7.226894193088706
-11.316772908805529
-9.237700607655373
-10.774282579266117
-8.044873351964807
-8.862851701224468
-8.317494293995951
-11.038517420733882
-7.198006821666659
-8.714956566851443
-9.713428979618095
-9.109922503983615
-8.999180925064671
-11.589414167631178
-8.453862035255622
-8.862851701224468
-8.317535385707911
-12.134747424604376
-9.817176144397237
-11.862124857388306
-9.953494193088705
-9.493475096504776
-9.460350634245922
-9.845546400351978
-10.877512628577954
-8.126066731327171
-8.700515029752404
-7.7843958143294785
-9.821850810620386
-10.131770589579466
-8.064497160292126
-7.3972231727068
-8.002115973410758
-9.1416541938739
-6.684382579266117
-9.135509985089106
-10.08984523896512
-11.002623178573705
-8.80137203513727
-7.8569854207753105
-9.573469408909714
-6.846869408909714
-9.543099999999999
-10.901492422930097
-8.578469578925683
-9.037223183364942
-10.686407002553057
-9.639323178573704
-9.798155220888795
-11.316794193088706
-11.117577842048563
-9.211766228225974
-8.988863772014389
-8.390977842048564
-8.1798
-8.097050634245921
-10.66633478652939
-8.188748386962605
-9.791572503983616
-7.359011613822588
-9.394632366051152
-7.175870648446253
-9.195086993792662
-9.48666935232379
-10.426269573058779
-12.2697
-8.533763545412496
-11.78956957305878
-10.276012809464353
-11.504741546575328
-9.508600513884538
-11.006749194263904
-9.44510325943956
-8.458076772354822
-11.930298102559423
-7.93973478652939
-7.500453222018637
-10.147992800703957
-12.680094193088705
-9.754277842048563
-8.863753222018637
-11.599826602795735
-11.599826602795735
-11.619240593440683
-6.58238532573455
-10.542164782668172
-8.62056360199842
-8.590194193088706
-8.635713434945224
-9.713428979618095
-9.178864782668171
-7.6983553135464815
-11.076728979618094
-11.316794193088706
-9.953494193088705
-12.066621803162896
-10.635196181721419
-9.085770243990162
-9.97766382108586
-7.661458014174567
-8.977366834711383
-10.75106102780009
-11.609454029018526
-7.7843958143294785
-10.995698261419642
-9.514212628577953
-8.787991269776406
-10.147992800703957
-10.635196181721419
-10.635196181721419
-11.72576911182497
-11.862124857388306
-7.815564782668171
-9.924606821666659
-10.265891645616971
-9.713428979618095
-9.132705806911295
-7.227486562990223
-11.180429115232656
-11.619240593440683
-9.383224042632497
-9.213460288515256
-9.653420836663699
-7.895998394394713
-8.276023178573704
-9.817176144397237
-10.36246911182497
-11.727188386177412
-9.264823227645177
-10.375849877185832
-9.754277842048563
-8.63956224806851
-8.967207075403136
-7.920320795884441
-8.590194193088706
-8.150912628577952
-11.117577842048563
-8.044873351964807
-9.135509985089106
-8.640850765807052
-9.483984206373794
-8.642788815547917
-10.975950055058888
-7.817167148104058
-11.002623178573705
-12.2697
-7.3893810227323025
-8.561306821666658
-10.199509945764476
-8.047682579266116
-11.657656843733776
-11.248635168742972
-10.703319716026913
-10.093059179532446
-8.569826014215995
-7.438072035137269
-12.2697
-10.388058014174566
-9.018150909308371
-9.387761027800089
-7.537288010313349
-7.9015232276451774
-7.3632243680467155
-8.276023178573704
-7.661458014174567
-13.525052207263272
-8.311917420733883
-11.044112971987918
-12.271182037487668
-9.11808596122269
-7.226894193088706
-11.044138279306384
-11.727188386177412
-8.286564827973205
-12.81644523896512
-13.498047424604374
-10.498824857388305
-9.408170994885122
-8.892640593440683
-8.210169408909714
-9.84063289773629
-10.255940593440684
-9.870744827334626
-8.555694706973243
-12.543729115232656
-9.680831649979885
-10.226114167631177
-9.902470648446252
-11.589457175395045
-11.99843614099634
-9.54905053920516
-7.381641387461061
-8.047682579266116
-8.276023178573704
-10.340666834711383
-10.707183648959857
-8.390977842048564
-8.685025893543262
-9.281713954728417
-11.453145238965119
-11.453145238965119
-9.885334306195094
-8.737301621240773
-10.078256566851442
-8.79883999848918
-8.752681022732302
-8.276023178573704
-7.374001621240773
-11.727188386177412
-11.727188386177412
-11.727188386177412
-11.727188386177412
-11.727188386177412
-11.727188386177412
-11.727188386177412
-10.64692079588444
-7.908543755001881
-10.226114167631177
-10.542164782668172
-9.817176144397237
-8.044873351964807
-9.293248222107232
-10.318321780322053
-9.754277842048563
-10.181834792396293
-7.980583648959858
-7.769405806911294
-11.379175379970073
-8.72652287729498
-9.135509985089106
-8.002115973410758
-8.071852207263273
-9.680831649979885
-8.79297368627999
-6.71850325943956
-8.408140599307588
-9.514212628577953
-10.453186647597056
-8.601551835327623
-9.361046406218883
-8.730519101229604
-10.36246911182497
-9.637892552499782
-9.686424196959196
-10.738626081491518
-7.68963312393474
-6.799540920642588
-10.100601621240774
-8.29729757504528
-9.62905497581569
-7.920320795884441
-9.965455684097126
-12.2697
-10.453186647597056
-9.293248222107232
-10.55747470698875
-7.757382574978859
-9.953494193088705
-12.407394293995951
-9.581785597149777
-12.680094193088705
-12.680094193088705
-8.150912628577952
-8.123369352323792
-7.455234792396293
-8.311917420733883
-7.865628985484999
-7.732120086631968
-9.514212628577953
-11.776556441157215
-11.448911613822588
-10.02918096614638
-10.164672035137269
-11.619240593440683
-11.448911613822588
-9.132705806911295
-11.04596498644374
-10.296789455871153
-10.388058014174566
-10.439575159235085
-11.448911613822588
-11.379175379970073
-11.208846400351979
-10.363888386177411
-10.968781186881367
-10.849969352323791
-8.107962348973691
-11.293572641622678
-9.605481186881368
-9.875915809261691
-12.2697
-9.83575983592982
-7.344391768133985
-10.318321780322053
-11.316794193088706
-11.448911613822588
-11.859305806911294
-8.038284387220743
-9.076275159235085
-8.578469578925683
-10.707183648959857
-8.024461027800088
-8.751124980661428
-8.502318616375648
-9.103818435489247
-11.434291768133985
-7.835085462865111
-11.316794193088706
-10.514039901586123
-11.619240593440683
-11.199059835929821
-9.68266498644374
-6.8165
-7.214009786846346
-12.029634786529389
-7.848466228225974
-10.737553057869572
-10.318321780322053
-10.66633478652939
-9.865618616375647
-9.182073861891098
-9.123890651512918
-12.572146400351977
-10.10824138746106
-7.6918274230842805
-10.085611613822588
-8.350128979618095
-9.845546400351978
-10.707183648959857
-7.865628985484999
-7.529340593440684
-7.671409066350853
-11.859305806911294
-10.9064
-11.859305806911294
-11.038517420733882
-11.316794193088706
-10.849969352323791
-10.968781186881367
-10.628123227645178
-10.628123227645178
-7.1189464003519785
