-9.265534888759923
-7.928992843475896
-9.090351246317388
-8.178324871673807
-8.330029889801004
-11.609885747192859
-9.22555062921832
-9.483707052413052
-10.984041861117484
-6.936029726428897
-9.2021091441508
-10.891493850612322
-8.292384102661012
-8.11337821314369
-8.058508156352596
-6.71631209243334
-8.731377335781815
-8.913226039200435
-7.22142605186763
-7.740518435489247
-10.945930210657341
-11.841358685831205
-9.598938869848652
-10.7493144927425
-10.774282579266117
-11.739273200175989
-8.11270106969374
-7.60278890006195
-8.482246400351977
-10.659993358591745
-8.071852207263273
-10.623533417355691
-10.239934704454857
-10.005109217744623
-10.044236930945548
-9.84063289773629
-7.159795262782446
-8.40644770267453
-9.478650173295147
-7.694429948888616
-6.819467794019353
-6.813547008007354
-7.475607324767856
-7.580857738501202
-7.959807002553058
-8.74725267341706
-7.567026098387865
-8.334547194372355
-7.215169578925683
-6.8854966039409895
-7.049210166499463
-7.838402410852285
-6.919730049311836
-7.4448775545158075
-11.054362669516008
-11.878411586353401
-8.201651090053405
-8.566530107149294
-9.491454404028778
-8.27663485095932
-8.497236407770162
-7.464890766735832
-7.398013131019023
-10.635144193088706
-11.573606314288977
-11.52797203513727
-10.686407002553057
-10.32938890006195
-11.316794193088706
-11.159708685831205
-10.933507262031949
-7.75478596122269
-10.5151115863534
-10.363888386177411
-10.038185402487454
-10.787355831023005
-9.907927587233347
-10.065495715030895
-9.014971449752409
