-7.929948222107233
-9.543099999999999
-7.170463545412497
-7.804468030353148
-8.242181186881368
-9.460350634245922
-7.916513235063363
-8.25886042131468
-7.643238925382572
-7.238251835327621
-8.853246097435722
-8.272550595791081
-11.619240593440683
-7.263528990276237
-8.22276719623642
-7.9015232276451774
-7.053612221477963
-8.9583202493945
-7.226894193088706
-7.749037628038584
-8.523095262782446
-7.790499720629701
-8.1798
-7.614066834711383
-13.57656935232379
-8.024461027800088
-10.526375215821009
-8.317494293995951
-8.309701297121574
-8.004753276957015
-8.60518420050689
-6.691530436709803
-11.479281022732302
-6.033923172706801
-7.885101025413506
-7.9527040627465375
-9.03596479039988
-7.4193100694503995
-12.243638761233505
-11.321549830440913
-9.608779655953818
-8.54189283102171
-7.500453222018637
-8.482246400351977
-10.164672035137269
-8.150912628577952
-7.374001621240773
-7.226894193088706
-8.302737800154912
-8.490193817224643
-7.31619245450835
-8.192668420469152
-7.930725221781973
-8.774097944460456
-7.947682203402054
-9.608779655953818
-7.403572549021807
-7.271136037109531
-11.563707707372691
-11.727188386177412
-7.1209232758685985
-7.394859602034289
-11.859305806911294
-9.09126516665327
-9.667862373762738
-8.36979300971234
-8.11270106969374
-8.696959021061911
-8.019924042632496
-7.07612724103774
-8.596144732293865
-9.649417220950747
-7.719741789082449
-11.830418435489246
-9.33757374553844
-9.156875434908452
-7.366459179532446
-7.7419298155787555
-11.362313434945225
-11.376549771821642
-12.380020836663698
-9.012549877185833
-12.686044732293865
-11.624195213710973
-10.015875379970073
-9.798155220888795
-8.497236407770163
-7.7843958143294785
-8.311917420733883
-8.026742624716734
-7.524427090824995
-12.147132361574668
-7.792035580549766
-11.85488182368453
-11.573673987585325
-7.5362887296252055
-8.74494138746106
-7.546358252385741
-11.496672955015352
-8.74494138746106
-8.993525793481007
-11.161455220888794
-9.418130436709802
-7.61066084065595
-7.823620330975194
-8.279516248688884
-8.064497160292126
-11.52797203513727
-8.207061403519878
-11.117577842048563
-8.891654625407371
-8.859072773398154
-9.902470648446252
-8.917839020423331
-6.967414988973147
-10.085611613822588
-8.590194193088706
-12.085473656378042
-8.123369352323792
-9.103818435489247
-7.32311737166241
-7.2522985945619265
-10.363888386177411
-9.918994706973244
-7.409990754605126
-6.1466266027957355
-8.641496077769766
-8.827306414566667
-8.330714988973147
-6.166040593440684
-9.235935856223131
-9.378721559587065
-9.02352581046826
-11.619240593440683
-7.637288386177411
-7.359011613822588
-7.883304138853182
-8.714956566851443
-8.507444827334627
-7.873623452069591
-7.500453222018637
-7.931892636554891
-10.388058014174566
-6.986828979618095
-7.309347595993743
-7.788967834478424
-10.66633478652939
-11.579181689322438
-11.475398558543779
-7.027677842048563
-7.726586647597055
-7.455234792396293
-11.372633062937359
-15.128417420733882
-11.432849444236355
-7.637288386177411
-9.30303478652939
-8.939867330834437
-8.467145389527442
-10.64692079588444
-8.87802074775208
-13.102449877185832
-7.766452814918647
-11.002623178573705
-7.825244676759947
-7.7410825838570165
-8.134233394144642
-10.085611613822588
-6.273988386177411
-11.52797203513727
-6.828763646497081
-8.482246400351977
-9.930272641622677
-11.316794193088706
-7.394073837264442
-11.81786516665327
-11.597919761639712
-8.370201195641764
-7.593918716672717
-7.539291645616971
-7.277873333871243
-6.166040593440684
-8.827306414566667
-8.382579493191285
-8.42581575267577
-12.240812628577952
-11.736738168485962
-7.109159835929821
-6.978986829643597
-12.04970700255306
-8.071852207263273
-7.036197034597899
-7.671409066350853
-11.344675893854612
-8.892640593440683
-11.364876528416293
-11.617270296556912
-9.675217420733883
-8.645382789761417
-12.197338157999054
-9.965455684097126
-7.159795262782446
-7.7211044448443
-11.208846400351979
-11.342816948317534
-7.226894193088706
-8.234663727711377
-7.66010273102344
-7.309347595993743
-7.085378580309449
-5.863594193088706
-8.002115973410758
-11.002623178573705
-9.065606876605035
-8.350128979618095
-9.065606876605035
-6.594468881204219
-6.025302490513384
-8.661189922172113
-8.14809992178136
-7.75478596122269
-9.261134283205779
-8.80137203513727
-8.382579493191285
-11.282294706973245
-11.271227587233346
-10.798452207263272
-10.085611613822588
-11.830418435489246
-11.038517420733882
-11.434291768133985
-9.396940648379061
-10.085611613822588
-11.293572641622678
-11.545134792396293
-11.448911613822588
-7.591721780322053
-11.031162373762735
-10.9064
-11.511292800703956
-10.388058014174566
-11.495070589579464
-11.239215809261692
-11.228918616375648
-11.260363545412497
-10.75106102780009
-8.544627587233347
-9.953494193088705
-8.255486773057676
-7.359011613822588
-11.448911613822588
-10.413256441157214
-10.798452207263272
-10.388058014174566
-10.66633478652939
-10.924434094674828
-10.439575159235085
-9.257468180674032
-11.619240593440683
-9.72137639649076
-11.316794193088706
-9.327204414526546
-11.260363545412497
-8.836209945764477
-6.206889455871152
-11.316794193088706
-10.9064
-10.558386993792661
-11.208846400351979
-5.585317420733883
-9.675217420733883
-11.08467639649076
