-11.23635947030709
-12.623663545412496
-12.298513366838838
-9.30303478652939
-9.257468180674032
-11.84468596122269
-9.20503804596895
-10.496005806911294
-10.15627368627999
-12.161752207263273
-8.732011840463592
-10.282169610182548
-10.236526602795735
-9.120981192748273
-9.924606821666659
-9.528480154311396
-10.276012809464353
-9.697847194372354
-9.784647250958278
-8.590194193088706
-9.239927424563156
-9.811978580309448
-7.694429948888616
-9.182073861891098
-10.750305699166367
-7.226894193088706
-11.109179493191284
-8.590194193088706
-7.826939909154611
-7.712975159235086
-13.088361171670321
-11.494229808429958
-9.435152207263272
-10.190606414566668
-11.53494869880582
-9.049956441157216
-9.195086993792662
-11.404030675290159
-10.936769408909713
-11.495123816529627
-10.280727286284918
-8.437543103968864
-10.457886766765794
-11.260363545412497
-10.877512628577954
-10.798452207263272
-10.936769408909713
-10.496005806911294
-9.639323178573704
-9.762797034597899
-9.967877256663703
-10.903447008007353
-8.590194193088706
-7.376857282045921
-7.93973478652939
-10.008033229995576
-7.349590840658026
-10.60990413885318
-10.1238231727068
-9.709494920843927
-9.153799720629701
-9.664218832004789
-10.92895508731025
-10.411972114485128
-10.566667879368696
-11.90546478266817
-10.388058014174566
-10.877512628577954
-9.505814279720674
-12.480877842048564
-11.921686993792662
-12.440028979618095
-10.47420922284111
-11.952056402702375
-11.931638045968947
-8.381157637697
-13.09048838617741
-12.012133798088827
-9.62216042131468
-10.276012809464353
-10.558386993792661
-10.185240284126996
-11.260363545412497
-8.885003526144004
-8.704276565448135
-12.06021925092884
-11.28960088195594
-10.635196181721419
-7.57336980550836
-8.917839020423331
-10.126989349595215
-10.839565447312413
-9.288829279139453
-8.75749154305641
-10.73239349689633
-9.007057693303512
-11.161455220888794
-9.930272641622677
-11.260363545412497
-11.707392535688733
-9.749014930353876
-12.055863803271253
-10.204917048798231
-10.553853416162399
-9.775810166499463
-10.510995814329478
-9.455224423286943
-8.484470073315883
-7.492982161788145
-9.073590013285088
-9.737598607615253
-10.1238231727068
-7.531317468957305
-11.820954272108255
-8.193267384083445
-11.161455220888794
-8.67949245450835
-12.661729432390434
-11.02751883200479
-10.921390007418184
-8.961637197381675
-8.765278810059009
-9.1518115863534
-10.821081980901745
-8.848904201306008
-8.45241997454247
-9.784647250958278
-8.466184230765744
-11.316794193088706
-8.306026091856006
-9.060343964910347
-10.10824138746106
-11.757409131110231
-9.598974620930585
-11.697898517298949
-8.123369352323792
-7.819901161475567
-10.9064
-10.019173849042522
-11.156918235721204
-9.421237631315247
-12.825936142302812
-10.575066228225975
-9.085770243990162
-10.793538704647583
-12.284690007418185
-10.581871747604513
-10.684368881204216
-11.47154138746106
-9.745879493191284
-11.886311703822038
-9.671528476294485
-8.028602852211687
-12.453858966246212
-9.494798637933004
-9.380968521172619
-11.002623178573705
-10.532640604098825
-7.144144827334626
-8.590194193088706
-8.047582180598814
-8.561306821666658
-10.029180966146379
-7.247988106807113
-12.367304119406798
-8.782872846007447
-8.631930101488573
-7.528080189903571
-9.057431062480758
-12.728993761691095
-11.49141429020985
-9.766828976031084
-11.261442005015377
-7.778305130534559
-10.551765369460476
-9.20839257996897
-7.69195727803977
-10.774282579266117
-10.510995814329478
-9.675217420733883
-8.9982248155049
-10.403871083752684
-10.498899229159477
-10.022490797029695
-11.076728979618094
-11.009630049311836
-10.774282579266117
-11.34716360199842
-11.713146455290355
-11.474625111448578
-11.370036244444774
-10.75106102780009
-9.737598607615253
-10.306382218374067
-9.608779655953818
-9.006538925382571
-9.166199622370616
-10.131770589579466
-9.605481186881368
-8.533763545412496
-10.008033229995576
-10.098328782875111
-9.725390470626516
-10.711427922813591
-8.722311613822589
-8.938799569197561
-8.314513425939023
-12.081249811185309
-7.652764397043511
-11.325141794949353
-9.248401025413505
-8.128776455357547
-8.518157569711526
-8.24879660394099
-9.492076455357548
-8.120684206373793
-10.983802433347076
-9.983863601998419
-11.802875159235086
-9.653420836663699
-10.5135440882112
-9.185300429370505
-8.276023178573704
-11.234044827334627
-8.978506534133903
-8.995870642752521
-9.924606821666659
-7.464960226573287
-10.413256441157214
-8.815928447759672
-9.06296957305878
-9.793618235721201
-9.029712634444856
-7.828266983404781
-8.482988833395913
-9.451316084214557
-7.74986734947456
-7.366459179532446
-6.986828979618095
-8.832632450486287
-7.990606385096179
-8.683637677978384
-9.149139804478049
-10.009333062937358
-10.728715973410758
-10.307457738501203
-9.793618235721201
-9.290163848981209
-10.157943852880244
-9.30898532573455
-7.958152640314364
-11.260363545412497
-9.881132351087759
-8.972989460229442
-8.9583202493945
-8.311596117660876
-8.350128979618095
-8.528405376108855
-10.376091589239477
-9.653563522208955
-10.592228985484999
-7.417295388730469
-10.717851931589909
-11.94397512075854
-11.384555311309358
-10.3897874189803
-8.370201195641764
-9.413355623193087
-12.582097452528263
-10.399264790399881
-10.38070296720342
-12.9102796096448
-9.483984206373794
-10.510995814329478
-10.286310002350397
-9.705586829643597
-13.078763772014389
-11.015781327957095
-6.617283648959858
-8.657198027956381
-8.330714988973147
-9.103818435489247
-10.877512628577954
-10.00286224806851
-10.73533139047038
-9.456501821122636
-10.621499587397283
-9.0749310640672
-9.608779655953818
-8.551797640087326
-9.30303478652939
-7.997602312200944
-8.790477237041657
-8.775715633082054
-9.632398261419644
-9.00058838617741
-8.818534792396292
-10.936769408909713
-11.707392535688733
-8.583716942671494
-10.189723381342318
-9.737598607615253
-11.955528985484998
-10.157943852880244
-9.483984206373794
-6.954234264987029
-12.747560078850693
-9.123890651512918
-10.246154029018527
-11.04409429399595
-13.292850328060023
-13.02022776084395
-11.179734606366107
-11.51957368627999
-11.703966834711384
-11.70624843162803
-12.577101020622267
-10.742021559587064
-10.318321780322053
-8.618696841648475
-10.60990413885318
-10.130172549021808
-10.195932450486287
-9.19180679888084
-8.84433923137369
-9.164635358139233
-9.52559901155944
-9.169340604098826
-10.192376441795794
-8.242181186881368
-9.257468180674032
-10.56168546286511
-8.200280683557757
-8.815928447759672
-9.35670885079567
-8.602803703692452
-10.510995814329478
-11.875815901601367
-10.873035615711661
-9.417057108789104
-8.089377865953933
-7.348013025093495
-8.410758467981543
-9.930272641622677
-9.967248915308602
-11.245570553662612
-7.949076737032825
-8.752681022732302
-10.030528119553916
-10.014561120457776
-11.371982789761418
-8.788818766301292
-9.178864782668171
-10.686407002553057
-8.910674688115513
-9.268535300413928
-9.811978580309448
-10.903447008007353
-8.17449517306922
-8.533763545412496
-9.241245969549539
-10.269919373171243
-10.339529324914464
-9.44259977297313
-9.983863601998419
-10.009333062937358
-11.15241575267577
-10.798452207263272
-9.91343528897046
-8.17743642932749
-8.463506267095045
-10.696067067495981
-10.015875379970073
-10.936769408909713
-9.924606821666659
-12.680094193088705
-7.61772162203989
-9.31499627753781
-9.483984206373794
-9.998374391529513
-12.29210561150117
-11.096801195641765
-8.060127593100251
-8.344875108059458
-10.527893668648083
-11.565322949414842
-8.827306414566667
-8.185750539205161
-8.590194193088706
-9.924606821666659
-10.247125438042307
-11.736738168485962
-11.880724475038715
-9.301064489645618
-14.864182579266117
-11.571359344612862
-10.558386993792661
-10.15710818066363
-12.377592143042918
-11.009630049311836
-10.686407002553057
-10.085611613822588
-13.477661027800089
-8.781412605792134
-10.33612984954379
-10.090068902129845
-9.274147415107343
-8.330714988973147
-8.176847008007353
-9.632398261419644
-8.158886692270727
-11.299293204648142
-9.319037751709077
-10.044170973564565
-11.38426007885069
-13.224684606366107
-10.526375215821009
-7.905235300413928
-11.372633062937359
-8.142514279720674
-10.959371438637604
-9.930272641622677
-8.848904201306008
-9.244812689174267
-9.91343528897046
-8.175896989653587
-7.94582712068517
-8.572693204648145
-10.081187630595826
-11.121822115902297
-10.678296277537811
-9.403919986569711
-10.821081980901745
-10.157943852880244
-9.972750318470172
-10.707183648959857
-9.425365642841115
-8.102694203371346
-9.354336671210449
-10.210373987585326
-11.117577842048563
-10.968781186881367
-12.812211613822589
-9.365415973410757
-9.20839257996897
-8.234339036906869
-9.149215901601368
-10.363888386177411
-10.388058014174566
-9.284114087952073
-7.472909945764476
-8.62056360199842
-7.60278890006195
-12.283797288527621
-10.798452207263272
-8.63956224806851
-10.377059425445474
-11.175278580309449
-10.774898977156251
-10.35849081519384
-8.150912628577952
-10.08984523896512
-9.049956441157216
-8.93243312433818
-11.427115029752404
-9.719467914605056
-10.94936719623642
-10.753336672706203
-10.388058014174566
-7.686656441157215
-12.598375417093843
-10.8259719889968
-10.66633478652939
-8.42581575267577
-7.689494890846795
-7.695082371728383
-7.699801159606087
-12.029634786529389
-7.242430982445562
-7.65167144975241
-10.62076818067403
-7.604691056539201
-8.155440938737053
-9.195086993792662
-12.883908479815808
-8.555694706973243
-8.1076902756931
-9.425365642841115
-10.771919008593606
-11.619240593440683
-10.363888386177411
-8.381329952803801
-8.699090062356563
-9.701704365455072
-10.085611613822588
-8.107419170890308
-9.418130436709802
-9.403919986569711
-8.51993190529916
-10.318321780322053
-8.646033062937358
-10.88062211786355
-9.640349303807625
-8.448212564018425
-11.617899709770686
-8.455253526360051
-13.088361171670321
-12.611212479147774
-10.388058014174566
-9.165959383150646
-9.80747942600475
-10.296789455871153
-12.18765434761089
-12.611207083815588
-9.85599942260257
-10.487190651512917
-9.432690358946388
-9.540147008007354
-9.622498845826426
-9.555061491008422
-10.15627368627999
-9.598613643986491
-8.659507895513023
-9.378721559587065
-9.210077001210848
-8.628090063526527
-8.466074777140594
-9.497807629304216
-9.457781980901746
-8.212042073624838
-10.029180966146379
-9.855497452528263
-9.850501020622268
-9.012549877185833
-8.96832736649836
-10.64692079588444
-10.226114167631177
-7.985245742690941
-9.443742459052165
-9.986930001918353
-8.607508656872492
-7.93973478652939
-9.564344954950439
-9.452677865953934
-8.097050634245921
-7.509926602795735
-7.885101025413506
-10.457886766765794
-10.9064
-9.416693945102168
-10.226114167631177
-9.816659028929932
-9.990128990276236
-11.325141794949353
-10.94936719623642
-11.038517420733882
-10.728715973410758
-8.622436266713542
-8.123369352323792
-9.435152207263272
-11.153313514283985
-9.664218832004789
-10.00286224806851
-9.241245969549539
-9.701704365455072
-10.144586125209454
-7.715267147146162
-10.581016767431136
-8.386763776805626
-8.739778931375918
-12.338547146997975
-8.654552255486694
-7.301236870978496
-7.549412809464353
-7.980583648959858
-8.797998386880264
-8.760523172706801
-10.363888386177411
-13.395345765310102
-8.948479463289337
-8.290120836663698
-9.36034300267605
-9.09126516665327
-9.514212628577953
-11.002623178573705
-10.877512628577954
-9.886395262782447
-11.889675215821008
-10.877512628577954
-7.930208142113483
-11.599826602795735
-10.04971737166241
-9.780212221477962
-13.156539044451986
-12.338547146997975
-12.952049888062284
-12.883873712302186
-12.679398141314332
-10.838958479815808
-12.721134573699777
-9.62216042131468
-10.18635058672554
-7.8171654957413
-10.771447424604373
-8.3994970345979
-9.589258975756877
-10.542164782668172
-9.268535300413928
-9.418130436709802
-8.365321439993348
-8.669931656978223
-10.413256441157214
-8.378804109523804
-12.04970700255306
-7.982473124842015
-7.328576067820114
-11.51957368627999
-11.228918616375648
-10.256928206125357
-10.352163772014388
-9.132705806911295
-10.318321780322053
-10.296789455871153
-9.365415973410757
-10.286310002350397
-9.918994706973244
-9.737598607615253
-8.533763545412496
-11.536491227686605
-10.413256441157214
-10.921390007418184
-8.984238172962446
-12.401817420733883
-11.080689353362251
-10.575066228225975
-8.804765016727627
-12.982540593440683
-8.830851776460833
-9.965455684097126
-9.495344579573512
-10.59747634923081
-7.365438459154738
-11.738815732858342
-9.750063776805627
-9.025992787650631
-9.784647250958278
-8.799682808122142
-11.7452539456802
-12.094212909761422
-11.275629642211845
-10.00286224806851
-10.826230480014736
-11.516361259404256
-7.999018367198119
-8.583716942671494
-7.363224368046714
-9.980755596608583
-8.69342424240054
-10.877512628577954
-12.883923613798917
-9.635850595791082
-8.210169408909714
-10.307457738501203
-9.881132351087759
-7.474976836281982
-8.449611714729834
-9.798155220888795
-10.15710818066363
-9.052660506083662
-10.509249279271888
-10.586648005852725
-9.012037404219775
-9.05253628692603
-12.679398141314332
-11.793239044451987
-12.543074706618544
-10.575066228225975
-9.552048386962605
-7.549412809464353
-7.539291645616969
-8.699802117363827
-9.19180679888084
-6.033923172706801
-10.40052318336494
-8.579050328032745
-11.260363545412497
-11.404030675290159
-9.29910072775522
-10.838217461071974
-11.290436259723075
-10.688172284072401
-9.248401025413505
-9.39694064837906
-10.173191227686605
-9.024758014174568
-9.491062886651193
-7.942444373517243
-8.779779298088268
-8.544627587233347
-7.578708648420488
-9.713428979618095
-11.379175379970073
-10.274992871800967
-11.079372183191925
-8.8452494139775
-8.784692800703956
-8.533763545412496
-8.091924423286942
-8.69342424240054
-8.072973863097953
-8.223085601012677
-9.46864431621345
-8.061085389528417
-10.581871747604513
-10.3216202493945
-8.602155684097127
-11.448911613822588
-11.194226554663373
-11.199059835929821
-9.056427256026064
-9.3400056073736
-9.803553967260745
-8.11270106969374
-10.628123227645178
-10.40052318336494
-10.143895388730469
-8.873226602795736
-12.134041173374163
-7.597462286606293
-9.737598607615253
-7.511830303709301
-7.380182225988824
-10.798698956034162
-9.784647250958278
-13.361796181721418
-12.065912428694151
-14.160891768133984
-10.319419229509625
-8.683637677978384
-6.695207172752008
-7.89252581161209
-8.746404153912966
-7.911431430240995
-8.536072315295822
-11.955528985484998
-9.505814279720674
-10.849969352323791
-9.11808596122269
-9.517038761233506
-10.298645492255528
-9.401584387220742
-7.518584211165032
-9.083041789082449
-7.158729432817636
-12.114361027800088
-11.15241575267577
-11.715463772014388
-10.1238231727068
-10.707183648959857
-8.072067014672593
-9.460350634245922
-10.580163020106307
-9.35670885079567
-8.732011840463592
-12.61120201698446
-12.747523762755812
-10.77074454318372
-12.747565551932684
-10.232719041974658
-8.444034841467765
-11.563707707372691
-9.52559901155944
-8.783871046696708
-9.05253628692603
-9.771440599307587
-9.605481186881368
-8.529269686930899
-7.637288386177411
-12.883923613798917
-9.422944070274538
-9.169340604098826
-8.72826215302775
-10.545373861891099
-7.905235300413928
-10.611701025413506
-11.830418435489246
-9.605481186881368
-9.529926000371002
-8.913734507159091
-9.6167717728127
-9.149215901601368
-8.598541794949352
-9.816659028929932
-10.792074380968177
-8.693494731556788
-8.707691768133984
-9.497533394144641
-9.097447836038384
-8.97396084065595
-8.183842174870836
-10.292421128645035
-10.23366863907826
-10.9064
-10.143895388730469
-10.294362704840337
-10.05391153560395
-10.690504414526547
-8.020376179857355
-9.038484256615233
-11.180723745394866
-8.390977842048564
-10.676185504241543
-10.686407002553057
-10.496005806911294
-10.628123227645178
-10.66633478652939
-8.29729757504528
-10.180095955119528
-11.424268516254276
-8.848904201306008
-10.592228985484999
-8.897595213710973
-9.430238704647584
-9.697847194372354
-10.464305728692654
-10.785036987966167
-10.33839399634572
-8.281973717778865
-8.210169408909714
-10.64692079588444
-12.651610923147778
-9.321002466436777
-9.694014988973146
-12.762547595993743
-11.859305806911294
-8.14704402448922
-9.030361402287223
-12.572146400351977
-8.400355734773333
-9.085770243990162
-9.793618235721201
-11.688376010813371
-10.173191227686605
-8.366131944797782
-11.316794193088706
-11.305069578925682
-11.347787165686578
-10.062390062356561
-10.209460997940763
-7.972185300102579
-9.27603000387049
-10.439575159235085
-10.60990413885318
-8.123907845919055
-8.69342424240054
-9.007736243621098
-9.971528287763533
-10.753342624716735
-11.293572641622678
-11.703966834711384
-10.068110625382028
-8.220007640778098
-7.2864382931349905
-7.82103061151701
-8.81506220961367
-9.918994706973244
-9.029712634444856
-10.864683399043818
-8.097050634245921
-8.712039941903257
-11.199059835929821
-10.048325893543263
-9.762797034597899
-8.434855220888794
-9.401584387220742
-11.208846400351979
-7.829928901604081
-11.228918616375648
-9.257468180674032
-12.623663545412496
-9.935993204648144
-8.616835948548697
-9.425365642841115
-9.649864827973206
-10.068829597743818
-10.074613025093495
-10.102121708512662
-9.830926554663375
-12.38719757504528
-9.195086993792662
-10.585304068330938
-8.502318616375648
-7.393367539479761
-11.359761389325124
-10.050414338979126
-9.269840043794213
-11.42355902106191
-13.23759581432948
-10.484281192748272
-8.533763545412496
-7.614066834711383
-8.827306414566667
-8.446964450174441
-10.186204359588169
-9.201702410852285
-9.50028084068576
-11.299293204648142
-9.725390470626516
-10.689458016414711
-10.255940593440684
-10.82365063424592
-8.129591796776982
-11.072794920843927
-11.24443235108776
-11.170634841467766
-13.044921780322051
-11.648962873331833
-10.798564373018735
-10.322809579034075
-10.33612984954379
-10.016533605348794
-12.066689643094012
-9.767103043884376
-9.33966958371692
-9.705586829643597
-9.988870597311175
-10.139015633082055
-10.409407628033929
-8.843430445827378
-8.55013528897046
-9.555061491008422
-11.068886829643597
-10.588756402702376
-9.723154921904229
-9.815005580243533
-10.341242169074635
-10.339529324914464
-11.567922346402451
-10.544717478574839
-10.10333910155973
-9.780212221477962
-11.984536678330045
-11.669823639498233
-11.684697563063963
-11.084568294669733
-9.881132351087759
-9.800573656299221
-8.47733289773629
-12.982540593440683
-9.141455931085764
-12.836113405270433
-10.746524042632496
-9.921795444748094
-9.718779924341067
-12.15532106791282
-11.116083312070106
-12.088744814894401
-11.43464683774959
-9.886395262782447
-11.298986416249168
-10.081934090337015
-11.355651895852516
-10.958600628650348
-12.034122337867998
-11.39386037920511
-11.63094874841332
-10.728715973410758
-10.120673837264443
-11.088690470626517
-10.450439201055936
-6.948617420733883
-9.754277842048563
-9.57973479718753
-10.707183648959857
-9.765376880366714
-12.480877842048564
-9.89760203900776
-13.935446400351978
-11.80533191054293
-9.953494193088705
-12.572146400351977
-9.918994706973244
-10.7738204922485
-12.091070347071847
-8.588786731975965
-9.076275159235085
-8.452457508135764
-9.690207428152068
-10.04279245450835
-8.566972641622678
-9.858011569542352
-11.362313434945225
-9.730243560644105
-9.430238704647584
-10.305308648420487
-10.168405386766997
-8.854429034556471
-10.510995814329478
-13.284986993792662
-12.582097452528263
-13.736464605741546
-10.393347304821589
-11.921686993792662
-11.829747910098192
-10.892803344433617
-10.795995455955428
-9.133402312184842
-11.816486647597054
-10.131770589579466
-11.295921714895659
-10.318321780322053
-10.497487844398961
-7.936978203119462
-7.908596181721419
-10.968781186881367
-9.543099999999999
-8.710586999659567
-11.038517420733882
-10.545373861891099
-11.06655429740611
-10.75106102780009
-10.029180966146379
-10.82365063424592
-12.498040599307588
-13.39293478652939
-11.34716360199842
-9.406781951308531
-11.019581101488122
-10.91836149100842
-10.282169610182548
-11.391136870978494
-12.760509474644902
-12.569586290701007
-10.38818138856001
-9.897063545412497
-10.340666834711383
-8.152606688867234
-9.616653714076033
-9.638483896948662
-9.306995160273546
-9.508600513884538
-11.88347543490845
-6.99477639649076
-8.493201818616743
-10.04279245450835
-7.68408778781304
-8.523095262782446
-7.203672641622678
-9.952074918736264
-7.361820253650936
-8.47245983592982
-8.7251157920004
-11.955528985484998
-8.452457508135764
-10.439575159235085
-9.178864782668171
-9.110516846145343
-11.52797203513727
-9.653420836663699
-8.888706534666516
-9.953494193088705
-10.340666834711383
-10.558386993792661
-9.211766228225974
-12.46903478946284
-7.8220004293705045
-6.898953402905038
-8.748025111448577
-11.955528985484998
-9.626916058666888
-10.925044794746691
-8.644733229995575
-7.653129161610246
-8.452457508135764
-11.09273194479778
-12.12145206942659
-10.968781186881367
-10.467118435489247
-11.785302458483807
-9.27043745689118
-9.228928985484998
-9.815719974542471
-10.558386993792661
-8.458550810620386
-10.134979668802393
-9.930272641622677
-10.548600429370504
-11.703966834711384
-13.252975215821008
-11.053507428152066
-10.496005806911294
-7.541302084449105
-12.515715752675769
-9.661832901925838
-9.2394706348845
-8.873226602795736
-8.411633669422766
-10.783832361574667
-8.373476853608002
-8.626828990276236
-8.766466328618733
-8.1798
-11.921686993792662
-10.340666834711383
-9.134098817458387
-11.751358014174567
-8.588898980150574
-9.198385462865112
-8.444034841467765
-8.675376050901457
-12.874592800703956
-9.27043745689118
-10.9064
-12.352153402905037
-9.543099999999999
-11.353428990276235
-11.703966834711384
-10.712280440840189
-10.391770086943318
-8.1798
-11.625893386528837
-9.30303478652939
-10.224801988632713
-8.499928183664041
-8.413387963053399
-9.05253628692603
-10.542730796673684
-8.1798
-9.941769578925683
-10.631835300413927
-11.301712421363659
-9.406781951308531
-8.644784487347204
-7.770810686943716
-9.543099999999999
-7.361820253650936
-7.066114995779162
-7.872283536267969
-8.17508225657511
-8.316128684206275
-8.614363821085862
-12.416807428152067
-10.379946908612322
-8.577309786846346
-9.780212221477962
-9.605481186881368
-9.00058838617741
-8.09294612098168
-12.401817420733883
-9.807334841467766
-9.531375385836977
-8.588786731975965
-10.80840325943956
-8.956888656085978
-10.2013068323248
-11.161455220888794
-11.298144661771621
-10.356825793481008
-10.185678305651138
-9.856100174487917
-8.8417368399183
-7.525406534666516
-9.348127922813593
-8.53322966447768
-9.422876806906086
-7.907120646763225
-11.239215809261692
-11.511292800703956
-8.425197089904758
-11.619240593440683
-12.229084947753137
-12.78332424240054
-9.930272641622677
-9.190224539122852
-7.984827922813592
-8.998000808650659
-8.503340314070385
-8.156578448533972
-6.909943484889679
-8.452457508135764
-8.997776801796418
-10.829154759032514
-8.588786731975965
-8.433036252738672
-7.791420758410221
-10.770034922143951
-9.759458237925912
-8.452457508135764
-7.225490275993837
-7.648042794877462
-12.797591768133984
-8.588786731975965
-8.316128684206275
-10.439575159235085
-7.907141192619206
-8.452457508135764
-10.497487844398961
-10.633700100907244
-10.670295160273547
-7.498149561913176
-10.98343392646521
-10.946826103635512
-11.619240593440683
-12.812211613822589
-11.377861120457776
-9.44595686195709
-10.087242059298795
-11.002623178573705
-9.387761027800089
-9.33966958371692
-11.980424638916084
-10.236526602795735
-9.894914455331783
-10.72000885079567
-10.318321780322053
-10.844611183020149
-11.203932897736289
-7.251063821085861
-11.30044397987374
-7.251063821085861
-7.618638854860328
-11.58102903455647
-12.070483648959858
-12.2697
-12.891272035137268
-8.409417074004082
-8.918462327232884
-10.497487844398961
-9.930272641622677
-10.628123227645178
-10.849969352323791
-10.788665642841115
-10.912350539205159
-11.34716360199842
-10.828821616172986
-11.889675215821008
-9.667862373762738
-10.88366349013151
-10.047492573677088
-10.074758337075371
-9.754277842048563
-9.27043745689118
-10.187082156142104
-9.754277842048563
-10.181834792396293
-9.990128990276236
-11.214796939557138
-9.406781951308531
-12.982540593440683
-12.440028979618095
-9.087139201055935
-8.616835948548697
-8.8906735640536
-7.116750028011532
-8.334547194372355
-8.488306592982246
-9.225456402702376
-9.103818435489247
-8.123369352323792
-7.359011613822588
-10.542164782668172
-10.849969352323791
-7.944490423881597
-9.425365642841115
-8.784692800703956
-7.838402410852285
-8.290834608500813
-10.497487844398961
-10.66633478652939
-10.575066228225975
-8.712743119735576
-9.618786773057675
-7.703629946802936
-8.043467842166917
-9.19180679888084
-11.208846400351979
-11.511292800703956
-6.8165
-12.982540593440683
-9.387761027800089
-12.215426271529555
-7.4579895676693795
-8.165963400219212
-7.822702329497252
-8.75566573544669
-8.043467842166917
-11.076728979618094
-8.955021780322053
-8.7251157920004
-11.061147194372355
-12.186950634245921
-7.069010227304744
-10.66633478652939
-7.9134847186536
-8.281622025658528
-11.874295814329479
-10.340318889442814
-7.770810686943716
-9.815719974542471
-8.1798
-10.04343357405203
-8.997776801796418
-10.72000885079567
-11.562809945764474
-8.452457508135764
-8.316128684206275
-7.823620330975194
-8.38174617332511
-9.378721559587065
-9.049956441157216
-9.33862073726517
-7.431343852880244
-10.75106102780009
-9.387761027800089
-8.544627587233347
-8.598541794949352
-7.943695160273546
-8.7251157920004
-9.815719974542471
-7.839734410665327
-8.452457508135764
-11.179019974542472
-10.579140145678828
-9.508600513884538
-8.73427310483101
-7.386273017342468
-10.595318093517587
-6.911957460950198
-9.235935856223131
-9.406781951308531
-10.507967297919716
-8.763267284953727
-7.080734841467766
-9.010138168485962
-7.574859835297202
-8.1798
-8.7251157920004
-9.930272641622677
-10.798452207263272
-10.558386993792661
-7.637288386177411
-7.694951829633889
-9.54905053920516
-7.405170589579465
-9.2394706348845
-9.99631345712601
-8.316251696623706
-8.1798
-12.827201621240773
-10.912350539205159
-11.921686993792662
-9.30303478652939
-9.27043745689118
-9.27043745689118
-7.498149561913176
-9.406781951308531
-12.704263821085862
-9.28362079588444
-10.181834792396293
-7.644436243621097
-10.94936719623642
-8.836209945764477
-7.22548259736505
-10.925656125381465
-7.116779433920749
-10.41583628692603
-12.201282417920613
-8.2534717728127
-10.849969352323791
-8.517832351087758
-10.04279245450835
-7.831786993792662
-7.769405806911294
-8.512615809261693
-11.031162373762735
-10.439575159235085
-10.168065016727626
-10.255940593440684
-8.67949245450835
-10.926268087882642
-9.159967210431173
-7.498149561913176
-7.256765223461266
-9.573469408909714
-9.492076455357548
-8.805978548563782
-11.715361140644328
-10.045142514092719
-9.007922942293293
-11.448911613822588
-10.9064
-10.407421521532779
-6.013516248123092
-9.016867175933344
-8.691032590736437
-9.85947466616149
-8.989857828328372
-7.634479158876101
-8.997776801796418
-12.827201621240773
-13.844177842048563
-10.00286224806851
-11.143512221477962
-9.134098817458387
-9.543099999999999
-9.543099999999999
-13.166175159235085
-6.4642262736765925
-9.450142214681458
-8.302373559191606
-7.656544511558878
-13.023389455871152
-8.588786731975965
-8.7251157920004
-8.678117137589874
-8.861445817325126
-10.056724242400541
-12.213269352323792
-8.771679668802392
-8.394370823638921
-9.406781951308531
-6.335286543943631
-9.952074918736264
-11.79645115045877
-10.628123227645178
-10.070991768133984
-12.692179007087283
-11.830418435489246
-13.166175159235085
-10.628123227645178
-8.316128684206275
-8.468590059623246
-9.48666935232379
-7.361830664299599
-8.823782156142103
-10.75106102780009
-7.727137670128384
-13.695381186881367
-10.924434094674828
-11.370036244444774
-10.296789455871153
-11.619240593440683
-10.44498226226884
-11.228918616375648
-7.0417143597154075
-11.921686993792662
-13.023389455871152
-7.361820253650936
-12.515715752675769
-10.849969352323791
-9.555061491008422
-8.711487403751887
-9.011415150459422
-8.370658698222233
-11.353428990276235
-11.955528985484998
-12.2697
-8.768470589579465
-8.390977842048564
-9.156875434908452
-10.413256441157214
-10.056724242400541
-8.47733289773629
-7.948082388390036
-10.962238869848653
-12.142338216618324
-12.75578096614638
-10.04279245450835
-10.217729034556472
-12.105321559587063
-7.770810686943716
-8.062064648362693
-11.955528985484998
-10.181834792396293
-10.496005806911294
-13.166175159235085
-11.366162248068509
-9.798155220888795
-7.089160323251182
-9.815719974542471
-9.134098817458387
-10.497487844398961
-7.361820253650936
-9.27043745689118
-13.57656935232379
-11.208846400351979
-10.496005806911294
-7.866325952801714
-8.24746759402903
-8.1798
-8.302628514421711
-11.511292800703956
-7.225490275993837
-8.520626395258002
-11.660089455871152
-7.225490275993837
-6.500977680180252
-6.115017048798231
-6.233265846270823
-8.882170616165993
-11.52797203513727
-11.599826602795735
-10.707183648959857
-12.769392454508349
-8.267722944501168
-10.238439605000123
-9.29519263655489
-12.174217376453647
-9.27043745689118
-7.907141192619206
-7.361820253650936
-8.7251157920004
-7.290893255049689
-6.509335856223131
-12.018024010796374
-8.452457508135764
-13.114658014174566
-10.707183648959857
-10.936769408909713
-11.639312809464354
-9.2394706348845
-11.301712421363659
-8.563110468993012
-7.6889777959080945
-8.084317376453647
-7.90937046253344
-9.313223157873473
-11.282294706973245
-10.467118435489247
-8.722311613822589
-12.572146400351977
-9.679451045876416
-10.0884306642996
-8.7251157920004
-11.225965624383
-10.828821616172986
-11.802875159235086
-10.66633478652939
-9.988870597311175
-9.076275159235085
-9.103818435489247
-10.496005806911294
-8.133685431433452
-9.8997777922857
-9.120981192748273
-8.436013379378666
-12.982540593440683
-7.907141192619206
-8.193431316277247
-9.268535300413928
-10.147992800703957
-10.62076818067403
-8.955021780322053
-9.268535300413928
-8.633161389325126
-7.686656441157215
-9.97766382108586
-7.90337635487685
-10.056724242400541
-11.601739605000121
-11.479281022732302
-11.991423227645177
-12.401817420733883
-12.572146400351977
-8.73427310483101
-10.085611613822588
-9.198385462865112
-10.72000885079567
-7.483773987585326
-7.686656441157215
-9.953494193088705
-9.653420836663699
-8.835546477467068
-8.7251157920004
-9.163075215821008
-11.79485598020644
-8.783050431642016
-7.113152781461481
-9.148303380998676
-13.252975215821008
-7.080272464507774
-9.907927587233347
-7.77059113997422
-9.431708478676283
-9.887909520987328
-9.057729948888616
-7.455234792396293
-8.421347250958277
-7.46861953809771
-8.031382746036819
-7.718524388018093
-9.697847194372354
-8.520622120055865
-9.406781951308531
-7.405170589579465
-6.937833906407764
-8.544627587233347
-6.95180840015533
-7.466841003665775
-9.8161895017362
-9.269803404732096
-9.543099999999999
-8.452438741339117
-7.634466195195886
-9.269486378652555
-9.037223183364942
-12.32488895337776
-9.865618616375647
-11.305069578925682
-10.968781186881367
-11.511292800703956
-9.378721559587065
-7.0292022780229235
-10.62076818067403
-9.103818435489247
-11.588101988632712
-9.865618616375647
-12.489397034597898
-9.632398261419644
-8.183363142151142
-7.09194161769308
-10.813442214681459
-10.579140145678828
-9.747596910016462
-9.364108020848494
-6.18224635830284
-6.094202942414375
-11.751358014174567
-8.599743975397256
-11.316794193088706
-9.519878448533971
-9.153799720629701
-8.00873139047038
-8.62056360199842
-8.076806827533563
-8.45713021153422
-12.716728990276236
-7.786220387937304
-8.649949771821642
-6.490945919452116
-8.144184446320928
-8.41514747004572
-9.261134283205779
-12.114361027800088
-11.076728979618094
-9.770418018554764
-9.639323178573704
-7.851859209816332
-7.033372127769014
-8.843430445827378
-9.17500490995677
-10.106705527540996
-10.75106102780009
-8.09294612098168
-8.725279407841942
-8.015363846185878
-12.908434792396292
-9.211766228225974
-9.91454300429297
-10.224801988632713
-8.914962876203806
-11.053507428152066
-11.562809945764474
-8.1798
-10.9064
-8.210169408909714
-7.916921929475412
-9.383224042632497
-7.770810686943716
-8.316128684206275
-8.452457508135764
-10.371755798500642
-10.592228985484999
-10.199509945764476
-10.75106102780009
-10.115981022732303
-7.231649830440914
-7.950489195229441
-7.60952984954379
-8.139741095881753
-9.807334841467766
-10.707183648959857
-10.526375215821009
-12.656872641622677
-10.004150765807053
-8.193431316277247
-9.918994706973244
-10.126989349595215
-10.056724242400541
-8.316128684206275
-8.861661208795727
-8.594949830440914
-8.716420284944713
-9.261134283205779
-8.195397574087384
-8.03364064837906
-8.984238172962446
-8.997776801796418
-11.787730425509286
-9.548213854767901
-10.75106102780009
-10.526375215821009
-11.968201676179149
-11.732899752013461
-10.57102015097315
-10.236526602795735
-10.809407625528038
-10.600647236312637
-13.477661027800089
-10.9064
-10.849969352323791
-11.208846400351979
-8.912712809464352
-9.555061491008422
-11.545134792396293
-9.406781951308531
-8.972800395680522
-12.15444228441897
-10.100601621240774
-8.664536870978496
-8.653892563310169
-10.542164782668172
-8.997776801796418
-9.798155220888795
-8.8906735640536
-10.770034922143951
-11.997000100907245
-7.8285067988808406
-9.592468054979804
-10.347538172962446
-11.72435323151567
-7.769405806911294
-7.330124242400542
-10.497487844398961
-9.815719974542471
-9.952074918736264
-8.452457508135764
-12.372930049311837
-10.04279245450835
-10.904709978873315
-9.57847640422247
-10.733118028389258
-10.281139020423332
-11.521243852880243
-11.316794193088706
-9.918994706973244
-10.988853402905038
-9.990128990276236
-10.962238869848653
-10.426269573058779
-10.82416570488926
-7.851859209816332
-7.472909945764476
-9.027230141637403
-8.602155684097127
-9.024758014174568
-10.514039901586123
-11.727188386177412
-8.786339738253178
-8.200280683557757
-11.682500228544047
-12.30633479718753
-11.889675215821008
-9.679451045876416
-10.398009066350854
-6.89524224715668
-5.4532
-8.839809188867868
-8.316128684206275
-10.894675385836976
-7.9207717074966295
-9.679451045876416
-7.529340593440684
-8.430318235721202
-8.056751196438736
-10.633700100907244
-13.695381186881367
-8.925091107013873
-10.070991768133984
-7.361820253650936
-9.660597575045278
-8.11270106969374
-8.409011936723392
-10.052510177157604
-9.514212628577953
-9.201702410852285
-7.046584558351031
-10.05475394551677
-11.639312809464354
-10.37851415263229
-10.149639738253178
-7.634479158876101
-11.720125793481007
-11.955528985484998
-9.598938869848652
-10.318321780322053
-12.533934841467765
-11.406092454508348
-9.847523275868598
-13.477661027800089
-10.63933000387049
-10.34546838526335
-10.502554702576859
-11.100898607615251
-10.849969352323791
-10.532640604098825
-10.06524343494988
-10.365786059812143
-9.78286925062157
-8.337003945680198
-10.013486633423872
-10.576421088467491
-11.502477645305579
-11.982972761920896
-11.997000100907245
-10.361053231515669
-10.100601621240774
-10.426532775404603
-10.413256441157214
-10.849969352323791
-10.849969352323791
-7.2388556840971265
-10.628123227645178
-9.48666935232379
-9.965455684097126
-8.90058801031335
-7.778354193873899
-8.752681022732302
-9.065606876605035
-6.993737179634029
-11.508012605792135
-7.634479158876101
-9.713428979618095
-7.456940410634148
-7.498149561913176
-7.9584723936161215
-12.515715752675769
-7.712975159235086
-7.455234792396293
-7.956549367555399
-10.581871747604513
-9.250203381956574
-8.836209945764477
-7.907141192619206
-11.451730664299598
-8.438510008217301
-9.087139201055935
-10.351467624177365
-10.798452207263272
-7.4213928007039565
-10.493052814918647
-13.230100810620385
-7.150043364109717
-7.646838168485963
-10.181834792396293
-9.762797034597899
-9.660597575045278
-8.651261120457775
-9.101005728692655
-8.616056114204705
-8.703375294576828
-8.603365232356769
-8.578121402692668
-8.456185161585484
-9.834965318991319
-8.512615809261693
-8.0505313754623
-8.67674500796723
-8.136019295748497
-7.32192092658962
-7.769405806911294
-8.96608890006195
-10.296789455871153
-9.567269627997156
-12.40926498644374
-9.942931647340297
-13.695381186881367
-10.75106102780009
-9.016022489832856
-11.639312809464354
-11.199059835929821
-10.363888386177411
-9.626234338767533
-10.638576249895769
-7.740800442480613
-8.578469578925683
-8.827306414566667
-9.745879493191284
-10.199509945764476
-7.570189455871152
-8.242181186881368
-9.897063545412497
-10.338167191643779
-11.229940314070387
-10.9800717728127
-8.123369352323792
-11.109179493191284
-11.74157144975241
-10.449891238344746
-11.448911613822588
-10.628123227645178
-11.751358014174567
-11.686023835300551
-11.47154138746106
-11.045216000047617
-10.14145048367124
-10.579140145678828
-9.771701865914979
-10.828821616172986
-10.237099854737092
-10.723041799740589
-8.749573017342467
-9.75436243004316
-9.320499462231943
-8.747994194570829
-7.693387565402506
-8.178026438013264
-8.86187660026633
-10.296789455871153
-11.751604762945457
-11.143512221477962
-11.124554505717114
-10.94303479718753
-9.660597575045278
-10.340666834711383
-10.147992800703957
-9.553854408700051
-9.72033717963403
-9.415738216618324
-12.161752207263273
-12.510583764256834
-9.153799720629701
-9.865618616375647
-8.588786731975965
-10.429947096544353
-6.978986829643597
-9.352317046164849
-9.430238704647584
-8.308228476294484
-10.608112689174268
-10.66672963393794
-10.876385941906502
-10.5670015359947
-10.746524042632496
-8.997776801796418
-9.755124266305913
-11.023897575045279
-11.703966834711384
-12.815030664299597
-11.588101988632712
-11.465421708512661
-9.953494193088705
-10.496005806911294
-8.038284387220743
-8.416029188253612
-12.22413339414464
-11.333608774114714
-9.00063101855105
-10.770034922143951
-11.619240593440683
-12.926109945764475
-10.309614657706964
-13.433783648959858
-11.25393953663618
-12.626120296720341
-9.087139201055935
-10.252006534666515
-8.483234013036652
-7.251063821085861
-10.514039901586123
-9.088236650243507
-7.361820253650936
-7.31619245450835
-9.969091767176089
-8.776526137886488
-8.822027862511472
-12.440028979618095
-9.195086993792662
-9.43072822403651
-10.76024064837906
-11.464661664876717
-9.934844661771622
-9.872601182453888
-8.452457508135764
-8.452457508135764
-8.316128684206275
-8.588786731975965
-12.23520051388454
-10.008682789761416
-8.588786731975965
-11.17995902892993
-9.35670885079567
-10.064385978366733
-10.294678674073404
-10.373438168485963
-11.049724196959199
-11.406092454508348
-10.413256441157214
-7.418603478005283
-7.387514262382358
-11.703966834711384
-8.57515859775326
-10.00286224806851
-7.294561787117737
-11.802875159235086
-11.921686993792662
-9.543099999999999
-10.413256441157214
-10.164672035137269
-8.886785638999289
-9.529462945372579
-12.543259028929931
-7.37681685827212
-7.327736802800272
-6.207104967612849
-7.26638917884575
-8.981411272377862
-8.984207458171463
-8.523095262782446
-9.543099999999999
-8.326907428152067
-9.58606719623642
-11.727188386177412
-8.4842232758686
-8.539170648446254
-9.711852217921415
-10.255940593440684
-10.248098443466185
-13.433783648959858
-8.099113610783151
-10.538018814919953
-9.42149586653454
-10.355189907036614
-11.028245748814552
-11.703966834711384
-10.698785300102578
-11.234044827334627
-10.411457214389392
-6.088116068903912
-10.276012809464353
-8.057232361574668
-9.679451045876416
-8.430318235721202
-8.506190474725306
-12.132864835841225
-10.670295160273547
-10.624434283205778
-8.319364986443741
-10.296789455871153
-9.33966958371692
-8.861445817325126
-8.991190194132038
-7.888349228016179
-11.448911613822588
-9.583526103635513
-11.109179493191284
-8.544627587233347
-8.997776801796418
-8.103261254134894
-9.195086993792662
-9.57973479718753
-7.769405806911294
-8.071852207263273
-8.594663412471684
-7.99798589620501
-9.720576837061781
-10.427586756398874
-12.463286320811338
-7.831786993792662
-9.078731910542931
-7.1189464003519785
-10.131770589579466
-9.750063776805627
-11.420024242400542
-9.435152207263272
-10.798452207263272
-8.334547194372355
-10.592228985484999
-9.543099999999999
-10.199509945764476
-10.439575159235085
-9.343883648959858
-8.90984630985232
-7.089160323251182
-12.680094193088705
-12.300069408909714
-9.135673600930646
-10.849969352323791
-12.480877842048564
-10.496005806911294
-8.997776801796418
-8.107438157999054
-13.39293478652939
-11.738425332530234
-11.950673052383397
-11.921686993792662
-11.955528985484998
-12.812211613822589
-11.660089455871152
-7.832158861243254
-9.156875434908452
-10.116802207263273
-11.040634233305148
-11.619240593440683
-12.2697
-11.619240593440683
-8.7251157920004
-8.1798
-8.997776801796418
-7.361820253650936
-10.131770589579466
-9.250203381956574
-10.24228425271195
-12.161752207263273
-8.129863826952766
-6.884632408236749
-7.4213928007039565
-10.660834394388845
-9.612096603940989
-9.065950590534948
-9.132705806911295
-11.655750181690687
-9.435152207263272
-10.558386993792661
-12.161752207263273
-8.7251157920004
-9.628965940693218
-10.195996916098327
-9.931833994255271
-8.707691768133984
-9.27603000387049
-8.398639578014755
-9.134098817458387
-11.239215809261692
-10.236526602795735
-12.926109945764475
-8.871319761639711
-13.252975215821008
-7.539048844853287
-10.004734475042383
-11.165385028892919
-11.942099579855702
-8.453359028929931
-7.9256544622415
-10.988853402905038
-8.071852207263273
-10.085611613822588
-11.316794193088706
-8.452457508135764
-11.859305806911294
-11.282294706973245
-9.981375893854612
-9.584795286687816
-10.029180966146379
-7.181327587233347
-9.260506808325028
-11.689070131785163
-9.519878448533971
-9.615432239057654
-11.420024242400542
-10.560220045058536
-7.274976528416293
-8.628090063526527
-9.235935856223131
-7.4747068323248005
-7.65410296720342
-8.912712809464352
-10.147992800703957
-10.439575159235085
-8.836209945764477
-8.998000808650659
-9.8161895017362
-9.40652339357488
-8.316251696623706
-10.232719041974658
-9.72137639649076
-8.7251157920004
-10.361053231515669
-9.543099999999999
-8.452457508135764
-7.770810686943716
-9.387761027800089
-10.660834394388845
-11.305069578925682
-8.358076396490759
-11.991423227645177
-12.029634786529389
-12.982540593440683
-11.366162248068509
-11.08467639649076
-11.816486647597054
-8.957218716672717
-9.798155220888795
-7.1390186163756475
-10.439575159235085
-7.529340593440684
-10.056724242400541
-9.713428979618095
-9.82613240970703
-10.414417118532654
-10.115981022732303
-12.329455578732937
-11.911900429370505
-10.844611183020149
-10.707183648959857
-12.982540593440683
-9.461278084266668
-8.316374709041138
-8.411633669422766
-9.754277842048563
-8.11164473816077
-7.211812421363658
-9.531375385836977
-8.588786731975965
-9.284079353026645
-7.089160323251182
-9.225456402702376
-9.592468054979804
-10.501956346116454
-10.07650206942659
-9.667862373762738
-9.845546400351978
-9.886395262782447
-7.471897081489753
-10.883178448533972
-8.544627587233347
-10.798452207263272
-11.52797203513727
-12.506812221477963
-11.228918616375648
-10.962238869848653
-10.982086773057674
-8.316128684206275
-11.068886829643597
-12.489397034597898
-8.766872549021807
-10.296789455871153
-9.488826271529554
-11.73077318907743
-11.639312809464354
-11.143512221477962
-13.023389455871152
-7.498149561913176
-9.113167684801072
-10.798452207263272
-10.96093903690687
-11.410792573677089
-10.824681224005136
-10.439575159235085
-9.625553402905037
-7.295757761714637
-11.819800501400167
-10.497487844398961
-10.689592127722634
-7.344391768133985
-11.727188386177412
-9.970308774114715
-9.690207428152068
-9.571019434924326
-10.361053231515669
-9.679451045876416
-12.480877842048564
-12.05793038012388
-9.918994706973244
-9.47600106969374
-11.076728979618094
-7.050175814328458
-8.316128684206275
-10.12857881005901
-10.628123227645178
-10.194863403550324
-10.593274744368312
-10.76024064837906
-9.365854709012293
-10.849969352323791
-8.454793859834993
-7.8761706348845
-7.476509188867867
-7.6299918185057525
-11.233633093196213
-12.406051045876413
-11.656295450005308
-9.195086993792662
-13.318828985484998
-14.043394193088705
-9.612096603940989
-10.936769408909713
-8.043467842166917
-10.633700100907244
-12.54231997454247
-10.439575159235085
-8.452457508135764
-8.563566647567244
-7.290592563310169
-11.52797203513727
-10.592228985484999
-11.267943983111675
-11.179019974542472
-13.09048838617741
-12.300069408909714
-11.739149877185833
-8.786471691377677
-7.634479158876101
-10.493052814918647
-10.80840325943956
-10.422858547593517
-10.426269573058779
-11.411913136838296
-10.9064
-9.27043745689118
-8.746995641312491
-7.5526823085825905
-11.406092454508348
-8.156578448533972
-9.076275159235085
-9.815719974542471
-11.20100425037748
-10.63933000387049
-11.227898678712261
-11.218797452528264
-9.661832901925838
-9.070916989931444
-9.869716028349135
-11.282294706973245
-10.606326643574993
-10.437962610801582
-10.849969352323791
-11.508012605792135
-11.308562649040862
-9.543099999999999
-10.93242275522883
-10.52017543490845
-10.4477044448443
-10.284236187035177
-11.39248096614638
-9.30303478652939
-11.58102903455647
-11.282294706973245
-10.962238869848653
-9.803645897028368
-9.693098938763832
-8.421347250958277
-12.769392454508349
-9.195086993792662
-8.7251157920004
-10.497487844398961
-9.679451045876416
-7.361820253650936
-9.592468054979804
-9.229242602311729
-8.682545652841327
-12.070483648959858
-12.27565053920516
-13.09048838617741
-12.358998261419643
-8.295855251147648
-8.1798
-7.517615979277662
-8.920936187035176
-10.526375215821009
-9.555061491008422
-8.950652213130176
-9.0844044448443
-9.907927587233347
-7.591721780322053
-10.236526602795735
-7.837073400940326
-10.579140145678828
-8.23369018898749
-11.834095045189066
-11.315374918736264
-11.932859520987328
-8.469555135089044
-9.561134094674827
-8.880915979277662
-8.365299834720485
-8.60650949866932
-10.467118435489247
-8.588786731975965
-9.110460793325633
-11.218797452528264
-9.065606876605035
-9.661832901925836
-8.861445817325126
-8.981938854860328
-8.316374709041138
-7.9207717074966295
-7.589532965750923
-9.729431944797781
-12.352153402905037
-11.042751045876413
-8.577309786846346
-8.72826215302775
-12.572146400351977
-14.9963
-8.143070478603455
-9.38916571292
-11.305069578925682
-9.049956441157216
-8.7251157920004
-10.715702841509193
-7.3575332768069055
-8.009129235453981
-10.354490194132039
-11.84758119274827
-10.592925952801714
-8.944157738501202
-8.977366834711383
-7.1227081249860085
-7.770810686943716
-8.861445817325126
-10.894675385836976
-8.726768902129844
-9.420387970971056
-10.756551703939662
-11.639312809464354
-9.157389834401197
-7.805411073292914
-8.358755383262654
-8.507218381430224
-8.44963711001649
-11.727188386177412
-6.948617420733883
-10.023822796842738
-8.865635810781786
-10.75106102780009
-8.197834094674828
-12.963126602795736
-7.907141192619206
-7.225490275993837
-9.406781951308531
-8.395222115902298
-8.234985707377646
-12.572146400351977
-8.918869610182547
-8.505677856703556
-7.330124242400542
-10.543125681446318
-10.992265940693219
-7.43285104164623
-8.517661654591585
-10.674282203402054
-10.75106102780009
-10.476496328214017
-10.98343392646521
-11.305069578925682
-10.17836220961367
-11.031162373762735
-7.833104177132758
-13.318828985484998
-8.984238172962446
-8.600948601788756
-9.163075215821008
-9.27603000387049
-8.203980758497504
-11.991423227645177
-8.224680198440806
-7.740518435489247
-9.667862373762738
-9.166199622370616
-10.798452207263272
-9.798155220888795
-12.416807428152067
-9.866640314070386
-9.614095729083406
-9.771440599307587
-10.029180966146379
-10.276012809464353
-11.727188386177412
-8.63956224806851
-9.425365642841115
-8.592567237015677
-7.607724745501739
-8.492197452528265
-8.452457508135764
-8.516158051867581
-7.712975159235086
-11.056398938763833
-10.340666834711383
-10.9064
-9.48666935232379
-12.480877842048564
-9.816659028929932
-12.2697
-11.031162373762735
-12.569586290701007
-7.838854966775578
-8.7251157920004
-8.191992862488648
-8.564816737887103
-11.333557391124078
-8.72519759992117
-12.56235983592982
-11.802875159235086
-9.531375385836977
-7.614636684422643
-9.886395262782447
-11.819800501400167
-9.845546400351978
-6.680170193667171
-12.742475379970074
-12.2697
-10.84943134804581
-10.599588385954997
-10.737553057869572
-10.461227106611371
-10.230446203608993
-10.105173641389717
-9.666840801225625
-7.116288045671795
-12.572146400351977
-9.543099999999999
-8.997776801796418
-7.335505479958783
-9.215159209816331
-8.018569698922214
-8.2230104851837
-10.217729034556472
-8.04579096849678
-8.526275612419655
-8.661857800040089
-7.881512689174268
-10.44525391800528
-10.169257168912438
-10.63933000387049
-9.523877031672301
-10.769564835841226
-11.397888069180135
-9.793166443507612
-11.97320413885318
-13.695381186881367
-9.049956441157216
-11.208846400351979
-10.115981022732303
-8.4942078913604
-7.634479158876101
-10.236526602795735
-11.315374918736264
-9.27043745689118
-9.543099999999999
-9.48666935232379
-6.941262373762737
-8.1798
-8.614363821085862
-8.316128684206275
-13.354723227645177
-10.707183648959857
-7.330124242400542
-8.359157334218619
-10.57169257996897
-12.27565053920516
-12.634527587233347
-11.042751045876413
-9.00534402352962
-8.787991269776406
-10.021161787117737
-11.08467639649076
-8.462832409707032
-13.433783648959858
-11.727188386177412
-13.284986993792662
-11.353428990276235
-8.847073987585325
-10.707183648959857
-12.213269352323792
-8.029033047949033
-9.068255980206443
-7.841738045968949
-11.117577842048563
-11.316794193088706
-8.138492007574651
-12.645594706973245
-10.04279245450835
-8.172092355411538
-8.829076441795793
-11.170634841467766
-11.683818716672718
-13.39293478652939
-8.997776801796418
-12.029634786529389
-8.070310047139643
-11.52797203513727
-8.324634589786406
-11.619240593440683
-10.84301314246249
-10.99432294450117
-10.498973600930647
-11.376549771821642
-7.9508912826249825
-10.38045936560888
-7.229861987108057
-11.736978897770507
-10.722173656378041
-10.657714104335971
-11.048970442984476
-10.968781186881367
-10.707606709833291
-11.562809945764474
-10.694630380123881
-8.877914867333807
-8.34339410730093
-7.955737751709076
-8.843430445827378
-9.48666935232379
-11.042751045876413
-11.25502940409747
-10.047492573677088
-11.383533251995143
-8.57515859775326
-10.303167330834437
-10.658492636554891
-10.366261430104382
-10.52513005517874
-11.448911613822588
-10.558386993792661
-12.332081186881368
-8.918869610182547
-8.963858864780866
-11.249695262782446
-11.448911613822588
-10.408130230198237
-9.68266498644374
-7.159795262782446
-8.156009420458286
-9.383224042632497
-8.318616000047617
-11.282294706973245
-10.939267613743434
-11.117239610867028
-10.75106102780009
-8.67949245450835
-7.717839324434207
-8.370201195641764
-10.930569627997155
-10.388058014174566
-11.58102903455647
-13.193718435489247
-13.023389455871152
-10.628123227645178
-11.267947392321526
-10.813442214681459
-9.953494193088705
-11.217794787314585
-11.282294706973245
-10.255940593440684
-8.592567237015677
-10.363888386177411
-10.290808710366942
-10.04279245450835
-9.218571747604514
-7.803526487084737
-11.208846400351979
-8.861445817325126
-8.1798
-7.679365627766728
-8.1798
-8.498249365531665
-8.227882335327587
-9.134098817458387
-10.9064
-10.388058014174566
-10.255940593440684
-10.852126271529553
-8.452457508135764
-10.633700100907244
-11.52966609542655
-11.322744732293865
-11.076728979618094
-10.935586444146193
-12.842581022732302
-12.891272035137268
-13.067266834711383
-11.031162373762735
-9.218571747604514
-10.224801988632713
-8.861445817325126
-8.304562373762737
-10.667915758542675
-10.402036793905125
-11.830418435489246
-12.293869627997156
-10.510995814329478
-11.39248096614638
-10.852126271529553
-9.815719974542471
-10.869114279720673
-9.897063545412497
-9.343883648959858
-9.48666935232379
-10.592228985484999
-10.5049541938739
-10.473923954867786
-9.789115752675771
-8.588786731975965
-9.235935856223131
-11.04596498644374
-9.00058838617741
-10.0884306642996
-9.543099999999999
-10.526375215821009
-10.085611613822588
-8.87898425271195
-10.174909875242232
-6.807684844601622
-11.521243852880243
-10.774282579266117
-10.215881689322437
-9.88745348230844
-10.888899011559438
-10.902269922794252
-10.238439605000123
-10.624434283205778
-9.695544895941147
-10.231013595762795
-9.646330049311835
-9.679451045876416
-9.508600513884538
-10.188313261789958
-11.562809945764474
-10.029180966146379
-9.343883648959858
-8.75580542928191
-8.011844064308876
-8.1798
-11.660089455871152
-11.889675215821008
-12.029634786529389
-8.043467842166917
-7.864585070432585
-9.543099999999999
-7.402225661734793
-6.2385958777702095
-6.27115323151567
-11.293572641622678
-10.497487844398961
-11.619240593440683
-9.225456402702376
-7.634479158876101
-8.043467842166917
-8.588786731975965
-7.970519831586168
-9.924832416513045
-10.215881689322437
-10.628123227645178
-8.17434849310633
-10.102121708512662
-8.322992864479456
-13.284986993792662
-12.161752207263273
-12.982540593440683
-7.789886490469052
-10.690915719626226
-7.572095614915049
-12.680094193088705
-8.53268802528536
-9.23955259267169
-11.01600792427512
-8.316128684206275
-11.562809945764474
-10.197718496085562
-10.641975725266443
-12.533934841467765
-10.742021559587064
-9.089886647597055
-10.410687787813039
-10.33839399634572
-10.226677421519078
-10.152947420974247
-10.372476228928827
-10.398009066350854
-11.257142828492304
-11.45936463607318
-10.260099682966931
-10.762093775610733
-10.778560930282781
-10.94936719623642
-10.764884387220743
-8.588786731975965
-8.016202535177236
-8.316128684206275
-10.439575159235085
-10.968781186881367
-7.648525332530234
-11.660089455871152
-10.00286224806851
-11.495070589579464
-12.401817420733883
-11.26685802004147
-9.91454300429297
-9.03780294347875
-10.276012809464353
-9.82613240970703
-10.236526602795735
-9.646330049311835
-11.053507428152066
-9.141654193873899
-8.579631647340296
-9.460910779793533
-9.77484609103829
-6.8450026485597695
-8.024461027800088
-9.679451045876416
-11.727188386177412
-9.349987717454225
-13.525052207263272
-8.946314657706965
-7.796667210431173
-9.348127922813593
-9.27043745689118
-10.995698261419642
-10.785760942000339
-8.265665940693218
-10.147992800703957
-11.495070589579464
-10.628123227645178
-9.049956441157216
-10.255940593440684
-7.68408778781304
-7.665170086943317
-8.088869866208329
-10.770034922143951
-8.886749264562807
-8.1201486354036
-8.997776801796418
-8.997776801796418
-11.448911613822588
-10.66633478652939
-9.855497452528263
-9.48666935232379
-7.4213928007039565
-13.067266834711383
-12.623663545412496
-11.015438211777779
-8.674010251755595
-8.929611414284896
-6.998307342352318
-10.934281700765908
-8.456185161585484
-7.5195540290185265
-7.770810686943716
-7.634479158876101
-11.830418435489246
-11.800190013285087
-6.578015758542675
-8.710586999659567
-11.703966834711384
-8.152339185157667
-11.17995902892993
-8.123369352323792
-8.80137203513727
-10.654610172366368
-7.661458014174567
-10.08561161382259
-10.67465015023553
-13.22408784439896
-12.213269352323792
-8.502318616375648
-9.612096603940989
-9.829388200651646
-9.134098817458387
-7.5234492645628075
-10.896419344880423
-11.316794193088706
-12.401817420733883
-6.912723178573704
-13.023389455871152
-13.284986993792662
-9.27043745689118
-8.19055440870005
-12.229641095881753
-12.944329034556471
-13.002612809464352
-7.529340593440684
-9.653420836663699
-9.132705806911295
-11.58102903455647
-10.252669434924325
-12.524755220888794
-12.926109945764475
-13.765117420733883
-13.633
-12.742475379970074
-8.997776801796418
-10.276012809464353
-7.838402410852285
-9.605481186881368
-9.941769578925683
-10.592228985484999
-9.588619241856518
-10.413256441157214
-9.592468054979804
-7.999927158839627
-8.1798
-8.468821534312001
-11.316794193088706
-8.496225180082536
-9.195086993792662
-9.815719974542471
-11.023897575045279
-7.634479158876101
-10.224801988632713
-9.679451045876416
-9.822324848885952
-8.499264059297035
-9.012549877185833
-10.496005806911294
-8.661857800040089
-8.010508056971375
-11.889675215821008
-7.3791859203141685
-11.199059835929821
-12.874592800703956
-7.634479158876101
-7.498149561913176
-8.7251157920004
-9.737598607615253
-9.587980198440807
-10.497487844398961
-8.7251157920004
-9.952074918736264
-8.452457508135764
-9.543099999999999
-11.328755684097127
-13.252975215821008
-8.823782156142103
-11.308562649040862
-11.270132168480213
-10.356825793481008
-8.345411236193206
-8.388445805400474
-10.849969352323791
-10.217729034556472
-9.871304972882237
-10.10824138746106
-9.79181313167915
-12.401817420733883
-7.60278890006195
-10.968781186881367
-11.889675215821008
-8.861445817325126
-11.315374918736264
-11.076728979618094
-11.934992579968968
-11.605584252711951
-11.553906414566669
-10.879206688867233
-9.067388115288185
-9.134098817458387
-11.061147194372355
-11.315374918736264
-7.740518435489247
-8.043467842166917
-9.705586829643597
-9.406781951308531
-8.071852207263273
-11.751358014174567
-11.841804818470731
-11.588476600266329
-10.979401627107677
-9.754277842048563
-9.406781951308531
-10.782870422017533
-10.112873017342467
-9.906832168480214
-8.854429034556471
-11.681621780322052
-9.941769578925683
-10.276012809464353
-10.592228985484999
-12.908434792396292
-13.114658014174566
-9.737598607615253
-8.512615809261693
-8.093969584792587
-11.379175379970073
-8.997776801796418
-8.7251157920004
-8.452457508135764
-10.296789455871153
-9.319037751709077
-12.769392454508349
-11.20589340835933
-10.96746692736907
-6.636190365262327
-10.437962610801582
-9.931412341045197
-7.816846327902668
-8.588786731975965
-9.886395262782447
-8.7251157920004
-12.45603194479778
-12.891272035137268
-7.766452814918647
-9.514212628577953
-8.861445817325126
-8.588786731975965
-10.774282579266117
-12.680094193088705
-13.222605806911293
-9.632398261419644
-7.7431605824678655
-7.529340593440684
-8.697668516254277
-8.779779298088268
-8.86000590781854
-9.754277842048563
-9.250203381956574
-9.762797034597899
-9.697847194372354
-9.789115752675771
-9.024758014174568
-12.634527587233347
-8.1798
-8.602155684097127
-11.406092454508348
-11.52797203513727
-11.703966834711384
-5.4532
-9.841612341577811
-12.394462373762735
-7.622322062179585
-10.66633478652939
-9.573469408909714
-8.799682808122142
-11.599826602795735
-9.897063545412497
-8.829076441795793
-7.442486714422365
-12.401817420733883
-8.271167245472103
-8.21517640422247
-9.798155220888795
-7.809198337808791
-11.39248096614638
-7.509926602795735
-10.073592527678409
-11.249695262782446
-11.921686993792662
-9.153799720629701
-8.760523172706801
-8.7251157920004
-9.503041095881754
-10.968123692458244
-9.103818435489247
-7.412577645305579
-8.7251157920004
-10.340666834711383
-8.977366834711383
-11.376549771821642
-11.511292800703956
-8.542438772662218
-9.754277842048563
-10.900537692918489
-11.776556441157215
-12.480877842048564
-11.002623178573705
-7.3575332768069055
-12.874592800703956
-12.944329034556471
-11.406092454508348
-8.87898425271195
-12.543259028929931
-13.525052207263272
-10.402036793905125
-12.166706827533561
-11.407470973564564
-10.9064
-10.588756402702376
-10.26589164561697
-9.897063545412497
-8.333919317918827
-9.667862373762738
-9.855497452528263
-10.56168546286511
-8.288695869267857
-11.703966834711384
-7.810928520453609
-8.590194193088706
-9.343883648959858
-8.123369352323792
-9.675217420733883
-10.029180966146379
-7.962672210820239
-9.918994706973244
-7.549412809464353
-8.210169408909714
-11.353428990276235
-9.201702410852285
-9.952074918736264
-9.27043745689118
-8.316128684206275
-7.960624219614724
-11.179019974542472
-11.997000100907245
-8.948479463289337
-12.891272035137268
-8.680870973564565
-11.921686993792662
-13.477661027800089
-13.023389455871152
-11.463901621240772
-13.222605806911293
-8.942008648420488
-13.433783648959858
-7.225490275993837
-9.531375385836977
-10.9064
-11.161455220888794
-7.8733411257135275
-13.765117420733883
-8.025828930604574
-9.134098817458387
-11.249695262782446
-10.934902648559769
-10.900508671122124
-10.839301069693741
-10.75106102780009
-10.493052814918647
-10.371036243621097
-8.588786731975965
-7.675378700789575
-12.680094193088705
-12.926109945764475
-10.238439605000123
-10.029793245234526
-13.284986993792662
-11.511292800703956
-13.002612809464352
-13.39293478652939
-12.161752207263273
-8.024461027800088
-8.998000808650659
-8.160004149511323
-8.315629493502634
-7.359011613822588
-8.797998386880264
-7.340075294576828
-6.898953402905038
-10.276012809464353
-11.921686993792662
-8.247965623219068
-8.858141107325222
-11.639312809464354
-9.598938869848652
-10.455670297477491
-9.47600106969374
-10.0884306642996
-7.769405806911294
-9.410982579266117
-9.798155220888795
-9.907927587233347
-11.009630049311836
-9.465521616172987
-9.775810166499463
-10.318102534377248
-10.818524423286942
-8.45241997454247
-10.363651604063806
-9.134098817458387
-10.045552709704342
-8.207681700765907
-11.746444511558877
-10.709726560530278
-7.770810686943716
-9.952074918736264
-12.372930049311837
-11.727188386177412
-9.27043745689118
-8.588786731975965
-11.274526056305795
-8.168656134944039
-7.6679071417605
-11.165385028892919
-10.224801988632713
-7.493539232866261
-11.727188386177412
-11.830418435489246
-8.90058801031335
-12.592218616375648
-12.070483648959858
-12.908434792396292
-7.297089461932328
-9.182073861891098
-10.558386993792661
-8.043467842166917
-8.482246400351977
-9.182073861891098
-9.044320041741695
-12.604596913925167
-11.536491227686605
-11.51957368627999
-10.217729034556472
-7.498149561913176
-8.955021780322053
-11.703966834711384
-8.33280477125156
-12.863826638478507
-9.965697396150771
-11.776556441157215
-10.707183648959857
-8.496225180082536
-7.626260739331103
-13.023389455871152
-12.963126602795736
-10.707183648959857
-7.225490275993837
-8.977366834711383
-11.495070589579464
-8.773290754605126
-12.070483648959858
-11.639312809464354
-7.498149561913176
-11.860787844398962
-7.672664790399881
-10.00286224806851
-9.96666523235677
-10.783832361574667
-11.249695262782446
-10.468247270277674
-9.47600106969374
-10.64692079588444
-12.161752207263273
-10.0884306642996
-9.406264835841226
-9.543099999999999
-10.930569627997155
-11.955528985484998
-8.316128684206275
-12.72946224806851
-10.798452207263272
-11.260363545412497
-11.161455220888794
-10.276012809464353
-10.394257795087125
-10.218469589583824
-11.491878810059008
-10.555434001800016
-10.323608187469715
-10.33230056005261
-10.888899011559438
-7.860082587387154
-8.74107556946517
-8.861445817325126
-10.79746623922996
-12.401817420733883
-10.0884306642996
-8.316128684206275
-9.754277842048563
-8.988863772014389
-8.689210177157605
-10.147992800703957
-9.573469408909714
-9.497533394144641
-12.56235983592982
-9.04738778781304
-9.319037751709077
-7.537288010313349
-9.435152207263272
-9.034709066350853
-9.253824638916084
-10.883178448533972
-12.2697
-7.577422928768271
-14.175511613822588
-11.997000100907245
-8.675376050901457
-10.047492573677088
-9.646330049311835
-7.616577075642138
-8.346979644175738
-12.2697
-8.997776801796418
-11.39248096614638
-10.678296277537811
-11.161455220888794
-11.009630049311836
-11.061147194372355
-9.163075215821008
-9.798155220888795
-8.173908671122124
-10.75106102780009
-11.830418435489246
-11.955528985484998
-11.921686993792662
-7.907141192619206
-9.172498337808792
-8.723793651310256
-10.496005806911294
-11.034093437507119
-10.834038157999053
-10.715702841509193
-7.5691331243381805
-12.572146400351977
-11.751358014174567
-11.406092454508348
-9.406781951308531
-10.75106102780009
-6.617283648959858
-11.802875159235086
-8.397928830919636
-7.225490275993837
-8.043467842166917
-7.763514478033418
-7.697306002386269
-8.591379526151632
-7.587787721547885
-9.679451045876416
-8.395222115902298
-9.055127423084281
-11.448911613822588
-9.134098817458387
-9.195086993792662
-7.711362610801582
-7.907141192619206
-13.688838869848652
-10.894675385836976
-12.27565053920516
-11.239215809261692
-10.234619761639712
-11.06037876640313
-10.2085494139775
-10.606683421932988
-10.364599301212406
-7.301774142945653
-8.902591645616969
-7.7519048184707335
-9.098206320795832
-6.206889455871152
-8.316128684206275
-8.873226602795736
-9.00058838617741
-8.707691768133984
-8.255486773057676
-8.768470589579465
-11.78956957305878
-11.161455220888794
-8.997776801796418
-8.929275390628215
-7.975626896481673
-11.448911613822588
-7.361820253650936
-10.0884306642996
-6.831307858926614
-8.227240520991373
-10.4477044448443
-12.78332424240054
-8.880915979277662
-7.3415106253820275
-9.632398261419644
-10.361053231515669
-11.315374918736264
-11.859305806911294
-9.815719974542471
-12.812211613822589
-10.958353545943336
-7.865628985484999
-7.907141192619206
-10.650753001283649
-9.27043745689118
-11.434291768133985
-9.855497452528263
-8.729759179532445
-12.325538869848652
-9.042283672865228
-10.849969352323791
-8.836209945764477
-11.519907342905995
-12.024134394388845
-8.4208730615846
-8.194110661847716
-8.93049504417915
-9.49987253072601
-8.094964145401933
-10.164672035137269
-6.708552207263272
-13.139856441157216
-7.320337677978385
-9.492076455357548
-8.769500734822838
-10.413256441157214
-8.81506220961367
-8.783050431642016
-7.5723077896771045
-9.886395262782447
-11.619240593440683
-8.482246400351977
-9.845546400351978
-9.94009100014467
-10.746990174497686
-7.940524744841611
-9.598938869848652
-9.420532361574669
-8.674010251755595
-8.555694706973243
-8.14140344699862
-7.071555220888794
-8.002115973410758
-8.7251157920004
-8.602155684097127
-9.406781951308531
-10.798452207263272
-7.699669573058779
-9.257468180674032
-5.995711613822588
-9.54905053920516
-10.774282579266117
-8.434855220888794
-8.854429034556471
-13.433783648959858
-11.287906821666658
-10.318321780322053
-10.17663352614569
-11.323942050532391
-9.711065408945585
-10.748334666878986
-9.430238704647584
-8.579631647340296
-9.941769578925683
-8.592567237015677
-11.859305806911294
-7.31619245450835
-12.480877842048564
-10.82365063424592
-11.161455220888794
-10.66633478652939
-7.634479158876101
-7.871227832569822
-7.225711228325183
-8.229811963327315
-8.378424573212586
-8.7251157920004
-8.09294612098168
-9.990128990276236
-8.979648431628029
-10.581871747604513
-7.361820253650936
-9.343883648959858
-7.794192499755528
-8.850740090117073
-10.82365063424592
-7.916892891163052
-9.352402841509193
-12.680094193088705
-13.252975215821008
-13.433783648959858
-10.276012809464353
-9.618786773057675
-10.526375215821009
-12.787710517374318
-13.101242794877463
-12.119851703939661
-10.974532408236747
-12.010602902168875
-9.243026643574993
-7.6519141526322905
-9.066400363881064
-9.258972484728343
-8.502318616375648
-9.269486378652555
-8.071852207263273
-9.842986290701006
-8.043467842166917
-10.296789455871153
-11.955528985484998
-7.637288386177411
-9.132705806911295
-9.952074918736264
-10.388058014174566
-10.255940593440684
-9.789115752675771
-7.373243038603783
-8.861445817325126
-9.372297550810748
-9.952074918736264
-6.9528510458764154
-11.39248096614638
-11.379175379970073
-11.353428990276235
-12.161752207263273
-8.062065642841116
-12.06143075297517
-11.802875159235086
-7.45003352614569
-10.276012809464353
-9.531375385836977
-7.775356346116455
-7.770810686943716
-7.634479158876101
-10.296789455871153
-12.891272035137268
-10.224801988632713
-12.680094193088705
-9.00058838617741
-8.675376050901457
-7.676448021592752
-7.994706784089687
-12.2697
-12.332081186881368
-8.276023178573704
-8.089886301938101
-10.005830042087862
-9.306558220175292
-10.643872790866286
-10.296789455871153
-8.280919267514088
-10.849969352323791
-9.567269627997156
-10.224801988632713
-9.014971449752409
-8.452457508135764
-8.452457508135764
-8.452457508135764
-8.7251157920004
-8.452457508135764
-8.62056360199842
-9.134098817458387
-9.612096603940989
-7.50298948838434
-8.339178824253763
-8.323124196959197
-11.448911613822588
-9.816659028929932
-8.334547194372355
-8.7251157920004
-9.834790018076326
-10.41842742308428
-10.628123227645178
-8.1798
-11.063458480328354
-10.9064
-10.883178448533972
-8.062065642841116
-8.497236407770162
-8.236941562711204
-8.738821708512662
-8.516785359361029
-8.929275390628215
-10.297635880128501
-10.57169257996897
-10.15627368627999
-10.551194403584006
-12.358998261419643
-9.798155220888795
-11.511292800703956
-11.703966834711384
-11.195190059623245
-10.385596165857681
-11.156014995779161
-11.639312809464354
-10.431555980206442
-10.228935810781785
-10.627014128974594
-10.66633478652939
-8.396074633928896
-7.907141192619206
-9.72137639649076
-9.745879493191284
-10.912350539205159
-10.388058014174566
-9.343883648959858
-10.707183648959857
-10.439575159235085
-10.682337751709076
-10.24228425271195
-9.705586829643597
-10.928292063647264
-10.628123227645178
-10.029584790420653
-10.070991768133984
-10.66633478652939
-7.798530055178741
-11.117577842048563
-9.48666935232379
-11.026067670329358
-10.885460045450618
-10.799439819947946
-10.900508671122124
-8.850740090117073
-13.193718435489247
-13.433783648959858
-13.002612809464352
-11.802875159235086
-10.063815029752403
-10.66633478652939
-10.384614285587578
-10.294678674073404
-7.879726643574993
-7.798219173750134
-10.633700100907244
-11.229940314070387
-7.686656441157215
-6.496437656607123
-9.141654193873899
-9.06296957305878
-9.374253057869572
-12.498040599307588
-9.54905053920516
-10.526375215821009
-11.301366213186649
-10.394257795087125
-11.689124864215382
-11.661147675397144
-8.248131726086529
-10.263888010313348
-10.281344994913905
-10.004150765807053
-10.226865291952885
-11.609454029018526
-10.541844829314167
-9.902470648446252
-10.840359289219734
-11.117577842048563
-10.383144511558879
-10.371036243621097
-10.595021790980192
-10.935524248267445
-10.6027706348845
-8.748025111448577
-8.757373837264442
-10.643872790866286
-6.878881186881368
-8.382579493191285
-9.1066445681448
-8.590194193088706
-6.577224744841612
-10.995698261419642
-10.497487844398961
-10.57169257996897
-8.672647595993743
-10.996387119748865
-11.215794536536501
-10.403048021592753
-11.199059835929821
-11.625191132645844
-9.855497452528263
-8.81333352614569
-9.612096603940989
-11.038517420733882
-11.305069578925682
-8.376770735078088
-10.388058014174566
-10.592228985484999
-10.2747890949388
-10.135945794119586
-9.754277842048563
-8.657861787117737
-8.350128979618095
-11.117577842048563
-9.844560432318666
-11.117577842048563
-11.874295814329479
-7.019279493191284
-7.479223053056398
-8.134809301321328
-11.124554505717114
-9.066876967189714
-8.80137203513727
-10.974964506088869
-7.96472731065231
-11.830418435489246
-8.123369352323792
-12.944329034556471
-8.316128684206275
-8.374298607615252
-9.58606719623642
-8.16654216254156
-10.460948024038595
-7.272285571071024
-9.257468180674032
-11.249695262782446
-11.354690063526526
-7.781669453408376
-11.424410517374318
-8.216434797187532
-9.029712634444856
-7.980583648959858
-8.737301621240773
-10.070991768133984
-11.182785161585484
-10.678296277537811
-7.455234792396293
-10.81954612098168
-11.046714921524599
-11.483973837264443
-11.126955734773334
-10.777607510322845
-10.57169257996897
-7.121914194371331
-13.695381186881367
-9.605481186881368
-10.439575159235085
-8.675376050901457
-10.51342983077771
-9.152573894793939
-10.555106798880841
-10.535481805501236
-10.150630104250213
-8.638276528416293
-10.64692079588444
-9.67744187044068
-8.614363821085862
-8.102221616172987
-10.467118435489247
-8.91681022143784
-11.681402534377247
-9.070916989931444
-11.305069578925682
-11.802875159235086
-11.991423227645177
-7.743019107275883
-8.626828990276236
-9.387761027800089
-9.141654193873899
-7.683319359843814
-9.185300429370505
-12.215426271529555
-9.57973479718753
-9.91304593180087
-10.199509945764476
-8.220226103635515
-11.448911613822588
-7.712975159235086
-12.070483648959858
-10.558386993792661
-10.0884306642996
-11.72435323151567
-10.255940593440684
-8.543532168480214
-10.75106102780009
-8.609450318470172
-11.326343975397258
-10.055175600371753
-10.011941321195906
-10.681527246904643
-10.52017543490845
-10.6160359343485
-8.4734312449536
-8.713496458424212
-8.75894641101012
-8.332244895941148
-8.227882335327587
-9.503041095881754
-9.441601334849205
-10.161298386880263
-10.182531759713008
-8.7139538443483
-8.53592046461826
-8.69342424240054
-9.798155220888795
-9.343883648959858
-11.173416711897216
-8.026742624716734
-11.08467639649076
-11.134740599307587
-10.746524042632496
-10.768156812187916
-10.105173641389717
-11.038517420733882
-8.1798
-11.267947392321526
-7.666412634444857
-6.378731236285613
-9.0844044448443
-7.755836809602403
-8.701943434949879
-7.6303176457927755
-8.550122888211291
-10.860833394144642
-11.52797203513727
-11.366162248068509
-10.592228985484999
-11.239215809261692
-12.114361027800088
-12.33869660394099
-11.328755684097127
-9.435152207263272
-7.93973478652939
-10.9064
-7.045363247863385
-8.873226602795736
-9.918994706973244
-11.74889616585768
-7.5615826670655215
-9.243026643574993
-10.434750630046144
-9.406781951308531
-8.638276528416293
-10.439575159235085
-11.208846400351979
-10.085611613822588
-11.859305806911294
-12.2697
-8.120684206373793
-8.249462229269307
-5.884074876646463
-7.618638854860328
-9.472841448079912
-8.695296604556713
-8.566972641622678
