-6.948617420733883
-12.952714167631175
-13.634482037487667
-10.771447424604375
-9.27184001041383
-9.089886647597055
-8.384667938627146
-8.009397015798697
-8.276023178573704
-12.680094193088705
-9.246604138853183
-7.93973478652939
-7.4296736862799895
-9.178864782668171
-8.863753222018637
-9.211766228225974
-8.482246400351977
-7.226894193088706
-9.9252788692506
-8.575750507377682
-10.944243386528836
-8.350128979618095
-12.407394293995951
-7.226894193088706
-9.408170994885122
-13.089069111824971
-11.72576911182497
-10.771447424604375
-11.80533191054293
-7.637288386177411
-6.273988386177411
-7.226894193088706
-8.097050634245921
-8.776526137886488
-10.363888386177411
-8.67949245450835
-7.289275379970073
-7.637288386177411
-9.163075215821008
-7.637288386177411
-12.29621792497074
-9.178864782668171
-9.845546400351978
-8.873226602795736
-6.273988386177411
-7.93973478652939
-7.226894193088706
-6.3106231833649415
-9.605481186881368
-7.359011613822588
-7.3632243680467155
-5.863594193088706
-8.181204880032421
-9.285782302816301
-7.93973478652939
-8.390977842048564
-10.877512628577954
-10.82365063424592
-10.227053222018636
-7.848466228225974
-7.257263601998419
-8.34046922768617
-8.590194193088706
-12.09343621415733
-10.94821611809902
-10.966407969655448
-8.926009141028095
-8.482246400351977
-12.964967134398806
-8.518041080894072
-8.862851701224468
-8.873226602795736
-7.32311737166241
-8.1798
-10.421196602324072
-10.24432981770767
-8.590194193088706
-8.242181186881368
-7.93973478652939
-7.815564782668171
-9.660971192597179
-12.271182037487668
-9.408170994885122
-11.161455220888794
-7.865628985484999
-10.190606414566668
-9.00058838617741
-8.276023178573704
-8.404260667935011
-8.896081382140679
-11.180429115232656
-11.316794193088706
-10.226114167631177
-6.648321646554309
-12.81644523896512
-9.163075215821008
-8.316329812392466
-7.446591227686604
-9.132705806911295
-11.862124857388306
-8.990273051379525
-9.675217420733883
-8.087642371783001
-11.998496181721418
-7.897447829521587
-9.012549877185833
-7.3972231727068
-8.752681022732302
-8.590194193088706
-10.968781186881367
-8.784692800703956
-6.817904286552504
-10.498824857388305
-12.81644523896512
-8.873226602795736
-10.340666834711383
-8.760523172706801
-7.597462286606293
-7.289275379970073
-8.1798
-8.1798
-10.559090992769443
-8.453862035255622
-11.04409429399595
-9.431411611811082
-5.906561389325126
-12.318390297084175
-9.754277842048563
-9.798155220888795
-8.923010002350397
-10.635196181721419
-9.774400348879045
-8.596144732293865
-6.986828979618095
-9.953494193088705
-12.952714167631175
-10.635196181721419
-11.59350682734823
-12.020661453664294
-10.02312683217749
-7.4819494139775005
-7.637288386177411
-8.047682579266116
-6.787612628577953
-7.302580966146381
-9.460350634245922
-11.260363545412497
-7.226894193088706
-7.3972231727068
-8.128776455357547
-8.045554941518496
-12.22832531712296
-8.699291029673708
-7.48611575539155
-9.789560898206059
-12.057041556998167
-7.32311737166241
-8.96608890006195
-9.605481186881368
-8.123369352323792
-7.570189455871152
-12.271182037487668
-8.311917420733883
-10.806791824479928
-6.443949193440131
-10.877512628577954
-9.30303478652939
-9.06296957305878
-7.93973478652939
-7.60278890006195
-10.558386993792661
-12.524755220888794
-10.9064
-7.359011613822588
-12.722700163509623
-8.047682579266116
-7.500453222018637
-9.833461586353401
-9.343883648959858
-8.776526137886488
-10.255940593440684
-8.1798
-7.359011613822588
-8.350128979618095
-7.1189464003519785
-7.60278890006195
-7.673923183364942
-8.892640593440683
-5.925975379970073
-10.707183648959857
-8.602155684097127
-9.754277842048563
-8.988863772014389
-8.047682579266116
-10.9064
-8.863827818676103
-9.543099999999999
-9.132705806911295
-11.260363545412497
-8.590194193088706
-5.863594193088706
-8.1798
-8.1798
-8.646033062937358
-7.071555220888794
-8.784692800703956
-6.262263772014388
-8.1798
-9.387761027800089
-9.410982579266117
-12.898206888995643
-12.213269352323792
-11.161455220888794
-7.883304138853182
-9.48666935232379
-8.249164776562132
-9.163075215821008
-8.047682579266116
-8.1798
-8.482246400351977
-8.633161389325126
-9.460350634245922
-7.302580966146381
-7.848466228225974
-7.673923183364942
-7.2698613893251265
-8.955021780322053
-8.1798
-12.216455489660776
-11.1260970345979
-11.875815901601367
-12.456942526963708
-10.31664418435283
-11.493620762954036
-9.195086993792662
-9.990128990276236
-10.199509945764476
-8.596144732293865
-8.854429034556471
-9.817176144397237
-11.862124857388306
-13.634482037487667
-12.271182037487668
-8.101540711684914
-8.482246400351977
-7.699669573058779
-6.576434786529389
-9.639323178573704
-8.290120836663698
-14.569705220888792
-9.28362079588444
-9.897063545412497
-9.544493010547093
-12.81644523896512
-11.180429115232656
-6.272584232814024
-10.227053222018636
-7.138361111898808
-8.434855220888794
-6.948617420733883
-12.858370589579465
-8.390977842048564
-8.805616308991004
-9.845546400351978
-9.48666935232379
-10.175239194145748
-7.637288386177411
-8.752681022732302
-10.547664410693466
-7.257263601998419
-9.06296957305878
-6.468486993792662
-8.590194193088706
-8.977366834711383
-8.955021780322053
-10.50232658582693
-10.564633464576517
-9.132705806911295
-8.999180925064671
-9.228928985484998
-12.440028979618095
-10.276012809464353
-9.543099999999999
-6.817904286552504
-9.408170994885122
-8.434855220888794
-9.132705806911295
-8.863753222018637
-11.58102903455647
-13.27513949713419
-11.575779221981625
-7.93973478652939
-7.93973478652939
-7.053612221477963
-5.863594193088706
-12.092015973410756
-11.649610002350398
-12.010220795884441
-6.886039936994663
-8.590194193088706
-7.374001621240773
-9.264823227645177
-7.98270198276581
-9.953494193088705
-7.673923183364942
-7.637288386177411
-8.626828990276236
-9.089886647597055
-9.117769005265812
-9.713428979618095
-10.159165327898622
-9.424372829402742
-9.605481186881368
-7.226894193088706
-7.359011613822588
-8.378424573212587
-11.859305806911294
-9.9906655320336
-8.737301621240773
-7.844465828539835
-7.170463545412497
-8.047682579266116
-8.602155684097127
-8.024461027800088
-7.637288386177411
-11.41301737166241
-7.883304138853182
-8.80137203513727
-7.637288386177411
-8.590194193088706
-7.226894193088706
-8.873226602795736
-9.48666935232379
-9.754277842048563
-8.311917420733883
-7.637288386177411
-7.848466228225974
-6.273988386177411
-7.93973478652939
-6.986828979618095
-9.11808596122269
-9.573469408909714
-8.047682579266116
-7.865628985484999
-7.175870648446253
-7.071555220888794
-8.533763545412496
-7.309347595993743
-11.117577842048563
-8.533763545412496
-6.8165
-9.460350634245922
-8.752681022732302
-9.639323178573704
-9.639323178573704
-9.132705806911295
-8.613131617379555
-6.349675159235085
-10.526720831904292
-7.769405806911294
-7.4640064145666685
-6.285949877185833
-12.271182037487668
-11.04409429399595
-11.89766477564793
-7.831786993792662
-7.93973478652939
-8.276023178573704
-6.708552207263272
-7.637288386177411
-7.635884469082543
-6.986828979618095
-9.514212628577953
-9.369818028389258
-12.271182037487668
-12.134747424604376
-10.189224753317593
-6.196410002350397
-7.4819494139775005
-8.434855220888794
-7.726586647597055
-8.434855220888794
-11.58947669917842
-8.863753222018637
-9.988658494965723
-9.49050489399462
-12.271182037487668
-10.771447424604375
-7.438072035137269
-8.590194193088706
-8.150912628577952
-7.93973478652939
-8.047682579266116
-11.589414167631178
-9.817176144397237
-11.862124857388306
-11.453145238965119
-8.1798
-9.00058838617741
-12.401817420733883
-11.69268890006195
-7.359011613822588
-8.72652287729498
-9.798155220888795
-9.897063545412497
-9.323107002553058
-8.054590779282051
-8.707691768133984
-8.652575379970074
-7.93973478652939
-9.012549877185833
-8.044611773390447
-9.897063545412497
-8.210169408909714
-8.276023178573704
-8.1798
-7.438072035137269
-9.953494193088705
-7.289275379970073
-8.047682579266116
-8.79297368627999
-9.460350634245922
-7.359011613822588
-8.999180925064671
-12.680094193088705
-9.11808596122269
-6.538223227645177
-9.845546400351978
-7.848466228225974
-9.543099999999999
-7.93973478652939
-7.756225648797679
-9.543099999999999
-9.088281799575418
-9.220845566322922
-11.316794193088706
-9.089886647597055
-9.178864782668171
-12.46155085582762
-8.242181186881368
-9.953494193088705
-7.843412937233487
-9.30898532573455
-10.467118435489247
-9.573469408909714
-8.652575379970074
-7.529340593440684
-9.48666935232379
-8.922158379980246
-7.226894193088706
-8.590194193088706
-9.30303478652939
-6.787612628577953
-8.590194193088706
-7.769405806911294
-8.863753222018637
-9.365415973410759
-10.877512628577954
-10.056724242400541
-7.226894193088706
-6.413221519301891
-8.311917420733883
-8.923010002350397
-10.363888386177411
-9.435152207263272
-9.38520861284166
-12.213269352323792
-9.360774438506976
-7.359011613822588
-10.592228985484999
-7.580857738501202
-12.240812628577952
-11.340963821085861
-13.252975215821008
-7.529340593440684
-8.276023178573704
-9.435152207263272
-7.559710002350398
-9.953494193088705
-7.226894193088706
-8.071852207263273
-13.42775850126069
-12.952714167631175
-7.1189464003519785
-12.120651763914035
-11.215499193440131
-7.93973478652939
-8.760523172706801
-8.72652287729498
-13.089069111824971
-7.570189455871152
-9.845546400351978
-7.614066834711383
-7.93973478652939
-10.378699385343522
-8.123369352323792
-6.986828979618095
-8.768795132093523
-9.204760367087845
-7.769405806911294
-7.699669573058779
-8.981386320174646
-11.248638931249474
-10.816398763927225
-5.925975379970073
-8.350128979618095
-11.515780908633035
-10.32814791823246
-9.514212628577953
-11.425832404866485
-10.212479221981624
-12.529675336751298
-10.130731372722735
-11.816486647597054
-11.208846400351979
-9.503594694488873
-7.330124242400542
-11.52331575647253
-11.288041109187034
-11.553906414566669
-11.751358014174567
-7.9544281329820965
-10.410826795594843
-10.236526602795736
-12.480877842048564
-11.112105383840566
-10.048951654038905
-11.630397089536276
-10.407163793616673
-8.649781752964335
-10.818524423286942
-9.29910072775522
-6.130895078337902
-9.965455684097126
-9.435152207263272
-7.661746720465194
-9.228928985484998
-6.192519211793285
-6.788793101091653
-6.189796059716421
-9.406264835841228
-10.085611613822588
-12.680094193088705
-12.48698191054293
-10.252006534666515
-11.921686993792662
-9.690207428152068
-5.663532626106053
-5.958425893543263
-10.340666834711383
-9.745879493191284
-9.132705806911295
-8.933489455871152
-8.1798
-11.633494828384295
-9.068255980206443
-6.859070517425996
-7.812040546357455
-7.630475398379236
-6.322215686668443
-6.953067780242826
-6.738921616172987
-8.358076396490759
-8.071852207263273
-9.531375385836979
-10.363888386177411
-11.955528985484998
-6.390726601402821
-10.9064
-10.548600429370504
-9.618786773057675
-9.667862373762738
-11.58102903455647
-10.814367212879082
-10.3615248155049
-9.30303478652939
-13.950631104806835
-12.971880177540196
-7.699669573058779
-7.591721780322053
-8.578469578925683
-7.541626616911093
-12.161752207263273
-6.498856402702376
-13.222605806911293
-8.139741095881753
-9.789115752675771
-9.797805088578802
-7.115718967427782
-10.711427922813591
-12.345386773057674
-7.93973478652939
-12.572146400351977
-8.523095262782446
-10.131770589579466
-7.270945436961509
-10.849969352323791
-11.328755684097127
-10.363888386177411
-8.768470589579465
-6.136942873577534
-11.053507428152066
-10.955768054979803
-11.52797203513727
-10.467118435489247
-10.217729034556472
-11.463901621240772
-9.561134094674827
-11.463124111053617
-14.888352207263273
-10.80840325943956
-10.220865488861689
-9.675217420733883
-11.751358014174567
-9.30303478652939
-12.161752207263273
-10.592228985484999
-13.633
-8.861445817325126
-7.907141192619206
-8.326697519140316
-10.079720284944713
-11.619240593440683
-10.400523183364943
-6.971247194372355
-8.390977842048564
-7.307287772456911
-10.496005806911294
-10.217729034556472
-10.363888386177411
-14.723600100907245
-14.85993492214395
-14.041974918736264
-8.229168054979803
-11.448911613822588
-11.17995902892993
-11.39248096614638
-7.980583648959858
-12.024134394388845
-5.591267959939043
-6.086725977427234
-6.294145659007678
-8.358076396490759
-6.843765743342768
-11.588101988632712
-6.134849936373283
-8.1798
-6.680170193667171
-11.4871231727068
-6.134849936373283
-10.233797568171873
-10.015875379970073
-7.970487131431726
-7.712975159235086
-7.740518435489247
-6.542643232890353
-7.811101093599111
-5.6314763964907595
-9.897063545412497
-8.260215281556198
-8.979648431628029
-9.450142214681458
-10.056724242400541
-11.208846400351979
-10.413256441157214
-9.561134094674827
-14.30878769291849
-9.875915809261691
-8.123369352323792
-9.675217420733883
-9.435152207263272
-9.365415973410759
-13.222605806911293
-9.754277842048563
-8.276023178573704
-9.675217420733883
-6.978986829643597
-11.117577842048563
-6.533633417355691
-5.57010292907129
-5.393666276226578
-6.162115945183695
-8.737301621240773
-9.875915809261691
-10.707183648959857
-9.543099999999999
-13.354723227645177
-11.58102903455647
-10.798452207263272
-11.109179493191284
-11.772664821105923
-12.572146400351977
-10.9064
-7.673923183364942
-7.9015232276451774
-7.455234792396293
-10.988173249278052
-8.614363821085862
-7.274976528416293
-12.704263821085862
-9.990128990276236
-5.745859835929821
-5.995711613822588
-11.860787844398962
-8.493201818616743
-5.4532
-9.435152207263272
-9.941769578925683
-5.481081700765907
-5.99851995620652
-7.907141192619206
-10.224801988632713
-11.316794193088706
-11.921686993792662
-9.076275159235085
-8.30462834304624
-9.700930918359871
-6.138282056807064
-11.997000100907245
-11.179019974542472
-12.812211613822589
-12.680094193088705
-10.32938890006195
-10.968781186881367
-10.968781186881367
-10.467118435489247
-9.845546400351978
-9.543099999999999
-8.997776801796418
-7.907141192619206
-8.892640593440683
-9.953494193088705
-13.222605806911293
-11.002623178573705
-8.588898980150574
-7.375487464587115
-9.875915809261691
-11.562809945764474
-12.13333492214395
-7.258360284196839
-11.17995902892993
-11.660089455871152
-5.4532
-10.199509945764476
-8.861445817325126
-8.572693204648145
-10.526375215821009
-9.460350634245922
-8.89105500999255
-6.18230453073091
-11.056398938763833
-10.467118435489247
-9.918994706973244
-13.09048838617741
-11.271227587233346
-7.770810686943716
-9.666273917462002
-8.043467842166917
-8.466088200651646
-8.781412605792134
-11.179019974542472
-7.289275379970073
-9.941769578925683
-8.506991935525821
-10.147992800703957
-9.771440599307587
-8.390977842048564
-13.633
-9.96666523235677
-12.401817420733883
-11.889675215821008
-9.068255980206443
-6.134849936373283
-8.861445817325126
-8.452457508135764
-10.94303479718753
-8.955021780322053
-6.224596899270203
-6.149470945530393
-7.378573641389718
-9.872807803871858
-6.191259614648179
-9.049956441157216
-8.057232361574668
-8.588786731975965
-8.29729757504528
-7.770810686943716
-10.514039901586123
-8.397783361427102
-8.81506220961367
-9.440106827533562
-11.448911613822588
-7.4747068323248005
-9.675217420733883
-9.228928985484998
-9.246604138853183
-9.57973479718753
-10.9064
-10.255940593440684
-9.47600106969374
-11.315374918736264
-5.943988043729351
-9.664945748814551
-11.655875390628214
-8.589011228325184
-8.749573017342467
-10.255940593440684
-10.388058014174566
-7.509926602795735
-9.420532361574669
-9.211766228225974
-10.968781186881367
-5.633881573801755
-10.770034922143951
-12.2697
-11.681621780322052
-9.365415973410759
-10.9064
-6.543840071898324
-10.75106102780009
-6.621527922813592
-7.689011393359245
-11.218797452528264
-9.343883648959858
-11.588101988632712
-11.562809945764474
