-9.012549877185833
-6.708552207263272
-8.923010002350397
-9.816659028929932
-9.301064489645618
-9.30303478652939
-8.63956224806851
-10.217729034556472
-10.063815029752403
-9.798155220888795
-7.247249706059549
-8.760523172706801
-9.65263668022628
-10.285790867142058
-10.009658467544163
-9.59378882161768
-7.725898589800643
-8.100147800857764
-6.371466697244384
-6.243186921171953
-9.675217420733883
-9.918994706973244
-9.737598607615253
-8.988863772014389
-9.159952816645989
-10.255940593440684
-9.754277842048563
-8.8452494139775
-10.255940593440684
-10.063815029752403
-9.465521616172987
-8.760523172706801
-7.93973478652939
-9.19180679888084
-7.509926602795735
-9.085278193266555
-10.1238231727068
-10.2085494139775
-8.276023178573704
-10.199509945764476
-9.933126014215995
-7.249400951213088
-8.260215281556198
-10.337211758887378
-8.390977842048564
-9.934245083267228
-7.085378580309449
-7.085378580309449
-7.3893810227323025
-9.906011766804642
-10.125644318107403
-9.079499961966997
-9.31499627753781
-7.810307535422174
-7.149160020899478
-8.610674876646463
-7.446591227686604
-11.002623178573705
-10.877512628577954
-8.608228287763533
-10.728715973410758
-9.754277842048563
-7.7843958143294785
-9.00534402352962
-7.920320795884441
-7.1189464003519785
-8.608855067617785
-8.836209945764477
-9.573469408909714
-10.255940593440684
-9.132705806911295
-9.365415973410759
-10.413256441157214
-10.453186647597056
-11.08467639649076
-10.307457738501203
-6.374405728692655
-8.533763545412496
-9.602200991969546
-8.814591816022233
-8.853504641445701
-10.085611613822588
-9.605481186881368
-8.403803043884377
-9.573469408909714
-9.675217420733883
-9.953494193088705
-9.178864782668171
-6.458376980213497
-9.754277842048563
-8.69342424240054
-9.69988836492169
-10.469944568144799
-10.328272832498339
-9.611132774468373
-10.181834792396293
-10.82365063424592
-8.648654304982825
-6.292022480852239
-7.062515752675771
-10.493052814918647
-8.442161640359346
-10.164672035137269
-8.350128979618095
-9.573469408909714
-7.670155999920847
-9.514212628577953
-8.923010002350397
-8.462832409707032
-10.278358492842605
-11.316794193088706
-10.64692079588444
-8.8452494139775
-8.722311613822589
-9.48666935232379
-9.953494193088705
-9.639323178573704
-9.228928985484998
-9.387761027800089
-8.80137203513727
-8.873226602795736
-9.211766228225974
-6.392931807282296
-9.754277842048563
-9.410982579266117
-11.5718494139775
-9.057729948888616
-8.593161987108058
-8.390977842048564
-8.752681022732302
-8.674570302049412
-9.269926180480207
-9.798155220888795
-7.040503043884376
-9.195086993792662
-8.761313131019023
-11.161455220888794
-7.2388556840971265
-11.038517420733882
-10.296789455871153
-10.686407002553057
-8.984238172962446
-10.661403066158824
-10.707183648959857
-9.918994706973244
-9.410982579266117
-9.387761027800089
-10.164672035137269
-9.076275159235085
-9.845546400351978
-9.514212628577953
-10.255940593440684
-9.228928985484998
-9.48666935232379
-9.343883648959858
-9.28362079588444
-8.592572011764808
-9.84063289773629
-9.907927587233347
-9.811978580309448
-10.60525765526194
-10.085611613822588
-9.172498337808792
-9.147695814329479
-10.015875379970073
-9.264823227645177
-9.538619515802822
-8.696250375056094
-9.333404195439103
-5.887763821085861
-11.727188386177412
-10.009333062937358
-10.363888386177411
-9.821376772354823
-9.216863020106306
-7.0580472509582775
-8.354089353362252
-8.524173377861803
-7.321725893543264
-8.700515029752404
-8.818534792396292
-8.809891227686604
-9.639323178573704
-9.754277842048563
-9.953494193088705
-9.713428979618095
-9.410982579266117
-6.295696165857682
-9.865618616375647
-9.246604138853183
-10.100601621240774
-9.639323178573704
-9.886395262782447
-9.52559901155944
-9.13716309521855
-9.697847194372356
-7.625563772014388
-9.713428979618095
-7.637288386177411
-9.745879493191284
-10.04971737166241
-10.078256566851442
-10.181834792396293
-10.009333062937358
-9.865618616375647
-10.056724242400541
-11.067531940065459
-9.754277842048563
-8.326907428152067
-9.012549877185833
-9.264823227645177
-8.923010002350397
-9.365415973410759
-9.605481186881368
-9.460350634245922
-6.436475215821008
-9.845546400351978
-10.199509945764476
-12.2697
-10.558386993792661
-6.902365940693219
-7.570189455871152
-9.323107002553058
-8.768470589579465
-9.713428979618095
-9.573469408909714
-9.447239577652882
-10.206230932085578
-9.971528287763533
-11.161455220888794
-11.038517420733882
-10.255940593440684
-9.798155220888795
-8.809891227686604
-9.514212628577953
-9.845546400351978
-10.164672035137269
-9.805246262515297
-11.727188386177412
-12.029634786529389
-11.859305806911294
-11.448911613822588
-9.211766228225974
-9.11808596122269
-9.365415973410759
-9.953494193088705
-10.00673537757494
-10.417130437533478
-8.747106024048547
-9.669875920405515
-10.265891645616971
-9.132705806911295
-10.070991768133984
-7.807301677349116
-7.214821402692668
-7.352534363405376
-8.943092963910182
-7.55753268669977
-8.123369352323792
-6.885962463086056
-7.314817137589874
-6.92156550032828
-9.733501195641763
-9.701704365455074
-9.037223183364942
-8.881399897299842
-12.096418028389257
-8.863753222018637
-6.557020795884441
-8.935607789677105
-10.526375215821009
-8.863753222018637
-9.410982579266117
-9.639323178573704
-11.448911613822588
-6.978986829643597
-9.023772046141254
-10.10824138746106
-9.514212628577953
-9.06296957305878
-9.264823227645177
-8.912712809464354
-9.605481186881368
-8.218006927588641
-7.957768881204219
-7.309347595993743
-8.8452494139775
-9.639323178573704
-10.02918096614638
-7.094776772354822
-9.365415973410759
-9.089886647597055
-9.845546400351978
-10.276012809464353
-10.2085494139775
-10.877512628577954
-11.316794193088706
-9.953494193088705
-9.024758014174568
-10.085611613822588
-8.338404365455073
-10.66633478652939
-9.012549877185833
-9.514212628577953
-10.286310002350397
-9.754277842048563
-9.460350634245922
-9.103818435489247
-10.409407628033929
-7.807617365795506
-9.771876107725296
-9.576593815459322
-10.66633478652939
-8.613593893906518
-9.953494193088705
-9.460350634245922
-6.468486993792662
-6.438504203617483
-8.11801118302015
-9.396940648379061
-6.27874402352962
-9.543099999999999
-8.988863772014389
-10.063815029752403
-9.595694622459211
-9.897063545412497
-11.316794193088706
-9.435152207263272
-9.228928985484998
-9.994720894541224
-8.785207200196702
-9.460350634245922
-9.845546400351978
-9.713428979618095
-9.037223183364942
-9.025992787650631
-9.953494193088705
-9.897063545412497
-9.246604138853183
-9.573469408909714
-9.798155220888795
-9.675217420733883
-9.387761027800089
-10.04279245450835
-8.69342424240054
-9.113769487665534
-10.856191796776981
-6.0198041539129665
-6.6314067840896875
-11.409206005167603
-10.339529324914464
-11.69268890006195
-7.75478596122269
-11.619240593440683
-9.410982579266117
-8.521776611009319
-7.7232433619931005
-6.647653057869571
-12.882873686279991
-10.526375215821009
-10.32938890006195
-8.685025893543262
-6.520004138853181
-10.085611613822588
-9.103818435489247
-10.164672035137269
-9.897063545412497
-6.949728600917112
-11.619240593440683
-8.30091883200479
-9.089886647597055
-7.097625568551007
-9.754277842048563
-10.439575159235085
-11.545134792396293
-8.425367381834821
-9.215057136948708
-8.838357861485362
-7.994923383202101
-7.88582130976898
-7.5049815321777364
-8.293698331941886
-8.284088268837829
-10.82365063424592
-6.948617420733883
-8.091924423286942
-7.983763998597066
-7.35856772500971
-9.178864782668171
-9.387761027800089
-8.86000590781854
-6.621527922813592
-10.440922312642622
-9.101005728692655
-9.383224042632497
-9.48131118302015
-9.881132351087759
-8.873226602795736
-10.100601621240774
-10.15627368627999
-6.486860288515256
-10.82365063424592
-9.573469408909714
-11.859305806911294
-11.161455220888794
-9.573469408909714
-9.573469408909714
-10.164672035137269
-10.728715973410758
-9.410982579266117
-10.164672035137269
-9.514212628577953
-9.573469408909714
-8.040619986569713
-6.990789353362252
-7.0580472509582775
-7.405170589579465
-9.97766382108586
-9.456569496313318
-6.724251103104506
-8.060611511122433
-7.8077752731620045
-6.632273656378042
-9.57973479718753
-11.042885972712021
-10.877512628577954
-9.033455999920847
-10.388058014174566
-8.729759179532445
-8.610062280971349
-7.794192499755528
-8.856087310672372
-8.73409188552627
-10.32938890006195
-9.845546400351978
-12.923134676161894
-11.44604849908643
-8.863753222018637
-10.510995814329478
-10.60990413885318
-10.936769408909713
-10.686407002553057
-10.575066228225975
-7.45323556942281
-7.681530230198237
-8.55681288231443
-8.046736018445515
-6.480414921485569
-8.074820001282625
-9.211766228225974
-8.902591645616969
-9.798155220888795
-7.929948222107233
-9.06296957305878
-9.178864782668171
-8.69342424240054
-7.6220911892317655
-8.467145389527442
-9.323107002553058
-9.00534402352962
-12.680094193088705
-10.131770589579466
-9.953494193088705
-8.907630600858868
-8.972739463517025
-7.420899611448302
-7.3319596934169855
-8.728359344813573
-8.635713434945224
-8.042964835841227
-7.470671479328066
-9.643377057319189
-10.449480598864284
-10.38991114140624
-10.15494093688848
-9.583716307738614
-9.62848699969868
-9.773621351928334
-10.877512628577954
-11.076728979618094
-11.208846400351979
-11.002623178573705
-9.52559901155944
-8.96832736649836
-7.1154045732365265
-7.695604828119822
-10.276012809464353
-9.30303478652939
-10.798452207263272
-11.208846400351979
-9.365415973410759
-9.639323178573704
-7.92936614078834
-6.7892501420292
-7.690919234964881
-8.644084382076196
-6.594713085648669
-7.879013731186416
-10.246154029018527
-10.164672035137269
-10.467118435489247
-8.512615809261693
-10.276012809464353
-9.387761027800089
-8.945788713052565
-8.75894641101012
-10.015875379970073
-6.934041605213218
-11.448911613822588
-9.273173417794693
-7.740095676694293
-8.42851313167915
-8.452889315563624
-7.867372944528443
-8.309701297121574
-7.631045434800526
-8.64020615641602
-9.038257065113815
-7.834589519515847
-7.898938555208533
-8.839448278361612
-8.549029642211847
-8.777752106603273
-7.411282787124792
-8.669931656978223
-8.66588096614638
-9.343883648959858
-9.540147008007354
-8.600948601788756
-10.100601621240774
-10.093059179532446
-8.141680959854499
-9.289378445800656
-9.276369506476373
-11.851950759940147
-8.30749343750712
-7.944689406799679
-8.442648792452765
-8.348552217921414
-7.235782474100579
-11.874295814329479
-9.793618235721201
-10.164672035137269
-10.542164782668172
-11.161455220888794
-10.82365063424592
-9.639323178573704
-9.178864782668171
-9.573469408909714
-6.172908859981597
-10.728715973410758
-10.199509945764476
-10.496005806911294
-9.03596479039988
-9.875915809261691
-10.707183648959857
-10.199509945764476
-10.60990413885318
-10.318321780322053
-10.439575159235085
-6.481120150973149
-6.810608671122123
-8.559055588280735
-9.261281400529725
-9.25242783166337
-10.467118435489247
-10.542164782668172
-10.09817757008737
-9.781185081557775
-9.629685079392392
-9.03744997841377
-8.663865965901406
-10.093059179532446
-9.390042624716735
-9.289378445800656
-9.122434134991963
-9.178864782668171
-10.936769408909713
-6.468486993792662
-10.236526602795736
-10.558386993792661
-7.686656441157215
-9.410982579266117
-9.348127922813593
-10.286310002350397
-7.3567954902102795
-7.183304462749968
-10.936769408909713
-10.510995814329478
-7.712975159235086
-10.269919373171243
-9.830926554663375
-10.426269573058779
-10.372235988038058
-10.199509945764476
-9.11808596122269
-8.566972641622678
-9.089886647597055
-10.707183648959857
-9.30303478652939
-10.728715973410758
-10.340666834711383
-9.97766382108586
-10.190606414566668
-9.186920330975193
-10.82365063424592
-11.44965216884994
-8.8452494139775
-8.81441336169429
-7.5362887296252055
-7.811101093599111
-7.264474543312729
-9.754277842048563
-10.015875379970073
-9.089886647597055
-8.700515029752404
-9.264823227645177
-7.006901195641763
-6.337686756398875
-9.462930480014736
-9.34600198276581
-9.427797160292126
-9.223727719234397
-11.002623178573705
-9.675217420733883
-9.754277842048563
-6.332435514284611
-6.178002084449105
-9.399257965103095
-9.514212628577953
-9.953494193088705
-9.132705806911295
-9.323107002553058
-9.132705806911295
-9.605481186881368
-9.132705806911295
-9.953494193088705
-9.264823227645177
-9.543099999999999
-8.722311613822589
-8.290120836663698
-8.948479463289338
-8.002115973410758
-9.845546400351978
-7.97847286716211
-8.892640593440683
-9.195086993792662
-9.037223183364942
-9.953494193088705
-9.435152207263272
-9.754277842048563
-9.543099999999999
-9.132705806911295
-8.58430286421083
-9.897063545412497
-10.164672035137269
-9.365415973410759
-8.96608890006195
-9.754277842048563
-9.543099999999999
-8.275327030736682
-8.482246400351977
-6.975491468226089
-7.818773861891098
-6.743352740682224
-9.713428979618095
-7.211581593420314
-8.073829082779895
-8.191459489641415
-7.5148170277209365
-7.436129839236782
-7.583122710206066
-8.395222115902298
-8.702658931915717
-7.662075079021645
-7.601784344631105
-8.649949771821642
-9.594724804605715
-9.919329937896899
-7.796357305337901
-7.491221553295183
-7.649491589239477
-10.798452207263272
-9.387761027800089
-11.117577842048563
-8.374298607615252
-9.639323178573704
-9.365415973410759
-9.514212628577953
-9.343883648959858
-9.754277842048563
-8.222130899918135
-9.639323178573704
-9.754277842048563
-9.953494193088705
-9.573469408909714
-9.387761027800089
-10.32938890006195
-9.605481186881368
-10.439575159235085
-8.229168054979803
-10.173191227686605
-10.388058014174566
-10.318321780322053
-10.66633478652939
-9.024758014174568
-7.9338434576515136
-9.649864827973206
-9.223727719234397
-10.707183648959857
-6.298158014174567
-8.847073987585325
-6.933997575045279
-10.015875379970073
-9.990128990276236
-7.013883761720006
-6.760607845919054
-9.1416541938739
-8.535380497716103
-10.296789455871153
-6.3106231833649415
-7.962451784632208
-10.388058014174566
-9.441174911074349
-9.639323178573704
-8.572693204648145
-9.410982579266117
-9.323107002553058
-9.132705806911295
-9.573469408909714
-8.74494138746106
-9.897063545412497
-9.845546400351978
-8.722311613822589
-8.454299575064464
-11.727188386177412
-8.861501988632714
-9.343883648959858
-10.877512628577954
-7.603738921024282
-10.510995814329478
-9.09126516665327
-9.31128231678206
-10.246833847951615
-9.696733298922448
-7.509926602795735
-8.001458843654609
-11.448911613822588
-9.049956441157216
-9.839442331857612
-9.48666935232379
-9.675217420733883
-9.605481186881368
-9.460350634245922
-9.103818435489247
-8.714956566851443
-9.147695814329479
-10.276012809464353
-10.035947595993743
-9.91160511071892
-10.297847675397145
-8.738821708512663
-9.845546400351978
-6.221012591000982
-11.316794193088706
-8.311917420733883
-7.940524744841611
-9.531375385836979
-8.350128979618095
-10.558386993792661
-10.628123227645178
-10.592054871774826
-9.522731821127289
-10.426269573058779
-10.60990413885318
-7.700459531371001
-8.65719839918595
-9.953494193088705
-9.195086993792662
-9.037223183364942
-8.977366834711383
-10.015875379970073
-8.95392636156892
-9.30303478652939
-9.323107002553058
-9.953494193088705
-10.592228985484999
-9.953494193088705
-9.773184558351034
-9.514212628577953
-9.675217420733883
-7.8811550487724675
-7.128395907672201
-8.050055623193089
-5.92709479890355
-10.286310002350397
-8.948479463289338
-9.907927587233347
-10.199509945764476
-8.190253022250591
-6.016728839027556
-7.2557697231558205
-9.570361403519879
-10.296789455871153
-10.75106102780009
-10.558386993792661
-6.10017643661049
-6.710281612069006
-6.6166496239121075
-10.400523183364943
-10.307457738501203
-10.542164782668172
-10.774282579266117
-10.728715973410758
-10.575066228225975
-10.66633478652939
-11.316794193088706
-9.246604138853183
-10.108164499769611
-9.182073861891098
-9.90410245563586
-10.352163772014388
-6.224052213130177
-6.8076848446016225
-10.451536650243508
-9.294822706104132
-9.595694622459211
-9.228928985484998
-9.460350634245922
-8.633161389325126
-10.051112127707126
-10.707183648959857
-7.293765810748003
-8.672647595993743
-9.410982579266117
-8.882854029018526
-9.573469408909714
-9.605481186881368
-10.015875379970073
-9.543099999999999
-9.798155220888795
-9.845546400351978
-6.418067297919715
-9.012549877185833
-9.410982579266117
-10.526375215821009
-8.704810625382027
-10.15627368627999
-9.935993204648144
-10.496005806911294
-9.845546400351978
-10.164672035137269
-8.350128979618095
-9.573469408909714
-8.988863772014389
-8.700515029752404
-9.435152207263272
-9.460350634245922
-9.845546400351978
-9.713428979618095
-9.713428979618095
-8.768470589579465
-11.976803381956573
-9.00058838617741
-9.675217420733883
-9.713428979618095
-9.953494193088705
-8.004312909761422
-8.602155684097127
-9.713428979618095
-9.845546400351978
-9.48666935232379
-9.897063545412497
-10.36034655906196
-8.5157402158113
-9.28362079588444
-9.897063545412497
-9.163075215821008
-9.00058838617741
-9.675217420733883
-10.164672035137269
-9.953494193088705
-9.514212628577953
-8.55013528897046
-9.845546400351978
-9.264823227645177
-9.460350634245922
-9.990128990276236
-9.605481186881368
-9.365415973410759
-10.318321780322053
-8.851660173701113
-6.332435514284611
-6.162106534666516
-7.337215029752404
-8.191761491008421
-9.312985838705675
-10.558386993792661
-8.459499457061408
-9.502488014414931
-9.881132351087759
-9.660597575045278
-9.632398261419644
-10.115981022732303
-10.66633478652939
-8.434855220888794
-10.2085494139775
-10.02918096614638
-10.628123227645178
-10.66633478652939
-11.038517420733882
-9.941769578925683
-10.75106102780009
-10.276012809464353
-10.044861438560808
-11.239215809261692
-9.032205579884426
-9.897063545412497
-9.363227158839628
-6.74940106969374
-6.966270147493962
-11.521991289633059
-10.592228985484999
-9.628965940693218
-8.661857800040089
-9.291310172366368
-7.321725893543264
-6.909839499817752
-9.845546400351978
-10.015875379970073
-9.675217420733883
-8.700515029752404
-11.496672955015352
-8.807322574342429
-7.0439705423292995
-6.363562094760516
-7.570189455871152
-9.789115752675771
-10.426269573058779
