-6.9268208366636985
-6.401681823684531
-9.024758014174568
-7.999927158839628
-7.3415106253820275
-8.047682579266116
-6.888832239057654
-10.064528801589518
-10.284236187035177
-10.105705831023005
-6.4065757112805635
-6.570543457651513
-6.733750634245921
-7.104326554663374
-7.45003352614569
-7.6349248155049
-7.987011485626748
-6.026864497457692
-7.203672641622678
-7.743344568144799
-7.345114249818727
-7.541425407439263
-10.296789455871153
-11.161455220888794
-11.739149877185833
-9.713428979618095
-9.897063545412497
-6.590413566259948
-6.882179655953817
-8.315629493502634
-8.944157738501202
-7.815564782668171
-6.831490007418184
-8.031332366051153
-8.740345708497417
-6.879210208099716
-8.659190797029694
-7.699669573058779
-8.43942724103774
-7.545343558620371
-7.295890797029696
-7.877945969549539
-5.9605143389791255
-6.736330480014735
-10.15627368627999
-9.315119600527968
-6.248265807162824
-6.837593913718408
-6.194336187035176
-8.533763545412496
-6.511100607655374
-8.139741095881753
-6.359170243990162
-8.1798
-7.226894193088706
-7.796667210431173
-11.511292800703956
-10.82365063424592
-7.160324136124605
-6.529043607066206
-6.61940198276581
-8.150912628577952
-8.8452494139775
-10.335001014755363
-9.343883648959858
-10.686407002553057
-6.588396277537811
-9.366513422598329
-8.252132239057655
-7.848466228225974
-8.702658931915717
-7.492054873161359
-10.454565166653271
-10.60990413885318
-10.707183648959857
-8.207061403519878
-6.869094622459211
-6.752050173295148
-6.180393197606183
-8.68641737166241
-7.529340593440684
-9.024758014174568
-10.246154029018527
-10.00286224806851
-7.33365902106191
-7.07612724103774
-8.722311613822589
-8.74494138746106
-9.57183384213284
-9.66858518647303
-7.785915901601367
-7.885101025413506
-8.691313460602794
-7.571247675397145
-9.178864782668171
-8.350128979618095
-9.195086993792662
-7.254423506937128
-7.286649771821642
-8.150912628577952
-6.713527733351416
-10.190606414566668
-7.31619245450835
-6.318230230198236
-8.96608890006195
-11.479281022732302
-8.434855220888794
-11.991423227645177
-8.74494138746106
-8.358076396490759
-6.197449640312305
-10.510995814329478
-7.712975159235086
-6.226232965750923
-7.36946463607318
-8.079299772973132
-8.326907428152067
-8.326907428152067
-7.815564782668171
-8.760523172706801
-8.701228801589517
-7.348013025093495
-7.409184663715222
-8.015421559587065
-7.396434266970923
-7.544330600858868
-7.757681192748272
-8.99704655906196
-7.411606236281799
-8.197834094674828
-8.955021780322053
-9.940463573705458
-7.726586647597055
-6.760069352323791
-7.9015232276451774
-7.867372944528443
-9.93829699614306
-6.509335856223131
-7.700460059065422
-8.78223095238707
-8.304562373762737
-8.25886042131468
-6.091934792396293
-6.081577554515808
-9.06296957305878
-6.6381584789876324
-9.639323178573704
-8.533763545412496
-8.390977842048564
-7.9015232276451774
-8.242181186881368
-7.9015232276451774
-7.568078674073404
-7.662692787650631
-8.304562373762737
-7.285341321195905
-7.650459425445473
-8.912712809464354
-7.42800821776358
-8.47245983592982
-8.311917420733883
-11.491004084141103
-7.07612724103774
-7.144144827334626
-6.862658975756877
-6.967414988973147
-7.717025850066929
-7.225711228325183
-7.905235300413928
-6.923264827973205
-8.395222115902298
-6.682019008593606
-9.024758014174568
-8.590194193088706
-8.374298607615252
-7.848466228225974
-6.262263772014388
-9.037223183364942
-6.591627246904643
-8.555694706973243
-6.100706414566668
-8.150912628577952
-8.216434797187532
-5.954270973564565
-7.247374876646464
-8.238900991969546
