-8.825541663134425
-7.9015232276451774
-8.123369352323792
-7.374001621240773
-9.396672811829747
-10.439575159235085
-9.713428979618095
-8.024461027800088
-8.590194193088706
-9.156875434908452
-7.584679400951531
-9.552766293056072
-9.54035591439639
-8.040619986569713
-10.420837552148354
-9.65934546027733
-7.943868558139986
-10.461829249730577
-7.822456030662641
-9.118632398713947
-10.646674457751992
-10.19697232664664
-10.565203362512332
-8.167979368699992
-9.639912765916057
-8.552406466716802
-8.985228124737922
-8.944747580198264
-10.304319760531325
-8.176847008007353
-9.965455684097126
-8.815070537940864
-8.197834094674828
-9.863207181994921
-9.147695814329479
-9.789115752675771
-9.725390470626516
-9.48666935232379
-9.605481186881368
-7.6016728324983385
-8.08180325943956
-9.012549877185833
-7.94171166204601
-8.62056360199842
-8.671751412257999
-9.365415973410757
-9.582892530897496
-8.404668016524965
-9.667862373762738
-10.363888386177411
-11.448911613822588
-7.914827171221096
-9.70181820388508
-8.288364190626861
-6.986817138263165
-7.226894193088706
-7.226894193088706
-7.865599382541707
-8.737301621240773
-8.656612274744525
-9.57973479718753
-9.480950997024152
-8.1798
-7.61978739773685
-9.15349953587175
-8.700515029752404
-7.850160288515256
-10.496005806911294
-10.9064
-9.559572926374067
-9.985673224287698
-8.990025840429002
-8.601355334470266
-8.672764954502153
-9.143158829161885
-7.339432092151899
-7.850160288515256
-8.245479655953817
-7.90337635487685
-9.00058838617741
-9.713428979618095
-9.049956441157216
-8.912712809464352
-7.885101025413506
-7.74760922284111
-9.228928985484998
-8.985391189231766
-8.308228476294484
-7.209393204648144
-7.961852164058703
-9.807334841467766
-8.315629493502634
-9.392333047949034
-9.182301293207823
-9.030941747576351
-9.435176877513372
-9.573407088645755
-9.754320134535254
-9.798200766768826
-9.959504540735473
-9.132646602504748
-10.085611613822588
-10.100601621240774
-10.10824138746106
-10.227147209425324
-10.286310002350397
-9.343820215893658
-9.486696265374873
-9.514240823233411
-9.605448294813518
-9.798200766768826
-9.953494193088705
-9.953494193088705
-10.156190301494672
-10.190606414566668
-10.190606414566668
-10.255841922718487
-10.375849877185832
-10.439575159235085
-12.010220795884441
-12.092015973410756
-12.186950634245921
-12.240812628577952
-12.365923178573704
-12.74254116958814
-7.561215420070615
-9.350296249877765
-11.216341404061069
-9.701818203885082
-11.549260808086494
-12.12145206942659
-8.642253902579254
-9.128281823684532
-8.006518028389259
-8.97076270387921
-7.390941165050527
-9.1234384182921
-9.738735768077138
-8.015404793807875
-9.85843535683879
-9.406824769493289
-9.616472547357729
-10.818982384803471
-8.82305058672554
-9.373067205332664
-7.459041988023266
-8.226497478125037
-8.304494700466389
-11.468017393264695
-11.022390056142925
-10.478058685831204
-9.45098682818902
-8.628037579617542
-8.742405831023005
-9.931259614754811
-9.519856347577935
-8.821272937380932
-8.014133114112987
-8.79956509056338
-9.28362079588444
-9.573469408909714
-9.211766228225974
-9.135509985089106
-7.559710002350398
-8.482246400351977
-6.668032366051152
-9.97766382108586
-11.878013669943892
-8.910957992034449
-9.173507473353844
-9.754277842048563
-9.267728421064785
-9.264823227645177
-8.457792713321107
-7.705817441188889
-9.048101541494907
-7.86529625914239
-9.297143457651513
-8.655212683516329
-7.981718615846242
-10.70968634492305
-8.646033062937358
-7.980526558894464
-8.00206553965385
-8.024424593618534
-8.047737052549307
-8.097089249005146
-8.102268360676124
-8.210107088645756
-8.242145005707231
-8.276089355211152
-8.434914431216077
-8.439413472042792
-8.482221731129785
-8.533752780534593
-8.544660481128584
-8.590194193088706
-8.590194193088706
-8.590194193088706
-8.590194193088706
-8.633135924338683
-8.902521403755468
-8.216434797187532
-6.787612628577953
-9.00058838617741
-7.226894193088706
-12.029634786529389
-9.953494193088705
-6.953007228419679
-9.798155220888795
-9.891705376108854
-10.15627368627999
-10.530296290808257
-12.240812628577952
-9.135509985089106
-8.474936477507676
-8.231150941772675
-9.675217420733883
-9.062982730397577
-9.147650271952843
-9.365372117726343
-9.103888924645492
-10.592228985484999
-10.592228985484999
-10.849969352323791
-11.161455220888794
-11.260363545412497
-9.573469408909714
-9.343883648959858
-11.316794193088706
-14.557018435489248
-10.085611613822588
-7.985917790274883
-10.015875379970073
-9.598938869848652
-10.40052318336494
-7.271199841589055
-9.675217420733883
-9.076275159235085
-9.845546400351978
-8.912712809464352
-10.056724242400541
-10.575066228225975
-9.798155220888795
-9.11591723492936
-10.04971737166241
-9.602200991969546
-10.164672035137269
-10.9064
-8.00206553965385
-8.071867009289978
-8.128716707818713
-8.150938003707445
-8.153801088057836
-8.170979011392257
-8.608191665782726
-8.242145005707231
-8.265727546938738
-8.707713429761961
-8.311943324523472
-8.768510595908557
-8.350117138263165
-8.350117138263165
-8.434914431216077
-8.467631368289991
-8.523121695232604
-8.182767794019354
-11.304387466104108
-10.376638203781253
-6.679504676361245
-8.892640593440683
-8.892640593440683
-7.133468908113879
-10.672987579617542
-9.264823227645177
-9.953494193088705
-8.370553410833327
-8.350128979618095
-10.363888386177411
-10.085611613822588
-10.363888386177411
-10.686759217744623
-6.708567502697242
-7.118920744382276
-7.804524570591235
-7.865599382541707
-9.323107002553058
-10.142131131101177
-9.027857904630846
-11.619240593440683
-8.242181186881368
-7.181327587233347
-8.652575379970074
-10.363841024072904
-7.387602772864215
-8.45941170660157
-9.490182617886697
-8.328136162697058
-7.855905468867011
-10.53405952157231
-10.024323409183518
-10.35691368010324
-8.98309297865162
-9.323459217744624
-8.45151316688878
-10.327707465176937
-7.791271634693437
-7.831786993792662
-7.568078674073404
-8.024461027800088
-7.649373200175989
-7.826873491176974
-10.771447424604373
-10.36246911182497
-9.817176144397237
-9.798155220888795
-9.573469408909714
-10.952775297895542
-10.620700507377682
-9.544493010547093
-10.255940593440684
-10.66633478652939
-9.713428979618095
-11.060100510311134
-8.73654303860378
-13.222605806911293
-12.186950634245921
-11.599826602795735
-10.9064
-10.07350407480004
-11.128344004274012
-9.871304972882237
-11.619240593440683
-9.978822479447878
-8.15839042034288
-8.210169408909714
-9.154579603061702
-9.13418970392097
-7.359011613822588
-9.454257986705379
-8.590194193088706
-8.999180925064671
-9.062982730397577
-9.211715481229342
-9.246622080751308
-9.283563501205059
-9.303054522647232
-9.845497062935411
-10.009398129552862
-9.317013566259947
-8.912712809464352
-8.506662399907238
-11.553906414566669
-10.771447424604373
-9.717389353362252
-7.570189455871152
-7.455234792396293
-7.067018235721202
-6.978986829643597
-6.891850463098518
-6.624517121856977
-8.134233394144642
-10.717949811185306
-9.117733955433785
-8.587839995523238
-10.17325341376678
-9.576767903575828
-7.9311120596108715
-8.18480814211225
-9.705638086995226
-9.823596436754153
-8.086842214681457
-9.671528476294485
-7.617492535688734
-8.985391189231766
-8.55013528897046
-10.388058014174566
-8.712767752280312
-8.814197236973081
-8.696959021061911
-8.701943434949879
-10.236834813998577
-8.492197452528265
-8.63388104859085
-8.086842214681457
-12.064502903455647
-11.598446864480229
-11.070222413667313
-10.799481901635627
-8.024461027800088
-10.391807821101738
-10.837982417920614
-9.116505220888794
-10.164672035137269
-8.219592530897495
-8.3994970345979
-7.813966742110513
-7.625563772014388
-7.403572549021807
-11.13951653146868
-7.573263518160947
-9.809769491055429
-10.009333062937358
-9.71971724664022
-9.843643697211336
-11.002623178573705
-10.439575159235085
-10.592228985484999
-10.592228985484999
-10.728715973410758
-10.628123227645178
-10.246154029018527
-10.085611613822588
-9.089886647597055
-8.669254614403386
-9.225365300429434
-7.980583648959858
-8.719375109080849
-10.107692662867274
-8.79297368627999
-8.350128979618095
-9.141310720427347
-10.899090077155698
-9.47600106969374
-9.793618235721201
-8.238900991969546
-6.846869408909714
-10.255940593440684
-7.883323874971024
-6.576463798849888
-6.889886533100913
-8.809033771103461
-8.030411567005249
-7.684331992267877
-8.728386773881448
-8.670387761862838
-7.522407976822899
-9.034010937944583
-9.80899275716076
-10.406137668382753
-9.598938869848652
-10.085611613822588
-10.32938890006195
-10.496005806911294
-9.024758014174568
-9.037223183364942
-9.037223183364942
-9.062982730397577
-9.089845341572794
-9.195086993792662
-12.137582579266116
-12.572146400351977
-9.283563501205059
-9.303054522647232
-9.411029947054226
-10.774282579266117
-10.798452207263272
-10.877512628577954
-11.076728979618094
-11.117577842048563
-11.260363545412497
-11.316794193088706
-9.996461389325125
-10.01594116958814
-10.029180966146379
-11.802875159235086
-10.063815029752403
-10.085611613822588
-10.164672035137269
-9.250842461236598
-7.957457908939526
-10.070837714096747
-7.69964033629676
-8.41899023876784
-8.389820127683057
-8.903000136684266
-8.22939908241372
-8.37200189038366
-9.933738561241864
-10.13150040900619
-10.172446011852955
-8.214200193660684
-8.430318235721202
-8.110772177660657
-8.157852535332378
-8.792504252154128
-10.116802207263273
-7.918360651460101
-8.019926302459966
-8.120673490205302
-8.590194193088706
-8.590194193088706
-8.602191934615043
-8.210107088645756
-8.633135924338683
-8.63954294163327
-8.73729403060139
-8.311943324523472
-8.82727106794016
-8.955010816096403
-8.578469578925683
-8.590194193088706
-8.714956566851443
-9.255643607066206
-10.413256441157214
-8.873664391059469
-6.506935429522274
-6.986817138263165
-7.084974523041307
-7.13950676792248
-7.1446872092295886
-7.226894193088706
-7.226894193088706
-7.226894193088706
-7.226894193088706
-7.226894193088706
-7.226894193088706
-7.226894193088706
-7.226894193088706
-7.226894193088706
-7.413256958961773
-7.487420783681834
-7.555586114208172
-7.661514757286657
-7.772349799452596
-7.799753402982452
-10.489057124909362
-8.75466086562529
-9.95629010077511
-9.991118996763966
-8.020244213565645
-8.288257414490955
-7.494867455670537
-7.990516911934264
-8.243700899186416
-8.682252709704342
-7.608401014755364
-7.159795262782446
-10.035947595993743
-8.063341321986538
-9.087590046054324
-10.07146410074874
-9.857759730451377
-9.971258818510242
-9.108824683008857
-9.62216042131468
-8.066938704647583
-8.60518420050689
-9.503041095881754
-9.260270424272871
-7.7843958143294785
-8.960555340192002
-10.453186647597056
-11.190798448488394
-9.887909520987328
-9.354551931589908
-10.375849877185832
-9.00058838617741
-10.121151200136413
-11.619240593440683
-11.41404349689633
-11.448911613822588
-8.482246400351977
-10.236526602795735
-7.907100100907245
-8.98881733668499
-9.211715481229342
-10.60265389483855
-10.64692079588444
-10.82365063424592
-10.9064
-10.968781186881367
-11.002623178573705
-11.260363545412497
-11.260363545412497
-11.260363545412497
-11.260363545412497
-11.396096375816242
-11.41301737166241
-11.536577041683014
-11.599826602795735
-11.703966834711384
-11.553181883073742
-11.739149877185833
-11.751358014174567
-11.751358014174567
-11.776556441157215
-11.84468596122269
-11.859305806911294
-11.938366228225975
-12.891272035137268
-12.13522370755367
-10.936769408909713
-7.865628985484999
-10.100601621240774
-11.316794193088706
-10.647229007087283
-10.361529514464966
-9.432690358946388
-11.802875159235086
-7.614066834711383
-9.639323178573704
-9.957667994019028
-7.831786993792662
-9.385145074104116
-8.873226602795736
-9.089886647597055
-9.228928985484998
-9.72137639649076
-8.559617594651531
-10.628123227645178
-9.089886647597055
-9.953494193088705
-10.812125965794953
-8.784692800703956
-7.706284990118401
-10.164672035137269
-8.084317376453647
-9.845546400351978
-10.226114167631177
-8.590194193088706
-9.115204818470733
-10.48138596122269
-10.14256077979353
-8.770072955015353
-7.090564386755876
-7.82674628240266
-13.102573200175987
-9.543099999999999
-11.1967615863534
-10.255940593440684
-8.238900991969546
-9.703122877600642
-9.132705806911295
-9.00058838617741
-8.692419022984474
-10.362706600841156
-8.988863772014389
-10.038658682897754
-8.834418496085561
-8.142514279720674
-8.73276463607318
-10.927644954950438
-7.5950202493945005
-9.531375385836977
-10.04279245450835
-10.015875379970073
-11.824437689985036
-9.555184813998578
-8.830289011722957
-9.639323178573704
-9.514212628577953
-8.334547194372355
-11.316794193088706
-8.74494138746106
-10.085611613822588
-10.164672035137269
-9.672455004108649
-9.82811234188885
-10.654092128307616
-10.21888769291849
-10.609823157340589
-10.45302658442279
-10.9064
-11.69926233126422
-11.316794193088706
-8.257158219048797
-10.9064
-11.038517420733882
-11.117577842048563
-11.456359179532447
-11.639312809464354
-11.639312809464354
-11.73927320017599
-8.533752780534593
-8.533752780534593
-8.561289905517826
-8.590194193088706
-8.590194193088706
-8.590194193088706
-8.590194193088706
-8.590194193088706
-8.590194193088706
-8.590194193088706
-8.596192578563816
-8.693396049087655
-8.707713429761961
-8.714934638603179
-8.714934638603179
-8.768510595908557
-8.89257152220859
-8.933468310760627
-8.955010816096403
-8.955010816096403
-8.966055387406609
-7.939764390952865
-8.00206553965385
-8.047737052549307
-8.05482564261045
-8.131444071445967
-8.17984144660735
-8.242145005707231
-8.311943324523472
-8.346163553533534
-8.374249270198684
-8.482221731129785
-8.517800914382505
-8.528437380955868
-10.774282579266117
-11.002623178573705
-8.72602368659134
-9.745879493191284
-10.9064
-11.727188386177412
-11.379175379970073
-11.727188386177412
-9.063291368156374
-9.387761027800089
-9.634286342976644
-8.590194193088706
-7.953713566259947
-9.369818028389258
-8.661857800040089
-9.100266908406663
-10.352163772014388
-9.953494193088705
-9.653420836663699
-9.54905053920516
-11.260363545412497
-10.64692079588444
-10.173191227686605
-9.875915809261691
-10.217729034556472
-10.276012809464353
-7.949485169777411
-10.774282579266117
-10.968781186881367
-9.444020934242925
-9.462930480014736
-10.9064
-10.015875379970073
-9.747272991160479
-9.059035514284611
-9.50028084068576
-9.886395262782447
-9.228928985484998
-9.170917365795507
-9.745879493191284
-10.358258355948607
-9.48666935232379
-10.181834792396293
-9.639323178573704
-10.707183648959857
-7.7997752158210085
-10.403544492838384
-9.783290840905183
-11.076728979618094
-10.388058014174566
-11.038517420733882
-8.24414297780293
-7.934495521425253
-8.341170342820714
-9.53551943550931
-9.449904425397836
-9.053830437533477
-7.518584211165032
-9.675217420733883
-9.323107002553058
-9.285533798088828
-9.010216448868144
-8.98417780356408
-9.211766228225974
-9.365415973410757
-10.023051933547466
-9.506134181941615
-7.911818640921489
-8.869400795690723
-10.071711828095827
-8.208515901050225
-9.021069069735168
-8.107438157999054
-9.100812959587618
-8.954747798966459
-8.80137203513727
-11.316794193088706
-9.713428979618095
-9.037223183364942
-9.435152207263272
-8.134233394144642
-10.217729034556472
-11.038517420733882
-11.420024242400542
-9.522731821127289
-8.279166012850704
-9.33966958371692
-8.670427355118807
-10.213851707964908
-9.622402182727537
-7.492054873161358
-8.619613872971664
-7.472013543371932
-9.975608046630548
-8.586662896740503
-11.117577842048563
-10.686407002553057
-10.173191227686605
-11.142787689985036
-8.955662057980922
-9.635850595791082
-8.696959021061911
-11.379175379970073
-7.920269230423505
-9.631239759411628
-11.588049999999999
-9.246622080751308
-9.303054522647232
-9.303054522647232
-9.303054522647232
-9.435176877513372
-9.675254426494524
-9.754320134535254
-11.32280454073547
-11.629091302651357
-11.889675215821008
-12.240812628577952
-12.401817420733883
-10.786367393264694
-8.590194193088706
-8.941216918825475
-9.30303478652939
-9.605481186881368
-10.66633478652939
-10.255940593440684
-7.798219173750134
-9.449095212592585
-10.226114167631177
-9.953494193088705
-9.639392838396972
-9.897063545412497
-10.009398129552862
-10.526375215821009
-10.592228985484999
-10.849969352323791
-10.9064
-11.076728979618094
-11.019483924733374
-11.208846400351979
-11.316794193088706
-11.448911613822588
-11.495150604941056
-11.599826602795735
-11.874295814329479
-12.137582579266116
-12.365923178573704
-12.572146400351977
-12.982441922718484
-9.264245594615883
-8.652575379970074
-6.4466775697098875
-7.226894193088706
-7.226894193088706
-7.309374137822006
-7.7843472359189505
-7.865599382541707
-10.029180966146379
-10.363888386177411
-10.439575159235085
-10.66633478652939
-10.75106102780009
-10.078256566851442
-10.100601621240774
-10.10824138746106
-10.296789455871153
-10.296789455871153
-10.48138596122269
-8.353463299396392
-8.313308355948607
-11.357664201384893
-9.089886647597055
-8.991190194132038
-8.453359028929931
-11.316794193088706
-9.00055286282307
-9.089845341572794
-9.163059635140039
-9.264897241479536
-12.891272035137268
-10.628123227645178
-9.411029947054226
-10.774282579266117
-9.573407088645755
-9.713428979618095
-9.897063545412497
-11.763823183364941
-11.90546478266817
-10.199509945764476
-10.97245871036694
-10.378450510311133
-10.739046289984485
-8.019924042632496
-7.838402410852285
-8.747579441316324
-6.82245053920516
-9.68187389327998
-9.311502996238739
-10.104569411840174
-8.592858637735487
-8.342743332375278
-8.083577472708047
-10.173422057762531
-7.572487540546584
-8.418913875152569
-8.966215393512211
-9.725513793616674
-7.1239010206222675
-8.216434797187532
-8.82838992855763
-9.012549877185833
-9.024819691727327
-9.040389382889387
-9.103888924645492
-9.147650271952843
-9.195086993792662
-9.228894158646533
-9.303054522647232
-9.303054522647232
-9.365372117726343
-11.78956957305878
-11.889675215821008
-11.921686993792662
-9.573407088645755
-9.573407088645755
-9.639392838396972
-9.639392838396972
-9.675254426494524
-9.675254426494524
-9.754320134535254
-9.845497062935411
-9.977602149957512
-10.148075038868848
-10.164672035137269
-10.199599660692623
-10.32938890006195
-10.426269573058779
-10.66633478652939
-10.849969352323791
-10.877512628577954
-11.325780722737974
-11.58102903455647
-11.681621780322052
-11.69268890006195
-9.741109946134412
-9.542966813389626
-8.370201195641764
-7.874400607655374
-8.368488372230455
-7.9827083491835555
-8.008746913204462
-8.047737052549307
-8.123398956747268
-8.17984144660735
-8.975272225735281
-8.210107088645756
-8.276089355211152
-8.418416334138666
-10.80679182447993
-11.394167790274883
-9.907927587233347
-11.117577842048563
-11.234604972882238
-9.135509985089106
-8.093828239847499
-8.655550649572653
-8.862851701224468
-9.680831649979885
-8.453862035255622
-10.144677592364797
-8.999180925064671
-9.358873656378043
-9.573469408909714
-7.726586647597055
-10.08984523896512
-9.91343528897046
-7.154532351087759
-10.227053222018636
-12.2697
-12.029634786529389
-10.26589164561697
-8.722311613822589
-9.387761027800089
-8.809891227686604
-9.460350634245922
-9.089886647597055
-9.902159542530951
-10.60990413885318
-11.316794193088706
-12.580486017568635
-10.19707840097346
-7.3893810227323025
-12.064502903455647
-9.060204893423172
-8.935607789677105
-10.877512628577954
-10.9064
-9.897063545412497
-8.099241221323332
-10.125141824479929
-9.502369575992232
-7.617492535688734
-8.683765973410758
-8.608228287763533
-8.944157738501202
-9.845546400351978
-7.650459425445473
-9.28362079588444
-9.460350634245922
-9.754277842048563
-8.517832351087758
-7.984827922813592
-10.164672035137269
-7.60278890006195
-9.675217420733883
-9.30303478652939
-10.3580260790959
-11.739273200175987
-7.383846513735831
-9.20740031944565
-8.4701615863534
-9.937363683249178
-9.000943843694909
-9.405414210532392
-8.61804857212142
-9.429048138768906
-10.330338921024282
-10.581170296720341
-10.752817928111565
-9.83575983592982
-10.592228985484999
-8.219592530897495
-9.04610762803393
-8.290120836663698
-10.592228985484999
-9.534284844601622
-8.926134408900007
-7.763514478033418
-8.390977842048564
-9.82613240970703
-9.31239113113442
-8.904554139379183
-7.3407164188239875
-7.786779911556894
-8.225958975756877
-9.39463236605115
-8.024461027800088
-9.04800423640469
-9.882270553662611
-9.743889518845162
-8.955021780322053
-8.561306821666658
-9.392333047949034
-9.163075215821008
-8.02907307726876
-10.309914489809048
-9.158978853821097
-10.388058014174566
-8.395222115902298
-9.073590013285088
-8.120684206373793
-10.856775096504776
-8.424358191610924
-8.444034841467765
-9.867237863114298
-11.453573707553671
-7.172920296720342
-10.396397631391224
-8.388271544377135
-10.02704790716474
-9.229955110718919
-8.737886096916494
-8.22276719623642
-7.848466228225974
-6.912723178573704
-10.92314690772966
-10.913895003709092
-9.897945628999164
-11.62758021065734
-11.859305806911294
-10.9064
-10.164672035137269
-7.686656441157215
-12.680094193088705
-10.66633478652939
-10.891956314288976
-9.076275159235085
-8.350128979618095
-10.668713318287804
-10.554903431985936
-12.680094193088705
-12.623663545412496
-10.936769408909713
-10.628123227645178
-11.17995902892993
-8.617853490181188
-10.798698956034162
-7.521498443466186
-8.892640593440683
-10.006912062711447
-11.64557768922013
-10.154318583288035
-8.386763776805626
-7.843412937233487
-10.08561161382259
-8.276023178573704
-10.438964143881766
-9.06296957305878
-8.572693204648145
-10.569085482721764
-9.679409987271235
-9.077500986384488
-9.897063545412497
-9.055127423084281
-6.590413566259948
-9.111985486782281
-8.476363938943361
-7.031922115902297
-9.839442331857612
-9.694014988973146
-8.572693204648145
-8.700515029752404
-8.55013528897046
-9.935993204648144
-10.190606414566668
-9.007736243621098
-10.968781186881367
-9.365822338379974
-11.382852903455646
-8.706549276338436
-9.512205591510074
-11.553181883073742
-11.294010890161026
-8.652575379970074
-7.833433931341883
-7.755138386066205
-9.558090007418183
-10.548503207283334
-7.940861869313157
-10.496005806911294
-9.675217420733883
-8.652575379970074
-12.029634786529389
-8.863753222018637
-11.12678180099921
-10.856149886486564
-10.103732244822808
-8.390977842048564
-10.422751105162781
-9.476344783623654
-9.639323178573704
-11.776556441157215
-9.486696265374873
-12.137582579266116
-12.891272035137268
-9.971467252387244
-10.078256566851442
-10.10824138746106
-10.164672035137269
-10.164672035137269
-10.199599660692623
-10.707183648959857
-10.774282579266117
-10.774282579266117
-10.849969352323791
-9.30303478652939
-10.774282579266117
-9.141654193873899
-7.407575766890461
-10.255940593440684
-7.874994727935576
-8.67949245450835
-7.584096071098339
-8.81074992786204
-10.726651259810858
-11.620499980830832
-9.279813235063362
-10.834478982551547
-10.58856410855233
-11.52797203513727
-6.733750634245921
-6.787612628577953
-9.439832850892293
-9.169340604098826
-8.854429034556471
-11.385790797029696
-11.076728979618094
-9.598938869848652
-12.029634786529389
-10.798452207263272
-8.370201195641764
-9.410982579266117
-8.912712809464352
-10.426269573058779
-11.727188386177412
-10.015875379970073
-11.245135661874444
-11.013080982736291
-10.675012925033464
-9.460376377138909
-9.845497062935411
-9.897063545412497
-10.01594116958814
-11.002623178573705
-11.161455220888794
-11.416520807031475
-11.590447209425324
-11.889675215821008
-10.686407002553057
-9.028470086943317
-11.859305806911294
-9.11808596122269
-9.639323178573704
-8.626828990276236
-8.799682808122142
-12.868041546575327
-11.624800338251788
-9.845546400351978
-9.303054522647232
-9.514240823233411
-10.085611613822588
-10.363888386177411
-10.686407002553057
-10.9064
-10.936769408909713
-11.002623178573705
-11.208846400351979
-11.208846400351979
-11.208846400351979
-11.39248096614638
-9.865618616375647
-9.80272724103774
-9.58606719623642
-9.589258975756877
-9.589258975756877
-9.947602864210827
-9.119531807282296
-7.959807002553058
-9.953494193088705
-8.955021780322053
-7.939764390952865
-7.939764390952865
-7.939764390952865
-7.959804960923243
-7.959804960923243
-7.980526558894464
-8.00206553965385
-8.024424593618534
-8.024424593618534
-8.026742624716734
-8.084274547141744
-8.242145005707231
-8.36211463739185
-8.482221731129785
-8.482221731129785
-8.487265704472067
-8.533752780534593
-8.590194193088706
-8.590194193088706
-8.590194193088706
-8.590194193088706
-8.590194193088706
-8.596192578563816
-8.652634590297358
-8.693396049087655
-8.73729403060139
-8.73729403060139
-8.768510595908557
-8.768510595908557
-8.82727106794016
-10.035947595993743
-8.487201020622267
-8.304562373762737
-10.707183648959857
-8.262253402905037
-10.689682660519297
-9.70808503447732
-9.380900988104031
-10.144385583598138
-9.581153714661017
-8.397860028958922
-11.178118726213738
-9.775810166499463
-9.342039176740158
-7.673334108429344
-10.61483820029617
-6.986828979618095
-7.636685086193861
-8.517832351087758
-7.673923183364941
-9.543099999999999
-10.255940593440684
-9.953494193088705
-10.363888386177411
-10.496005806911294
-8.350128979618095
-8.723611043401695
-9.82613240970703
-11.426642710387654
-11.468017393264695
-12.982540593440683
-10.04971737166241
-9.195086993792662
-13.986963545412497
-12.092015973410756
-11.208846400351979
-8.593161987108058
-7.68408778781304
-7.656544511558878
-7.574433729724887
-7.436382808122142
-7.157157959236191
-8.806468827017602
-11.316794193088706
-9.983863601998419
-10.40052318336494
-10.093059179532446
-9.713428979618095
-9.410982579266117
-10.936769408909713
-9.082260585743274
-10.64692079588444
-10.190606414566668
-10.425393723799818
-7.727137670128384
-9.135247804429966
-8.730718904335593
-8.55290847280938
-9.358873656378043
-11.076728979618094
-9.524165416343363
-10.453186647597056
-10.439575159235085
-11.038517420733882
-8.462832409707032
-10.015875379970073
-10.75106102780009
-10.15627368627999
-10.296789455871153
-10.131770589579466
-9.104658733622527
-11.117577842048563
-10.886422270983875
-9.369818028389258
-11.208846400351979
-11.793247096544352
-11.260363545412497
-10.707183648959857
-6.674751333225537
-7.375445611389343
-9.966477835849831
-10.090838124947883
-9.906383417940674
-9.215168987915245
-9.31499627753781
-10.318321780322053
-8.919901996960563
-10.60990413885318
-7.294960176950316
-8.809891227686604
-8.242181186881368
-9.012549877185833
-8.96608890006195
-8.988863772014389
-10.496005806911294
-8.378045522865863
-8.05916094200034
-9.096197592529126
-9.745879493191284
-9.57973479718753
-7.744762709342981
-10.755664181396604
-8.595017224227409
-8.426496141009261
-9.076275159235085
-7.959807002553058
-8.1798
-8.097050634245921
-8.350128979618095
-8.434855220888794
-7.7843958143294785
-6.617283648959858
-8.390977842048564
-9.163075215821008
-10.227053222018636
-8.216434797187532
-9.232422055600178
-9.615432239057654
-8.434855220888794
-9.044830230198237
-10.2085494139775
-8.097050634245921
-10.276012809464353
-8.79380818066363
-9.694323200175988
-11.619240593440683
-9.996384636938295
-11.553181883073742
-11.295086278975848
-9.33049913015181
-8.93959352436552
-10.477175305345297
-8.262253402905037
-9.821376772354823
-9.312985838705675
-10.15627368627999
-9.211766228225974
-8.69342424240054
-9.30303478652939
-9.354649811185308
-7.5195540290185265
-9.514212628577953
-9.195086993792662
-7.690530437533479
-9.095420086631968
-9.616274422757538
-9.264823227645177
-9.279424224713575
-9.551751042551139
-8.640087353451129
-10.16370695903045
-9.91343528897046
-11.117577842048563
-9.830926554663375
-10.798452207263272
-9.959444732293866
-10.236526602795735
-10.707183648959857
-7.364812658350227
-9.522731821127289
-11.379175379970073
-11.208846400351979
-9.965455684097126
-8.325391233553509
-10.085611613822588
-10.363888386177411
-9.605481186881368
-10.164672035137269
-8.482246400351977
-9.639323178573704
-8.608228287763533
-9.246604138853181
-9.089886647597055
-7.090564386755876
-9.29910072775522
-10.8259719889968
-8.370201195641764
-8.772484663715222
-9.22200406833094
-8.811609875242233
-8.748025111448577
-9.31499627753781
-7.733511564751115
-8.13698084068576
-7.965963803271253
-7.943695160273546
-7.149315809261692
-7.175870648446253
-7.040503043884376
-7.890524638916084
-7.9015232276451774
-7.916513235063362
-8.015421559587065
-8.047682579266116
-9.201702410852285
-8.197834094674828
-8.655212683516329
-9.132705806911295
-7.284688178639677
-7.6349248155049
-7.144144827334626
-7.283384051092197
-8.626199459470326
-9.97766382108586
-10.453186647597056
-10.82365063424592
-11.859305806911294
-10.439575159235085
-9.387761027800089
-9.28362079588444
-7.387824980661429
-7.673923183364941
-7.446591227686604
-6.468486993792662
-8.608228287763533
-9.605481186881368
-6.888832239057654
-8.716837546412032
-9.845546400351978
-9.460350634245922
-8.486386843139995
-8.96608890006195
-7.539291645616969
-6.681574294799308
-9.408170994885122
-7.798219173750134
-7.959807002553058
-12.70088792204916
-13.633
-10.139826137886487
-9.513810131121538
-7.226894193088706
-9.163059635140039
-9.387715485423453
-9.460376377138909
-9.543129604423475
-9.897063545412497
-10.388058014174566
-10.936769408909713
-12.74254116958814
-9.897063545412497
-8.72652287729498
-7.908543755001881
-9.089845341572794
-9.303054522647232
-9.365372117726343
-9.460376377138909
-9.754320134535254
-10.363888386177411
-11.076728979618094
-10.66633478652939
-9.01740296720342
-9.754277842048563
-9.30303478652939
-9.047174274039925
-8.618075893854613
-12.623663545412496
-7.890524638916084
-10.164672035137269
-10.66633478652939
-7.251063821085861
-9.860536407770162
-10.592228985484999
-7.30258096614638
-6.68580051600724
-7.694369962084614
-10.01594116958814
-10.363888386177411
-10.426269573058779
-7.533300967184841
-6.191799165970943
-6.839716909626673
-7.027715905150637
-7.027715905150637
-7.113058491051362
-7.226894193088706
-11.944470296720342
-9.597163622264851
-8.088776801259414
-9.845546400351978
-9.817176144397237
-10.771447424604373
-7.908543755001881
-10.635196181721419
-7.720257428080373
-10.2085494139775
-9.427797160292126
-9.387761027800089
-10.340666834711383
-10.164672035137269
-9.242181831121218
-11.427115029752404
-9.642816248688884
-9.990128990276236
-8.431372394439894
-6.937273625479138
-10.827594094717213
-12.742475379970074
-8.652575379970074
-9.680831649979885
-10.08984523896512
-11.654108710366941
-9.784647250958278
-12.680094193088705
-12.029634786529389
-10.190606414566668
-8.96832736649836
-13.55025063424592
-11.938366228225975
-7.2553968416484755
-6.888832239057654
-7.926078445800656
-7.036197034597899
-8.390977842048564
-7.926078445800656
-7.404371030150487
-7.221002864210828
-8.200893913718406
-8.700515029752404
-9.653420836663699
-7.591721780322053
-7.637288386177411
-12.623663545412496
-13.477661027800089
-7.815564782668171
-7.221002864210828
-8.55013528897046
-8.255486773057676
-8.276023178573704
-10.34551191099084
-10.439728110327916
-7.5352911326458445
-8.628090063526527
-7.733511564751115
-8.603365232356767
-8.711313025093494
-9.483984206373794
-9.455224423286943
-9.385488189434428
-9.427797160292126
-8.590194193088706
-8.608891264557649
-7.921370025831116
-9.508113492016939
-10.093059179532446
-8.44867858030945
-8.062065642841116
-7.980583648959858
-7.980583648959858
-7.9338434576515136
-7.920320795884441
-6.6518973317233066
-9.376483093150656
-7.191836410216007
-9.246604138853181
-10.575066228225975
-11.038517420733882
-9.902470648446252
-10.1238231727068
-10.029180966146379
-10.9064
-9.551507290513005
-9.505110407385299
-8.242181186881368
-10.016314278247041
-9.103818435489247
-9.06296957305878
-8.836209945764477
-9.024758014174568
-8.733626500641826
-5.925975379970073
-10.968781186881367
-8.276023178573704
-9.947602864210827
-9.935993204648144
-9.378721559587065
-8.842529301422683
-8.680936930945549
-8.490586017568635
-9.043863793616673
-8.533763545412496
-8.935607789677105
-10.496005806911294
-9.817176144397237
-9.639950412227165
-10.52606368007734
-10.25446409744436
-9.253824638916084
-8.390977842048564
-8.37429860761525
-7.907100100907245
-7.796667210431173
-7.21169699614306
-8.497236407770162
-8.714956566851443
-8.467626554663374
-8.434855220888794
-8.25886042131468
-9.702832029648517
-9.28362079588444
-8.840860936040713
-10.496005806911294
-8.892640593440683
-10.164672035137269
-8.84461947367542
-7.663133091042752
-11.534076103631635
-11.727188386177412
-10.968781186881367
-9.517520337107765
-8.114735271945861
-8.787164928166792
-8.282495601529975
-9.048670721504998
-8.776526137886488
-7.312611801391807
-9.387761027800089
-7.848422247244257
-7.869144828102236
-11.859305806911294
-9.211766228225974
-10.9064
-11.260363545412497
-11.316794193088706
-11.639312809464354
-12.186950634245921
-12.240812628577952
-8.922978841398459
-8.944103916068805
-7.907044071350193
-8.123398956747268
-8.590194193088706
-8.784733918358558
-7.2388556840971265
-9.00058838617741
-8.568112341045197
-8.684172338379973
-10.15627368627999
-7.569238672723731
-10.217729034556472
-10.015875379970073
-11.435350303827686
-8.242181186881368
-7.6918274230842805
-10.927193728960455
-11.739273200175989
-11.299424552126013
-8.923831186881367
-10.968781186881367
-7.6918274230842805
-7.671409066350853
-8.107438157999054
-10.66633478652939
-10.40052318336494
-10.97245871036694
-8.060755831023005
-10.373516448868145
-10.653461591682472
-7.66022581046826
-8.760523172706801
-9.555956748812992
-8.2145482092912
-8.458076772354822
-8.700515029752404
-10.66633478652939
-10.015875379970073
-9.798155220888795
-9.211766228225974
-8.145300513884537
-9.561134094674827
-10.82365063424592
-9.163075215821008
-8.484718527814815
-12.480877842048564
-7.769405806911294
-7.3972231727068
-11.479281022732302
-10.612360890161025
-9.754277842048563
-8.768470589579465
-9.30303478652939
-12.365923178573704
-12.680094193088705
-9.056427256026064
-8.11801118302015
-9.179427549356134
-10.485821717474938
-7.679775412768333
-8.006518028389259
-7.169779292892205
-9.864323432582522
-8.44195164505211
-7.9731510782234185
-9.89365798963883
-9.807334841467766
-8.72652287729498
-10.971232869205082
-11.748861216319952
-10.581170296720341
-10.015875379970073
-9.343883648959858
-13.222605806911293
-11.816486647597054
-10.667743499219082
-8.200893913718406
-8.1798
-12.812211613822589
-12.332081186881368
-12.240812628577952
-11.096801195641765
-11.536491227686605
-8.43942724103774
-8.279516248688884
-8.094481980901746
-6.9872238270266465
-6.757652173641178
-8.475678702671775
-11.52797203513727
-8.46666461510624
-8.479789649044132
-8.827306414566667
-9.147695814329479
-9.228928985484998
-9.376285028683832
-9.941769578925683
-9.128281823684532
-8.622436266713542
-9.543099999999999
-8.608228287763533
-9.48131118302015
-10.085611613822588
-7.8419053220449815
-8.890670296556914
-7.769405806911294
-6.834534094674828
-9.024758014174568
-7.939764390952865
-8.126126212034828
-8.210107088645756
-8.225920572223972
-8.323124196959197
-8.434914431216077
-8.482221731129785
-8.572744941500803
-8.590194193088706
-8.590194193088706
-8.626866783418617
-8.776558581168075
-8.094481980901746
-11.944470296720342
-10.974314746751316
-10.993842850451765
-10.806791824479928
-11.344713628013032
-11.011988921024281
-9.664218832004789
-9.361046406218883
-8.139741095881753
-8.242181186881368
-9.785468435489246
-8.833524799814477
-8.467496601535645
-7.800243011810247
-8.966194307516716
-7.492242710346778
-9.456735296840524
-10.275309633757043
-10.460111564751115
-11.067659308187825
-9.680831649979885
-10.08984523896512
-7.77221444673964
-10.82365063424592
-10.318321780322053
-9.049956441157216
-8.722311613822589
-10.798452207263272
-10.849969352323791
-12.2697
-7.924085724007607
-8.00206553965385
-8.071867009289978
-8.091909111234928
-8.17984144660735
-8.18570269680142
-8.216378111996836
-8.238871552574363
-8.311943324523472
-8.311943324523472
-8.395243413899285
-8.42577987051054
-8.482221731129785
-8.533752780534593
-8.590194193088706
-8.73729403060139
-8.768510595908557
-8.776558581168075
-8.83627274478676
-8.83627274478676
-8.86380961267225
-8.944103916068805
-8.578469578925683
-7.5462528824492
-8.533763545412496
-9.17408354268392
-9.767103043884376
-9.072251993128795
-12.2697
-9.953494193088705
-10.100601621240774
-9.713428979618095
-9.163075215821008
-9.615432239057654
-11.545134792396293
-9.62216042131468
-8.458076772354822
-8.403803043884377
-9.543099999999999
-11.076728979618094
-11.316794193088706
-9.924606821666659
-9.135673600930646
-11.208846400351979
-9.378721559587065
-9.230672944528443
-10.247358463542739
-8.453862035255622
-8.590194193088706
-10.891956314288976
-10.936769408909713
-11.076728979618094
-11.208846400351979
-11.260363545412497
-11.32280454073547
-11.340902149957513
-11.52797203513727
-11.639312809464354
-11.715463772014388
-11.715463772014388
-11.739149877185833
-12.070483648959858
-12.623663545412496
-6.6388159734107575
-7.912769602478137
-7.939764390952865
-8.038331009030065
-8.047737052549307
-8.071867009289978
-8.16511661810753
-8.17984144660735
-8.311943324523472
-8.350117138263165
-8.590194193088706
-8.590194193088706
-8.80137203513727
-6.502300253195385
-6.672849084819989
-7.226894193088706
-7.262203977058613
-7.446658161536618
-7.59171300892529
-10.496005806911294
-8.507444827334627
-7.232844732293866
-9.767103043884376
-10.66633478652939
-8.139741095881753
-10.20334042034288
-9.731550484851674
-9.789115752675771
-9.385488189434428
-9.029712634444856
-8.942008648420488
-10.04279245450835
-9.830926554663375
-10.085611613822588
-9.06296957305878
-7.637288386177411
-8.390977842048564
-11.078047631391222
-10.078256566851442
-8.765278810059009
-7.438072035137269
-8.497236407770162
-7.955737751709076
-7.759134134991963
-7.937764489645619
-7.699669573058779
-7.109159835929821
-7.781367297919716
-7.579782218374066
-8.128776455357547
-8.487201020622267
-8.603970934370901
-8.242181186881368
-8.517832351087758
-8.02887298477477
-9.211766228225974
-8.46371938323222
-7.226894193088706
-9.61266233775252
-10.703389643094013
-9.543099999999999
-10.361529514464966
-10.84034128963306
-9.72137639649076
-8.571829432390434
-8.912712809464352
-8.274286887182392
-8.644784487347204
-9.089886647597055
-8.902591645616969
-9.163075215821008
-9.640349303807625
-8.047682579266116
-9.567269627997156
-10.82365063424592
-8.662526432146361
-9.776805326425887
-9.178864782668171
-9.159407816541027
-9.154189405029506
-7.261014873262148
-8.236749165970943
-11.818935075994014
-8.495274963931019
-9.893890266491539
-9.429425977790956
-10.426269573058779
-8.210169408909714
-11.076728979618094
-12.650322048512614
-8.168075385836977
-7.305278345149761
-8.091924423286942
-9.514212628577953
-9.25571368324918
-8.84197440560213
-7.529340593440684
-8.674010251755595
-9.807334841467766
-7.321031378898022
-8.919910111894119
-8.64020615641602
-8.637634714080079
-8.637957708457046
-9.2986272088302
-7.07612724103774
-9.201702410852285
-8.091924423286942
-6.228413228208624
-6.449267846540005
-6.556968657499166
-6.558877275954544
-6.576463798849888
-6.929285920291565
-6.940873998510063
-6.966231261768976
-7.096699155839597
-7.226894193088706
-7.276245515788261
-7.289333274447974
-7.53622682971205
-7.865599382541707
-6.668077522029404
-7.226894193088706
-8.689920807031477
-9.971528287763533
-7.226894193088706
-10.460271580077576
-10.295791757691118
-9.410982579266117
-8.854429034556471
-11.727188386177412
-12.680094193088705
-9.228928985484998
-8.630401833866802
-8.031332366051153
-7.455637122612118
-9.049956441157216
-7.8552717476045135
-7.970104195439103
-7.3415106253820275
-8.533763545412496
-7.638473719240338
-11.379175379970073
-7.486681583891556
-8.72980661753168
-9.248401025413505
-8.115350173295148
-8.006518028389259
-8.809891227686604
-7.645635988038058
-8.30091883200479
-7.823620330975194
-7.42800821776358
-8.334547194372355
-8.162299011559439
-7.899675882411143
-7.949685838705675
-7.279488815547916
-7.826873491176974
-7.09953240970703
-7.879726643574993
-7.24676228097135
-7.094776772354822
-8.809891227686604
-9.383224042632497
-8.778964330764579
-9.159967210431173
-7.027677842048563
-7.282733062937358
-11.859305806911294
-7.922233798088828
-7.209393204648144
-7.8367416140629516
-7.8569854207753105
-8.47733289773629
-7.963904414526547
-10.806791824479928
-14.043394193088705
-15.081464489809047
-8.977366834711383
-8.059598156137813
-8.110040083674445
-8.17984144660735
-8.219649524688736
-8.434914431216077
-8.50743967889034
-8.590194193088706
-8.590194193088706
-8.744926009123969
-8.744926009123969
-8.768510595908557
-11.194226554663373
-10.91836149100842
-8.185750539205161
-8.25886042131468
-7.910847415107343
-11.047916204853514
-7.3893810227323025
-10.62576206150932
-9.408170994885122
-10.635196181721419
-7.499554516339886
-9.544493010547093
-8.862851701224468
-12.904970537940862
-11.439371783255503
-9.554568712145425
-8.64459231802297
-10.66633478652939
-9.897063545412497
-10.44203191054293
-11.002623178573705
-9.112337628038585
-9.343883648959858
-10.388058014174566
-9.540147008007354
-10.496005806911294
-10.496005806911294
-11.161455220888794
-11.859305806911294
-9.798155220888795
-7.4640064145666685
-9.325152164058704
-11.41404349689633
-9.077622312642621
-10.48138596122269
-8.019924042632496
-6.760100302438052
-6.878843690069833
-7.094245092167224
-7.108696064805095
-7.1704533187738395
-7.226894193088706
-7.232892578563816
-8.47733289773629
-8.066938704647583
-8.930326098387866
-8.159431821127288
-8.235638869848653
-10.972079655953818
-12.029634786529389
-13.09048838617741
-9.077622312642621
-9.941769578925683
-11.316794193088706
-7.198570970034428
-8.992356842129567
-11.208846400351979
-9.174613836244738
-11.40314520486124
-6.596507002553058
-8.76933682818902
-7.9015232276451774
-9.68266498644374
-9.941769578925683
-9.725390470626516
-9.701704365455072
-9.68266498644374
-8.31302860091711
-8.822027862511472
-9.573469408909714
-12.524755220888794
-9.573469408909714
-7.730769310164156
-7.799753402982452
-7.83179028309995
-7.883323874971024
-6.576463798849888
-6.684437052549307
-6.986817138263165
-7.226894193088706
-7.226894193088706
-7.226894193088706
-7.7265439647549465
-7.959807002553058
-8.944157738501202
-8.390977842048564
-9.32106888120422
-9.197628806996716
-9.131641988037483
-10.496005806911294
-10.496005806911294
-10.575066228225975
-10.575066228225975
-10.592228985484999
-10.628123227645178
-10.66633478652939
-8.707713429761961
-9.062982730397577
-9.178864782668171
-9.953494193088705
-10.635196181721419
-10.226114167631177
-7.802899622370616
-8.799553081199125
-8.040619986569713
-7.943695160273546
-9.095376045546828
-10.48466041843167
-9.211715481229342
-9.411029947054226
-9.435176877513372
-9.514240823233411
-9.543129604423475
-9.675254426494524
-9.754320134535254
-9.754320134535254
-9.754320134535254
-9.798200766768826
-9.798200766768826
-9.845497062935411
-9.897063545412497
-9.897063545412497
-9.897063545412497
-9.953494193088705
-10.01594116958814
-10.01594116958814
-10.093059179532446
-10.296789455871153
-10.363888386177411
-10.510995814329478
-10.510995814329478
-10.60990413885318
-10.64692079588444
-10.728715973410758
-11.002623178573705
-11.076728979618094
-11.260363545412497
-11.260363545412497
-11.260363545412497
-11.353491980187162
-11.420024242400542
-11.463901621240772
-11.511375038868847
-11.52797203513727
-11.715463772014388
-11.751358014174567
-11.830418435489246
-11.84468596122269
-12.240812628577952
-12.240812628577952
-12.240812628577952
-12.480877842048564
-12.524755220888794
-9.228894158646533
-9.228894158646533
-9.283563501205059
-9.037223183364942
-9.387715485423453
-9.387715485423453
-9.118057080284796
-10.496005806911294
-10.64692079588444
-9.27184001041383
-12.680094193088705
-8.047682579266116
-10.9064
-9.97766382108586
-10.560036228328887
-7.3988065193518535
-7.668478979618095
-10.465111398421369
-10.357997057299533
-11.161455220888794
-11.952064731029568
-11.316794193088706
-6.8165
-8.482246400351977
-9.260347299578134
-9.037223183364942
-9.514212628577953
-9.709494920843927
-9.514212628577953
-9.628965940693218
-8.923010002350397
-8.8452494139775
-8.729759179532445
-8.707691768133984
-8.652575379970074
-8.614363821085862
-8.482246400351977
-8.462832409707032
-8.453359028929931
-7.0928851615854835
-11.316794193088706
-10.363888386177411
-8.977366834711383
-8.330714988973147
-9.089886647597055
-9.514212628577953
-7.984827922813592
-8.694129511890939
-10.227053222018636
-9.694014988973146
-9.918994706973244
-10.217729034556472
-8.487201020622267
-7.823620330975194
-7.76498182368453
-8.77087576689046
-8.045319008593605
-8.902591645616969
-10.566726611009319
-9.907521779310185
-7.6435108930944775
-11.69268890006195
-10.47273572743272
-9.830382913752603
-8.847141680225008
-10.214565910563644
-9.177266742110513
-10.529052436736354
-10.62933149570872
-10.9064
-8.290120836663698
-7.361979407841941
-7.518584211165032
-9.646330049311835
-10.75106102780009
-8.225958975756877
-7.918417015473901
-6.99477639649076
-7.002831944797782
-7.444022574342429
-8.539170648446254
-12.71128478652939
-11.399247595993742
-7.963904414526547
-7.062515752675771
-9.430271260177243
-9.274147415107343
-12.114361027800088
-9.660597575045278
-11.52797203513727
-9.170917365795507
-8.370201195641764
-8.533763545412496
-8.453359028929931
-8.002115973410758
-9.431068875854539
-8.065748138768905
-8.434855220888794
-8.80137203513727
-8.963858864780866
-9.589258975756877
-10.94936719623642
-7.515684252711951
-10.9064
-8.863753222018637
-8.685623828413034
-9.76262544390921
-7.472909945764476
-8.395237438323232
-8.729759179532445
-7.951696277537811
-8.73502878287511
-6.898953402905038
-7.926078445800656
-9.492076455357548
-8.30091883200479
-10.538511287171215
-9.012549877185833
-10.366266204853513
-10.566844109257968
-10.755028818399488
-6.9031104364093405
-9.206829370698589
-7.929948222107233
-7.9167992404337415
-7.235241794949353
-9.435666606756019
-10.330338921024282
-8.342286829643596
-7.593918716672717
-7.198006821666659
-9.694323200175988
-7.316881312837572
-8.741873641389718
-10.10824138746106
-8.599743975397256
-8.73276463607318
-9.25071012469725
-8.899588729625206
-9.435176877513372
-10.603279159129292
-9.281713954728417
-9.262975882411142
-6.576463798849888
-6.708567502697242
-7.1704533187738395
-7.2769274173320415
-9.178864782668171
-9.201702410852285
-10.078256566851442
-10.46866081002374
-9.36536724707807
-8.994865423336453
-8.985391189231766
-9.237964513920758
-9.027359735672581
-8.258111248982916
-8.315629493502634
-8.810451373234216
-8.446431385107745
-8.686622312365362
-8.684986745588485
-8.245368804952331
-8.623688008548026
-10.286310002350397
-7.8591847777739225
-7.226894193088706
-7.846777001210848
-10.255940593440684
-8.533763545412496
-7.027677842048563
-7.244928287763534
-9.80274503117828
-9.099156341758164
-9.616653714076033
-11.0428272992734
-8.071852207263273
-12.812211613822589
-12.365923178573704
-9.845546400351978
-10.100601621240774
-9.02352581046826
-11.379175379970073
-11.076728979618094
-8.022188189434427
-11.78956957305878
-10.10824138746106
-9.660597575045278
-7.781367297919716
-9.103818435489247
-9.80272724103774
-10.542164782668172
-8.902591645616969
-9.779158942773474
-9.391773205060282
-11.208846400351979
-11.619240593440683
-7.783031064588423
-9.147254326723717
-9.015947648008773
-10.173191227686605
-10.48138596122269
-10.457216614997787
-10.453186647597056
-9.996461389325125
-7.987389168338397
-9.961100615599575
-8.687114338979125
-11.859305806911294
-10.140326528934786
-7.908543755001881
-9.573469408909714
-8.775550032938462
-9.373644944499258
-10.526375215821009
-6.8165
-11.328879007087284
-9.970554533175426
-9.97181159168247
-9.71527674115422
-9.71700290833994
-8.646033062937358
-7.867372944528443
-7.815564782668171
-8.089377865953933
-9.902470648446252
-6.696344070274538
-9.092646902793048
-7.8569854207753105
-9.65209168071355
-9.360582611619597
-9.440106827533562
-8.091924423286942
-8.071893326345718
-10.255940593440684
-8.767671030150487
-9.123890651512918
-10.210306314288976
-9.897063545412497
-9.29519263655489
-8.421347250958277
-9.749483618507838
-9.196733931341884
-7.010998607615252
-7.959807002553058
-10.716777386549552
-9.793618235721201
-7.73073187106709
-7.984827922813592
-9.410982579266117
-9.261182711076785
-9.303054522647232
-9.460376377138909
-9.514240823233411
-9.675254426494524
-9.897063545412497
-9.211715481229342
-10.32938890006195
-10.439575159235085
-6.8165
-8.497517677942
-8.706242434253497
-10.309914489809048
-8.022188189434427
-9.959444732293866
-8.23239462245921
-7.926078445800656
-11.727188386177412
-8.533763545412496
-11.727188386177412
-11.316794193088706
-9.995402222422149
-9.27603000387049
-8.74043224482281
-9.918994706973244
-10.575066228225975
-12.114361027800088
-7.893567116078937
-12.070483648959858
-8.799877505158815
-9.897063545412497
-9.729431944797781
-10.340666834711383
-10.711443245234527
-9.22200406833094
-8.350128979618095
-7.440954828271086
-9.990128990276236
-9.44259977297313
-9.754277842048563
-8.323124196959197
-10.82365063424592
-10.227053222018636
-7.838402410852285
-10.363888386177411
-8.188748386962605
-11.316794193088706
-7.361236063529385
-8.563165391214087
-7.775356346116455
-8.019553387763095
-7.454364735418006
-9.663873625479138
-9.489126103631637
-10.103345469256722
-10.787355831023005
-10.210306314288976
-9.763481800999209
-10.774282579266117
-9.701060106585802
-11.379175379970073
-9.935993204648144
-8.882854029018526
-9.798155220888795
-11.243714517278235
-9.83748985768626
-9.953494193088705
-9.115805369892426
-10.257589827976908
-10.016973848145405
-8.974533924733374
-9.774918122222386
-8.329237573423578
-9.365415973410757
-11.234604972882238
-8.792140366413815
-10.139826137886487
-7.226894193088706
-11.031162373762735
-9.906128519436066
-9.514212628577953
-9.34177286716211
-11.117577842048563
-8.29729757504528
-9.19039599162607
-8.608511591682472
-9.83575983592982
-9.47600106969374
-9.159967210431173
-10.439575159235085
-9.528480154311396
-9.312985838705675
-8.818534792396292
-8.350128979618095
-7.35532266938319
-9.037223183364942
-9.798155220888795
-8.902591645616969
-10.085611613822588
-10.255940593440684
-8.492197452528265
-10.363888386177411
-9.675217420733883
-7.787439901586122
-9.953494193088705
-8.25886042131468
-8.181204880032421
-7.538288980403291
-7.885101025413506
-11.991423227645177
-11.739273200175989
-9.264823227645177
-8.902591645616969
-9.70181820388508
-8.523095262782446
-8.071852207263273
-8.015421559587065
-8.600345982228156
-7.186835288970459
-8.002115973410758
-7.860427719234396
-11.859305806911294
-9.037223183364942
-8.798366559235639
-9.701704365455072
-10.15627368627999
-10.236526602795735
-9.996461389325125
-11.117577842048563
-9.754277842048563
-9.210077001210848
-10.9064
-7.333092036419894
-9.875915809261691
-10.526375215821009
-9.279813235063362
-8.095920132900021
-10.75106102780009
-11.619240593440683
-10.968781186881367
-11.619240593440683
-10.318321780322053
-9.582892530897496
-9.754277842048563
-9.460350634245922
-9.798155220888795
-10.164672035137269
-11.316794193088706
-8.025118644139205
-11.208846400351979
-10.453186647597056
-10.830443364388719
-10.388058014174566
-9.947602864210827
-9.615432239057654
-11.076728979618094
-10.510995814329478
-9.870744827334626
-9.225456402702376
-11.619240593440683
-10.100601621240774
-10.686407002553057
-10.558386993792661
-9.420532361574669
-11.117577842048563
-10.849969352323791
-7.315298135198902
-9.489366731327172
-11.379175379970073
-9.897063545412497
-9.775810166499463
-9.158823205074855
-9.891705376108854
-7.920320795884441
-10.66633478652939
-9.228928985484998
-8.737301621240773
-9.762051818764249
-9.773625382903525
-8.522970209860642
-8.863753222018637
-8.863753222018637
-8.8452494139775
-9.543841018743834
-8.821721298678627
-8.928226544176464
-9.085468816952744
-10.015875379970073
-10.363888386177411
-7.428840366413815
-8.467626554663374
-9.183684947693832
-10.834478982551547
-8.153738761233505
-7.892343607066206
-9.605481186881368
-10.849969352323791
-11.379175379970073
-10.363888386177411
-10.252588117293381
-10.526375215821009
-9.865618616375647
-8.213607164853869
-10.015875379970073
-9.59969055074406
-8.768470589579465
-7.87705763679898
-8.999807878753813
-10.849969352323791
-8.612516475851827
-11.161455220888794
-10.078256566851442
-10.085611613822588
-7.872812094851364
-9.48666935232379
-9.514212628577953
-9.178864782668171
-9.754277842048563
-10.26589164561697
-10.774282579266117
-10.26589164561697
-11.448911613822588
-9.84063289773629
-8.279516248688884
-7.860427719234396
-8.773290754605126
-8.255486773057676
-8.286564827973205
-6.692149875756598
-7.4213928007039565
-8.517832351087758
-11.448911613822588
-10.865669575992232
-12.186950634245921
-11.068886829643597
-9.455224423286943
-9.534284844601622
-10.46447259083557
-8.430318235721202
-9.48666935232379
-7.766452814918647
-8.326907428152067
-9.67153989724831
-10.092159298855815
-9.78446321607318
-10.115981022732303
-9.705586829643597
-9.44259977297313
-9.335485300102578
-9.468124141977322
-10.100601621240774
-9.492076455357548
-9.457781980901746
-8.2284431912151
-9.798505767801974
-7.1189464003519785
-8.102221616172987
-7.198006821666659
-7.8258843794289605
-9.696800510311133
-9.76038191054293
-7.98270198276581
-8.176847008007353
-7.924153001283649
-9.333404195439103
-6.9092505957910815
-8.590194193088706
-8.81247107345542
-7.0900590289299315
-8.478568876866404
-9.103315399117418
-9.408623707553671
-7.830144624730722
-7.912730003870491
-10.183578751439738
-8.59794161885419
-8.279516248688884
-7.209393204648144
-8.614363821085862
-7.825244676759947
-9.440106827533562
-7.390160580010398
-8.55013528897046
-7.638473719240338
-7.953713566259947
-7.648042794877462
-7.869437445090315
-10.510995814329478
-11.448911613822588
-9.19463049897038
-9.323107002553058
-7.165105376108855
-8.98881733668499
-10.9064
-10.968781186881367
-11.038517420733882
-11.117577842048563
-11.117577842048563
-11.117577842048563
-11.161455220888794
-11.208846400351979
-11.316794193088706
-11.515549086511879
-11.830418435489246
-11.882385294789731
-11.921686993792662
-11.729566204853516
-12.161752207263273
-12.480877842048564
-12.480877842048564
-9.089845341572794
-9.103888924645492
-9.195086993792662
-9.228894158646533
-9.303054522647232
-9.387715485423453
-9.460376377138909
-9.460376377138909
-9.460376377138909
-9.486696265374873
-9.543129604423475
-9.573407088645755
-9.639392838396972
-9.754320134535254
-9.798200766768826
-9.798200766768826
-9.798200766768826
-9.845497062935411
-9.845497062935411
-9.845497062935411
-9.953494193088705
-9.98392592882275
-10.029180966146379
-10.035947595993743
-10.139826137886487
-10.217729034556472
-10.286310002350397
-10.32938890006195
-10.340666834711383
-10.340666834711383
-10.363888386177411
-10.774282579266117
-10.849969352323791
-10.849969352323791
-10.849969352323791
-10.877512628577954
-10.9064
-10.9064
-9.037223183364942
-10.64692079588444
-10.66633478652939
-10.66633478652939
-10.66633478652939
-10.849969352323791
-10.164672035137269
-8.434855220888794
-9.27603000387049
-9.343883648959858
-10.100601621240774
-9.257468180674032
-7.723839201055936
-10.164672035137269
-9.592083568808574
-10.024779414580943
-7.717412097415009
-9.024758014174566
-10.164672035137269
-9.400832814930801
-7.58844158541023
-9.829345814329479
-7.639661430104383
-8.584360910648973
-8.998229514464967
-7.377045708497416
-9.049956441157216
-7.6918274230842805
-10.496005806911294
-9.676376079095899
-10.558386993792661
-10.66633478652939
-10.255940593440684
-9.845546400351978
-10.9064
-8.482246400351977
-10.435927842048564
-7.883323874971024
-7.939764390952865
-7.9437170157451735
-7.949715944911798
-8.672647595993743
-10.526375215821009
-7.295890797029696
-6.767108262547154
-6.744662348973691
-9.48666935232379
-9.410982579266117
-9.163075215821008
-9.48666935232379
-8.737301621240773
-8.590194193088706
-8.173478756399412
-10.9064
-9.403919986569711
-10.199509945764476
-10.728715973410758
-8.788818766301292
-8.99940542141389
-9.186975888230418
-8.400355734773333
-9.543099999999999
-9.28362079588444
-8.602155684097127
-7.677714489812925
-8.492197452528265
-8.207061403519878
-11.652264238147243
-10.575066228225975
-7.931892636554891
-10.029180966146379
-9.44259977297313
-9.861077549356134
-10.439575159235085
-11.002623178573705
-9.649864827973206
-9.011342794877462
-10.190606414566668
-9.48666935232379
-9.543099999999999
-11.078804760493663
-10.04971737166241
-9.974023201521906
-8.533763545412496
-9.771440599307587
-7.2781541111127686
-10.340666834711383
-11.379175379970073
-11.52797203513727
-10.164672035137269
-9.678929493502633
-11.038517420733882
-10.063815029752403
-10.64692079588444
-9.807334841467766
-10.849969352323791
-10.286310002350397
-10.496005806911294
-6.8165
-8.434855220888794
-10.66633478652939
-10.296789455871153
-9.902470648446252
-12.206019108309162
-12.029634786529389
-9.0695849901184
-10.658543893906518
-6.596507002553058
-9.639323178573704
-9.383224042632497
-7.877945969549539
-8.729759179532445
-9.573469408909714
-10.49246980441525
-10.877512628577954
-6.661161027800089
-6.596507002553058
-8.106142691160237
-9.211766228225974
-9.460350634245922
-9.897063545412497
-9.573469408909714
-8.145300513884537
-8.338404365455073
-6.262223140902006
-6.468490447565794
-6.520159533727333
-6.8642565276052805
-7.226894193088706
-7.226894193088706
-7.226894193088706
-7.3161903891386935
-7.413256958961773
-7.500508672784013
-7.5099151434163005
-7.7265439647549465
-11.649610002350398
-13.633
-10.744992710387656
-10.164672035137269
-12.365923178573704
-9.042210933064379
-8.79297368627999
-9.012549877185833
-11.208846400351979
-12.029634786529389
-9.024819691727327
-9.283563501205059
-10.592228985484999
-10.60990413885318
-10.66633478652939
-9.543129604423475
-9.627082704472791
-7.366492385333721
-10.774282579266117
-9.573407088645755
-11.294010890161026
-9.754320134535254
-9.845497062935411
-9.953494193088705
-7.782475191155381
-11.52797203513727
-10.474596227254175
-9.704359308187822
-8.350128979618095
-9.589258975756877
-7.673923183364941
-8.24879660394099
-9.264823227645177
-7.775356346116455
-8.955021780322053
-9.97181159168247
-9.132646602504748
-9.228894158646533
-9.246622080751308
-9.303054522647232
-9.460376377138909
-8.981778791686065
-9.573407088645755
-9.605448294813518
-8.146118405037228
-9.754320134535254
-9.798200766768826
-9.845497062935411
-10.115981022732303
-8.416912221477963
-7.75478596122269
-9.798505767801974
-9.75370143382312
-9.375527707130907
-9.048626149601315
-10.542164782668172
-9.024819691727327
-9.037223183364942
-9.089845341572794
-9.163059635140039
-9.303054522647232
-9.435176877513372
-9.514240823233411
-9.573407088645755
-9.605448294813518
-9.639392838396972
-9.639392838396972
-9.897063545412497
-9.953494193088705
-9.953494193088705
-9.971467252387244
-9.971467252387244
-9.977602149957512
-8.827306414566667
-11.260363545412497
-9.367985435090176
-8.955021780322053
-10.82365063424592
-10.244646265448747
-7.883323874971024
-7.928039196296723
-7.959804960923243
-8.047737052549307
-8.07677448825848
-8.097089249005146
-8.210107088645756
-8.319305032652268
-8.590194193088706
-8.590194193088706
-8.590194193088706
-8.590194193088706
-8.590194193088706
-8.659177492152958
-8.686445234608234
-8.714934638603179
-8.744926009123969
-8.744926009123969
-8.784733918358558
-8.83627274478676
-8.87321705329747
-8.912753643539142
-8.966055387406609
-11.448911613822588
-9.44510325943956
-11.727188386177412
-11.859305806911294
-11.111597096544353
-11.161455220888794
-10.363888386177411
-10.707183648959857
-8.120684206373793
-7.407575766890461
-8.276023178573704
-6.509335856223131
-8.575575756264055
-9.211766228225974
-7.820384947693832
-9.291162935303031
-11.283694234912643
-11.17397828342572
-8.726973707553672
-8.692719812017412
-9.264823227645177
-8.707691768133984
-8.887727090824995
-7.367960000785195
-7.298557800040089
-8.651261120457775
-7.928010172366368
-7.682807628033929
-7.51664932817775
-7.8367416140629516
-7.672664790399881
-7.274976528416293
-7.543319373171243
-7.699669573058779
-8.66588096614638
-8.902591645616969
-11.208846400351979
-9.918994706973244
-10.64692079588444
-10.085611613822588
-9.323107002553058
-7.740518435489247
-8.80137203513727
-7.935800727755222
-7.413226137886488
-10.798452207263272
-9.897063545412497
-8.62056360199842
-9.573469408909714
-9.605481186881368
-10.48138596122269
-11.260363545412497
-9.323107002553058
-10.139826137886487
-10.66633478652939
-8.158574364544144
-7.93737121585688
-8.454299575064464
-9.920632755211695
-9.635850595791082
-10.363888386177411
-8.099630480014735
-6.679664835841225
-8.002115973410758
-9.365415973410757
-7.5195540290185265
-8.873226602795736
-7.60278890006195
-8.242181186881368
-10.147992800703957
-10.227053222018636
-11.038517420733882
-10.32938890006195
-11.260363545412497
-10.510995814329478
-9.694014988973146
-7.407013684299897
-10.542164782668172
-10.40052318336494
-10.798452207263272
-9.953494193088705
-11.921686993792662
-9.132705806911295
-10.48138596122269
-10.255940593440684
-7.226894193088706
-10.35849081519384
-9.653420836663699
-10.279278003498964
-10.32938890006195
-9.708726545591817
-8.040648069781202
-8.097089249005146
-8.123398956747268
-8.276089355211152
-8.28658610046315
-8.346163553533534
-8.378474259800907
-8.467631368289991
-8.56701818750271
-8.590194193088706
-8.590194193088706
-8.590194193088706
-8.590194193088706
-8.590194193088706
-8.590194193088706
-8.590194193088706
-8.63954294163327
-8.652634590297358
-10.085611613822588
-9.089886647597055
-8.572693204648145
-8.43942724103774
-8.319364986443741
-8.235638869848653
-7.417295388730469
-7.477412428809908
-8.165180154311395
-8.017668521172618
-8.366131944797782
-8.69909006235656
-7.165105376108855
-7.957768881204217
-8.822904359588168
-8.035957965103094
-7.636105421413889
-6.978986829643597
-9.134187844398962
-7.578708648420488
-8.645382789761417
-8.308228476294484
-8.933489455871152
-8.104824141977321
-8.934547675397145
-8.722311613822589
-7.637288386177411
-8.89660096718484
-9.041407042308828
-8.485346290808256
-8.96608890006195
-10.164672035137269
-11.111597096544353
-10.701202903455647
-8.882854029018526
-6.406105806911294
-11.379175379970073
-11.260363545412497
-10.936769408909713
-10.085611613822588
-9.713428979618095
-9.555061491008422
-9.703900296724978
-10.542164782668172
-8.873534813998578
-10.154750739178969
-8.23478213658386
-9.705586829643597
-8.482246400351977
-11.533811451908981
-8.596144732293865
-11.727188386177412
-11.448911613822588
-9.024758014174568
-9.809511059307027
-9.206712937233487
-7.920320795884441
-9.246604138853181
-10.66633478652939
-10.255940593440684
-9.48666935232379
-10.227053222018636
-9.399371803533104
-10.280624620930585
-8.168075385836977
-9.845546400351978
-9.11808596122269
-9.365415973410757
-9.703340247513403
-9.20503804596895
-7.472909945764476
-8.050055623193089
-6.923264827973205
-7.221002864210828
-9.103818435489247
-9.514212628577953
-8.094481980901746
-8.784692800703958
-7.472909945764476
-8.434855220888794
-9.930710890161025
-10.707183648959857
-9.789115752675771
-8.276023178573704
-9.215159209816331
-9.03596479039988
-8.604577256663704
-8.110063766147485
-9.333404195439103
-10.48138596122269
-8.139741095881753
-8.054830436709803
-7.729346902793048
-11.208846400351979
-7.88330413885318
-7.997746406218882
-8.555694706973243
-8.956119229509623
-10.936769408909713
-9.29519263655489
-7.879726643574993
-7.858704068330939
-8.919901996960563
-5.95289245450835
-9.144675004101689
-8.150938003707445
-8.242145005707231
-8.245416813480725
-8.434914431216077
-8.434914431216077
-8.533752780534593
-8.590194193088706
-8.590194193088706
-8.590194193088706
-8.614326817638007
-8.752696603823297
-8.792915315697222
-8.912753643539142
-8.955010816096403
-7.036197034597899
-8.390977842048564
-7.899675882411143
-9.912841174450339
-9.750063776805627
-11.161455220888794
-9.789115752675771
-10.147992800703957
-8.159767781254425
-11.208846400351979
-11.859305806911294
-7.226894193088706
-7.226894193088706
-9.798155220888795
-9.573469408909714
-10.307457738501203
-9.573469408909714
-10.04279245450835
-11.038517420733882
-8.737301621240773
-6.708552207263272
-10.206958297227587
-10.82365063424592
-10.063815029752403
-10.217729034556472
-9.310982203402054
-11.316794193088706
-10.849969352323791
-9.811978580309448
-10.774282579266117
-9.754277842048563
-9.06296957305878
-9.387761027800089
-10.831942741378171
-9.784647250958278
-9.798155220888795
-8.390977842048564
-7.4819494139775005
-7.192394706973244
-9.953494193088705
-8.944157738501202
-9.897063545412497
-10.80051519006194
-9.135509985089106
-9.817176144397237
-10.08984523896512
-8.434855220888794
-10.398386688147905
-9.639323178573704
-7.108696064805095
-7.118920744382276
-7.257296011128249
-7.876234454647357
-6.422683484046566
-9.202123163493631
-10.596355001175198
-9.855497452528263
-9.126814478033419
-8.931378674073404
-9.081682262268842
-11.859305806911294
-8.008702323488063
-8.231489924400645
-8.17907559678973
-9.54607526960258
-7.049210166499463
-8.434855220888794
-7.986961523923143
-8.873226602795736
-7.557325740291799
-8.839809188867868
-8.95697743951413
-10.070991768133984
-9.517237096634602
-7.704048652490015
-8.81247107345542
-8.242181186881368
-11.878411586353401
-10.915722397373344
-8.96832736649836
-10.00286224806851
-9.018622480852239
-8.743405527540997
-9.687109565130093
-9.992416039220423
-11.038517420733882
-9.350775111514764
-9.793618235721201
-10.936769408909713
-11.161455220888794
-10.199509945764476
-7.787897867575576
-10.136127354506147
-10.591717253579546
-11.316794193088706
-10.60990413885318
-10.707183648959857
-9.289378445800656
-7.865628985484999
-8.238871552574363
-7.920269230423505
-8.961799194263904
-7.159795262782446
-10.818524423286942
-9.161519173750133
-7.995573656378042
-9.211766228225974
-9.163075215821008
-9.132705806911295
-7.93973478652939
-8.194790007418185
-7.965963803271253
-8.459691609078709
-7.483706314288977
-8.482246400351977
-8.80137203513727
-8.390977842048564
-8.933489455871152
-9.798155220888795
-7.90337635487685
-11.739273200175989
-9.808929168537684
-10.04279245450835
-12.2697
-7.226894193088706
-10.526375215821009
-7.65167144975241
-11.654108710366941
-9.581785597149775
-9.777847592529126
-9.24960961475481
-11.52797203513727
-10.413256441157214
-10.558386993792661
-10.375849877185832
-9.78614048307319
-8.829690083452508
-10.255940593440684
-11.065118203885081
-6.468490447565794
-7.429616983348301
-11.816486647597054
-11.727188386177412
-10.968781186881367
-10.25446409744436
-8.507444827334627
-8.181204880032421
-9.675217420733883
-11.518425126656693
-10.60990413885318
-7.939764390952865
-8.123398956747268
-8.590194193088706
-8.590194193088706
-10.288504910151929
-9.407343652728184
-10.48156212120027
-8.760155000351425
-7.521498443466186
-9.543099999999999
-9.365415973410757
-8.319364986443741
-7.899675882411143
-10.164672035137269
-9.48666935232379
-8.533763545412496
-9.076275159235085
-9.163075215821008
-9.343883648959858
-9.897063545412497
-10.255940593440684
-9.713428979618095
-8.955021780322053
-9.845546400351978
-8.608228287763533
-10.936769408909713
-9.754882616178385
-7.88330413885318
-9.897063545412497
-10.472880066890962
-7.782879619730919
-7.98270198276581
-9.361046406218883
-10.035947595993743
-8.583983812088682
-10.60990413885318
-6.9497760790959
-9.062239518845164
-6.596507002553058
-11.208846400351979
-11.316794193088706
-8.583462467368811
-11.076728979618094
-10.558386993792661
-8.350128979618095
-7.60278890006195
-8.482246400351977
-12.274926511125296
-8.978999503723111
-9.636397798966458
-10.381680654695714
-11.859305806911294
-9.410982579266117
-9.953494193088705
-8.184093921375709
-7.740518435489247
-8.923010002350397
-9.758522115902297
-11.061147194372355
-8.672647595993743
-9.798155220888795
-9.012549877185833
-9.076275159235085
-9.211766228225974
-12.24829042034288
-9.037223183364942
-7.4828609979407625
-9.11808596122269
-9.953494193088705
-9.387761027800089
-11.850196262515297
-9.798155220888795
-11.01624851729895
-10.363888386177411
-9.09960437024631
-11.073067700025835
-10.2085494139775
-8.722311613822589
-9.639323178573704
-11.52797203513727
-11.038517420733882
-9.830926554663375
-11.456359179532447
-12.623663545412496
-10.798452207263272
-7.9015232276451774
-7.737722565150062
-8.50824728397778
-8.374709912714932
-10.057102081422592
-10.411026397967037
-7.9233551922548155
-6.733750634245921
-6.878881186881368
-11.379175379970073
-9.261134283205779
-7.908970793355035
-9.252011241886937
-10.793558925052194
-9.202160592685274
-9.511998971248818
-9.91838934137687
-9.308345006642543
-10.720111390765432
-8.537828188217103
-8.181204880032421
-9.408170994885122
-11.727188386177412
-9.845546400351978
-8.364414821105923
-8.728386773881446
-8.47733289773629
-7.42800821776358
-8.770072955015353
-9.742434789462841
-9.013759425445473
-8.768470589579465
-8.714956566851443
-8.68641737166241
-10.628123227645178
-8.894617468957303
-9.953494193088705
-9.517038761233506
-9.500537121912535
-6.6357538936854805
-9.30501166204601
-11.448911613822588
-9.917444290826193
-10.789342662867274
-7.4819494139775005
-7.405170589579465
-7.7997752158210085
-8.67949245450835
-10.496005806911294
-10.9064
-9.076275159235085
-8.064497160292126
-8.876098428962187
-7.928010172366368
-8.898591132645844
-8.663865965901406
-8.624314873262149
-7.652885960264794
-7.7519048184707335
-8.708414249818727
-8.050055623193089
-10.82365063424592
-10.728715973410758
-7.695996973183618
-10.085611613822588
-8.566972641622678
-11.002623178573705
-8.277016267238507
-7.2978899221721125
-10.510995814329478
-8.1798
-7.790482848304465
-7.863827645196549
-8.784692800703956
-8.752681022732302
-8.533763545412496
-10.686759217744623
-10.907141018743832
-9.943310103652351
-9.994720894541224
-7.618638854860328
-9.232422055600178
-7.788967834478424
-10.363888386177411
-7.6349248155049
-10.363888386177411
-9.473363766147484
-10.80051519006194
-9.163896400351978
-8.275072063613138
-8.837299318966501
-7.625563772014388
-7.614066834711383
-8.330714988973147
-11.316794193088706
-11.727188386177412
-10.093059179532446
-9.00058838617741
-11.944470296720342
-7.372485426642214
-7.510882331279579
-11.78554992516751
-9.860536407770162
-9.653420836663699
-9.221401780558597
-8.889687601448037
-9.178864782668171
-9.660597575045278
-9.602200991969546
-9.902470648446252
-8.902166732620826
-9.870744827334626
-9.103818435489247
-9.675217420733883
-8.62056360199842
-6.948617420733883
-10.40052318336494
-8.494761960934968
-8.24879660394099
-9.659455083249732
-9.241245969549539
-8.950652213130176
-9.891705376108854
-9.639323178573704
-8.738821708512662
-8.752681022732302
-9.027230141637403
-11.52797203513727
-7.027677842048563
-9.253824638916084
-9.281713954728417
-9.119531807282296
-8.447387420506034
-8.207439919822795
-9.959474938592916
-8.050055623193089
-7.98270198276581
-7.820384947693832
-7.61066084065595
-7.570189455871152
-7.491129034556471
-7.403572549021807
-7.364215056818615
-7.350926062542636
-7.316881312837572
-7.165639016223556
-7.1199340130366515
-7.08724632213334
-7.067922855709526
-9.387761027800089
-7.551457970969998
-8.097050634245921
-8.714956566851443
-6.605559034796836
-8.97396084065595
-8.81506220961367
-8.692016218747233
-7.812373003147715
-9.177266742110513
-8.730509114613302
-7.912730003870491
-9.455224423286943
-8.453359028929931
-8.286564827973205
-8.572693204648145
-8.444034841467765
-8.436788386066205
-9.567462423076318
-9.946559969893272
-9.087734652322313
-7.580857738501202
-8.311917420733883
-9.365415973410757
-9.675217420733883
-10.015875379970073
-9.113698337270957
-11.005505340192002
-6.991186851643163
-11.694698087927257
-6.697115718643668
-6.878843690069833
-7.1704533187738395
-7.226894193088706
-7.63724694247122
-7.865599382541707
-13.09048838617741
-12.982540593440683
-12.029634786529389
-12.742475379970074
-10.32938890006195
-7.7211044448443
-9.821376772354823
-10.164672035137269
-8.276023178573704
-8.66588096614638
-11.208846400351979
-8.792915315697222
-8.809959877888685
-8.89257152220859
-8.98881733668499
-7.912769602478137
-7.918360651460101
-7.980526558894464
-7.98488968911566
-8.010928574126416
-8.024424593618534
-10.728715973410758
-10.774282579266117
-11.076728979618094
-11.117577842048563
-11.316794193088706
-11.366162248068509
-11.463901621240772
-11.751358014174567
-11.802875159235086
-11.991423227645177
-12.161752207263273
-12.161752207263273
-12.401817420733883
-9.246622080751308
-9.303054522647232
-9.460376377138909
-9.573407088645755
-9.605448294813518
-9.675254426494524
-9.675254426494524
-9.675254426494524
-9.754320134535254
-9.798200766768826
-9.845497062935411
-9.897063545412497
-9.953494193088705
-10.029180966146379
-10.115981022732303
-10.123744234813586
-10.148075038868848
-10.173277041683013
-10.255841922718487
-10.255841922718487
-10.286310002350397
-10.363888386177411
-10.413256441157214
-10.774282579266117
-10.774282579266117
-10.774282579266117
-10.936769408909713
-11.076728979618094
-11.208846400351979
-11.479281022732302
-11.487044234813586
-11.802875159235086
-12.010220795884441
-9.147650271952843
-9.178864782668171
-9.178864782668171
-8.652575379970074
-7.084912564018426
-9.228928985484998
-8.806073257799541
-9.664218832004789
-9.66419591095822
-10.350410034270181
-9.467109010076523
-7.351437320906638
-10.707183648959857
-9.996461389325125
-11.208846400351979
-11.619240593440683
-10.64692079588444
-9.953494193088705
-10.217729034556472
-10.286310002350397
-9.82613240970703
-11.208846400351979
-9.758522115902297
-10.236526602795735
-10.798452207263272
-11.161455220888794
-10.15790766061024
-10.173191227686605
-9.312489600125861
-8.607008774114716
-8.555694706973243
-8.459024848885951
-10.318321780322053
-7.223352365973254
-7.186835288970459
-7.377045708497416
-9.09126516665327
-7.644436243621097
-8.502318616375648
-7.890524638916084
-9.065606876605035
-8.120684206373793
-10.363888386177411
-9.365415973410757
-9.953494193088705
-10.773336773881447
-8.084317376453647
-10.936769408909713
-9.392333047949034
-9.632398261419644
-9.914082420854065
-8.650605083086303
-7.352461163965687
-9.206712937233487
-11.379175379970073
-10.1238231727068
-9.930272641622677
-7.561856780798723
-7.5061190419746575
-8.047682579266116
-10.82365063424592
-11.002623178573705
-6.532292880346604
-6.722745728413509
-7.118920744382276
-7.226894193088706
-7.226894193088706
-7.446658161536618
-7.823827056735302
-7.636105421413889
-8.778150483671242
-8.887727090824995
-10.48138596122269
-7.959194829139385
-9.465413435344598
-10.410887576471602
-7.520254972179661
-9.296959718982055
-8.431559424139865
-7.860427719234396
-8.94937055404538
-8.139741095881753
-6.425546525351641
-6.467127116170986
-6.4698536285575825
-6.734742802352686
-7.078021691564424
-7.226894193088706
-10.686407002553057
-8.776526137886488
-10.9064
-9.639323178573704
-8.448293390286063
-9.6899156224768
-9.713428979618095
-9.089886647597055
-9.65934546027733
-8.760523172706801
-8.311917420733883
-10.352163772014388
-10.375849877185832
-10.26589164561697
-12.029634786529389
-9.58606719623642
-8.87994932817775
-10.375849877185832
-10.496005806911294
-9.152267834478424
-10.286310002350397
-9.709494920843927
-8.862814167631177
-10.063815029752403
-10.828821616172986
-10.707183648959857
-10.115981022732303
-11.316794193088706
-10.728715973410758
-10.542164782668172
-10.66633478652939
-9.875915809261691
-9.17408354268392
-9.380968521172619
-10.13372320310944
-8.51054199394647
-10.352163772014388
-6.789024008667461
-6.675450770598289
-8.1798
-7.97427374553844
-8.863753222018637
-8.007856479694999
-7.895796998172861
-8.196312051046506
-6.708552207263272
-11.208846400351979
-11.619240593440683
-10.728715973410758
-10.156332417920613
-9.365415973410757
-9.246604138853181
-7.657769069735168
-8.052168794791871
-8.395222115902298
-9.786814059776958
-10.849969352323791
-10.255940593440684
-10.542164782668172
-9.132705806911295
-8.507444827334627
-9.639323178573704
-7.0580472509582775
-7.949685838705675
-7.706284990118401
-7.682807628033929
-7.615206534133903
-7.5723077896771045
-6.8854966039409895
-6.783958708757287
-8.93666980550836
-8.645382789761417
-7.961852164058703
-9.28362079588444
-10.189881883073742
-8.487201020622267
-9.754277842048563
-7.8761706348845
-8.492197452528265
-8.590194193088706
-8.17984144660735
-7.939764390952865
-8.097089249005146
-10.352163772014388
-10.056724242400541
-9.264823227645177
-7.924153001283649
-8.523095262782446
-9.675217420733883
-8.977366834711383
-8.382579493191285
-8.781412605792134
-8.013183093150655
-8.19792063100022
-9.81984930674409
-7.928010172366368
-8.687114338979125
-11.316794193088706
-9.860731104806835
-11.038517420733882
-10.936769408909713
-10.828730513900044
-9.05253628692603
-10.33235458902945
-9.232639802182048
-10.558386993792661
-8.107176236443276
-10.388058014174566
-10.575066228225975
-11.448911613822588
-11.448911613822588
-9.47600106969374
-11.52797203513727
-9.990128990276236
-7.547374688115513
-8.311917420733883
-7.3604936513102555
-7.31619245450835
-9.97766382108586
-10.375849877185832
-8.960762286606293
-10.877512628577954
-9.845546400351978
-10.246154029018527
-11.55318188307374
-11.283244727935575
-8.047682579266116
-9.012549877185833
-10.363888386177411
-10.199509945764476
-9.246604138853181
-8.584302864210828
-7.227486562990223
-9.639323178573704
-9.605481186881368
-11.316794193088706
-11.094906441157214
-7.957768881204217
-8.591379526151632
-8.645382789761417
-10.056724242400541
-8.205204401473221
-9.255643607066206
-12.332081186881368
-12.891272035137268
-9.012549877185833
-9.00058838617741
-8.700515029752404
-7.403572549021807
-7.312076050901457
-7.270498370201173
-7.266686723986202
-8.89660096718484
-8.527163385773427
-9.43046120509668
-8.235638869848653
-11.379175379970073
-10.164672035137269
-8.123369352323792
-8.967207075403136
-9.125350759940147
-10.089335396677516
-10.849969352323791
-9.793618235721201
-7.310028531856239
-10.498824857388305
-7.5342952137109735
-9.132705806911295
-8.311917420733883
-7.226894193088706
-9.383224042632497
-8.017668521172618
-8.666554159700633
-6.941262373762737
-8.680870973564565
-7.986961523923143
-7.935800727755222
-8.682252709704342
-9.729431944797781
-10.628123227645178
-11.117577842048563
-9.965455684097126
-10.426269573058779
-9.103818435489247
-10.115981022732303
-8.9237398315856
-10.276012809464353
-9.492076455357548
-10.296789455871153
-8.533763545412496
-8.412510166499462
-10.236526602795735
-9.387761027800089
-9.076275159235085
-9.897063545412497
-9.28362079588444
-8.358076396490759
-11.427115029752404
-13.09048838617741
-8.936907494486572
-9.367612909761421
-12.891272035137268
-13.935446400351978
-8.002115973410758
-7.0900590289299315
-9.29519263655489
-7.591721780322053
-10.936769408909713
-10.40052318336494
-10.510995814329478
-10.510995814329478
-8.784692800703956
-8.242181186881368
-10.363888386177411
-10.164672035137269
-9.897063545412497
-9.754277842048563
-9.387761027800089
-11.033927610444398
-7.886903381956573
-8.330714988973147
-11.859305806911294
-10.689592127722634
-8.170979011392257
-8.528437380955868
-8.590194193088706
-8.590194193088706
-8.590194193088706
-8.752696603823297
-8.86380961267225
-8.912753643539142
-8.482221731129785
-9.343883648959858
-10.15627368627999
-7.043872254408104
-8.47245983592982
-9.772659519620671
-8.047682579266116
-8.434855220888794
-9.48666935232379
-10.015875379970073
-7.817167148104058
-7.733511564751115
-11.727188386177412
-11.727188386177412
-7.23464161885419
-7.037915682153527
-9.00058838617741
-9.28362079588444
-8.326907428152067
-8.153738761233505
-9.11808596122269
-7.645635988038058
-7.452628447759673
-7.337215029752404
-9.255643607066206
-9.50028084068576
-9.49278743804554
-9.851247047895358
-9.719127919452678
-9.639323178573704
-10.429060315550984
-9.150739901586123
-9.033455999920847
-8.047682579266116
-9.387761027800089
-8.462832409707032
-9.037223183364942
-8.8452494139775
-8.69342424240054
-8.311917420733883
-8.308228476294484
-11.117577842048563
-10.575066228225975
-9.729431944797781
-7.469065007735141
-9.811978580309448
-9.112337628038585
-8.659190797029694
-8.453359028929931
-8.412510166499462
-8.264018684424379
-8.346194920843928
-9.30303478652939
-8.652575379970074
-8.441946262515295
-9.700303945680199
-11.09998632081134
-8.81245162971978
-10.029180966146379
-11.727188386177412
-10.276012809464353
-8.72009549021028
-9.230672944528443
-10.988853402905038
-12.480877842048564
-9.408170994885122
-9.365415973410757
-10.318321780322053
-9.11808596122269
-8.44867858030945
-8.382579493191285
-7.237045982228155
-8.069390358946388
-8.507444827334627
-8.776526137886488
-6.933997575045279
-7.317570973564566
-8.150912628577952
-9.489867122375468
-8.62056360199842
-10.66633478652939
-11.379175379970073
-7.07612724103774
-9.169340604098826
-9.845546400351978
-8.017668521172618
-8.544627587233347
-7.468441444046983
-7.986961523923143
-8.507444827334627
-7.186835288970459
-8.004312909761422
-9.408170994885122
-8.714956566851443
-10.164672035137269
-10.085611613822588
-10.255940593440684
-10.085611613822588
-8.533763545412496
-10.229879354674189
-8.052746427821166
-9.526549281667508
-9.285533798088828
-8.649949771821642
-8.768470589579465
-10.173191227686605
-11.019483924733374
-9.930272641622677
-8.390977842048564
-8.1798
-8.912712809464352
-7.815564782668171
-6.787612628577953
-8.123369352323792
-11.422383114112987
-9.74214469945081
-10.60990413885318
-8.1798
-6.82245053920516
-7.561791107013873
-8.430318235721202
-8.816795955119527
-7.835085462865111
-9.570361403519879
-9.741724573212586
-10.363888386177411
-11.076728979618094
-8.96274698902278
-9.514212628577953
-8.72826215302775
-6.905798261419644
-9.52559901155944
-8.977366834711383
-8.912712809464352
-10.029180966146379
-8.79883999848918
-8.430318235721202
-11.260363545412497
-9.44259977297313
-10.798452207263272
-10.19188156658248
-10.119279517398418
-10.022490797029695
-8.637634714080079
-9.845546400351978
-9.612096603940989
-8.714956566851443
-8.737301621240773
-10.9064
-9.012549877185833
-7.867372944528443
-8.052438216618325
-8.507444827334627
-8.242181186881368
-11.208846400351979
-9.491106290503716
-7.257263601998419
-9.28362079588444
-8.626828990276236
-9.573469408909714
-8.882854029018526
-9.48666935232379
-9.367612909761421
-9.732671625497073
-10.433785408840912
-9.28362079588444
-8.42581575267577
-8.621187165686576
-7.965963803271253
-8.004312909761422
-8.607618216955123
-9.047837502053005
-7.433028247201065
-10.164672035137269
-8.922372874407277
-11.117577842048563
-8.086842214681457
-10.029180966146379
-11.15241575267577
-11.751358014174567
-9.754277842048563
-7.82728041163336
-8.606002789942211
-8.23239462245921
-8.099630480014735
-8.094481980901746
-8.035957965103094
-7.993408850795671
-7.959807002553058
-7.848466228225974
-7.726586647597055
-7.663930141637403
-7.532308387460037
-7.43553999848918
-7.310710251755594
-7.269225093006841
-7.261014873262148
-6.922202176774673
-6.917268200994951
-9.639323178573704
-8.970574328083913
-9.564193913718407
-8.227561341192764
-9.543099999999999
-8.43942724103774
-8.44867858030945
-9.122434134991963
-8.836209945764477
-10.526375215821009
-10.48138596122269
-8.566972641622678
-7.710290013285088
-9.329263803271253
-7.93973478652939
-8.73502878287511
-9.605481186881368
-10.164672035137269
-8.752681022732302
-7.473807707372692
-11.038517420733882
-9.953494193088705
-10.66633478652939
-10.309914489809048
-9.953494193088705
-9.753071987698629
-8.349471849861946
-9.953494193088705
-8.803676779348793
-8.006946995619938
-9.119675187528046
-11.619240593440683
-7.706284990118401
-8.097050634245921
-10.686407002553057
-10.296789455871153
-9.605481186881368
-9.897063545412497
-10.496005806911294
-9.845546400351978
-11.483202097719552
-11.859305806911294
-9.798155220888795
-6.9268208366636985
-8.731260000785195
-9.188544676759946
-7.6207078389127885
-9.39463236605115
-10.29350377471094
-8.242181186881368
-7.263528990276237
-12.029634786529389
-12.029634786529389
-8.659190797029694
-9.28362079588444
-10.496005806911294
-12.623663545412496
-7.920320795884441
-7.781367297919716
-8.334547194372355
-8.80137203513727
-7.661458014174567
-10.64692079588444
-10.510995814329478
-10.009333062937358
-9.754277842048563
-10.647229007087283
-10.542164782668172
-8.646033062937358
-10.805899772973131
-10.774282579266117
-9.135673600930646
-7.221002864210828
-8.590194193088706
-8.533763545412496
-10.722686501573857
-8.722311613822589
-10.009333062937358
-9.660597575045278
-9.705586829643597
-8.763147260617975
-9.158419304537281
-8.487201020622267
-8.288364190626861
-7.778354193873899
-8.047682579266116
-10.870874753317594
-12.137582579266116
-13.39293478652939
-10.496005806911294
-9.941769578925683
-8.276023178573704
-8.614878220578607
-9.103952723009622
-8.676060133781924
-10.255940593440684
-10.363888386177411
-10.9064
-10.66633478652939
-9.089886647597055
-8.342286829643596
-8.863753222018637
-11.859305806911294
-11.859305806911294
-11.379175379970073
-8.960529482059165
-9.306995160273546
-10.255940593440684
-8.382579493191285
-7.383544845740715
-7.175870648446253
-8.200893913718406
-8.659190797029694
-7.885101025413506
-7.282082789761416
-9.639323178573704
-8.362090470626516
-7.907100100907245
-7.93973478652939
-6.819467794019353
-8.382579493191285
-7.7009867563988745
-7.11403289773629
-8.315629493502634
-10.067664492742498
-8.951469618620298
-8.719358621829942
-9.317013566259947
-8.071852207263273
-7.60278890006195
-9.172236017568634
-10.64692079588444
-10.199509945764476
-10.60990413885318
-8.651261120457775
-9.299932840268905
-11.161455220888794
-9.555520877852294
-8.296575973899067
-9.953494193088705
-9.178864782668171
-8.87802074775208
-7.853563020106307
-10.936769408909713
-9.610085273982778
-11.161455220888794
-9.771440599307587
-9.420532361574669
-10.255940593440684
-9.953494193088705
-10.015875379970073
-7.491201317998069
-9.452677865953934
-8.43942724103774
-9.845546400351978
-8.188748386962605
-8.533763545412496
-10.139826137886487
-10.340666834711383
-10.00342239361612
-8.187847437764393
-9.030957795087126
-9.713428979618095
-10.085611613822588
-9.150739901586123
-10.1238231727068
-10.558386993792661
-10.164672035137269
-10.276012809464353
-7.951696277537811
-8.598541794949352
-7.461361256032157
-9.147695814329479
-6.9268208366636985
-8.017668521172618
-8.784692800703956
-9.180467148104057
-6.757652173641178
-9.965455684097126
-8.264981857812751
-8.912712809464352
-9.00058838617741
-9.365415973410757
-9.713428979618095
-8.988863772014389
-8.482246400351977
-8.390977842048564
-8.590194193088706
-9.163075215821008
-10.015875379970073
-8.350128979618095
-10.26589164561697
-10.164672035137269
-9.343883648959858
-8.038284387220743
-10.506458829161886
-10.236526602795735
-8.572693204648145
-10.388058014174566
-9.150739901586123
-7.702306876605035
-9.403919986569711
-13.633
-11.463901621240772
-10.566667879368696
-10.04073067529016
-11.234044827334627
-8.47245983592982
-12.440028979618095
-9.675217420733883
-10.439575159235085
-10.085611613822588
-9.754277842048563
-13.036514489809047
-10.60990413885318
-8.825541663134425
-13.09048838617741
-7.7843958143294785
-7.986961523923143
-9.232422055600178
-13.09048838617741
-12.680094193088705
-12.982540593440683
-9.634245235313259
-7.226894193088706
-10.66633478652939
-9.110059589808518
-8.622436266713542
-8.892640593440683
-10.16618629334215
-10.64692079588444
-8.809891227686604
-9.387761027800089
-7.0900590289299315
-8.104824141977321
-7.890524638916084
-8.276023178573704
-7.631397057299534
-9.483984206373794
-8.572693204648145
-7.3893810227323025
-8.906619373171242
-8.08180325943956
-6.902365940693218
-7.94171166204601
-7.97847286716211
-7.8726358562231304
-8.086842214681457
-7.09953240970703
-10.526375215821009
-8.596144732293865
-9.845546400351978
-7.605027366498359
-10.91836149100842
-10.04971737166241
-8.109274860411608
-9.798155220888795
-9.408619008593606
-7.624403979935051
-9.701704365455072
-9.552048386962605
-8.816795955119527
-8.272550595791081
-7.877945969549539
-10.24432981770767
-9.479713142462492
-9.48666935232379
-8.242181186881368
-10.015875379970073
-8.572693204648145
-7.4296736862799895
-11.161455220888794
-9.543099999999999
-9.410982579266117
-6.661161027800089
-11.316794193088706
-8.507444827334627
-8.988863772014389
-8.059767393264694
-9.558090007418183
-11.379175379970073
-7.925885619331869
-10.877512628577954
-10.9064
-9.907927587233347
-10.388058014174566
-11.727188386177412
-11.619240593440683
-10.318321780322053
-10.798452207263272
-9.918994706973244
-9.420532361574669
-8.290120836663698
-10.318321780322053
-8.026971268730843
-9.109484255445267
-7.952099185799143
-9.05253628692603
-9.58606719623642
-10.078256566851442
-10.04279245450835
-9.30501166204601
-12.010220795884441
-10.849969352323791
-11.076728979618094
-12.401817420733883
-13.09048838617741
-10.788665642841115
-10.396755999920847
-11.562809945764474
-10.164672035137269
-7.650459425445473
-7.79759790017038
-10.628123227645178
-11.52797203513727
-10.352163772014388
-10.66633478652939
-9.564193913718407
-9.455224423286943
-10.510995814329478
-8.078800343447794
-8.727515056818616
-10.64692079588444
-10.575066228225975
-10.877512628577954
-10.628123227645178
-11.316794193088706
-9.717389353362252
-10.66633478652939
-10.526375215821009
-7.167242828492304
-8.81506220961367
-9.076275159235085
-9.037223183364942
-8.768470589579465
-8.854429034556471
-8.555694706973243
-8.390977842048564
-6.986828979618095
-11.117577842048563
-9.782745508870555
-6.942483145940465
-9.639323178573704
-7.5352911326458445
-9.163075215821008
-8.382579493191285
-7.959807002553058
-8.96608890006195
-9.103818435489247
-8.988863772014389
-8.852581689322438
-7.677714489812925
-10.514126437911514
-10.10824138746106
-8.768470589579465
-9.543099999999999
-9.179947977559763
-9.845546400351978
-7.832774606477336
-10.686407002553057
-10.798452207263272
-10.340666834711383
-9.881132351087759
-10.467118435489247
-7.88330413885318
-8.002115973410758
-8.67949245450835
-8.390977842048564
-11.448911613822588
-8.272550595791081
-8.720833276806905
-7.414037753732811
-8.1798
-7.908970793355035
-7.006901195641763
-12.029634786529389
-10.9064
-10.9064
-10.10824138746106
-9.772981124034255
-7.984827922813592
-9.049956441157216
-8.659190797029694
-9.435152207263272
-9.845546400351978
-6.986828979618095
-9.427797160292126
-9.195086993792662
-8.203969627997155
-7.2698613893251265
-8.976229324914463
-7.036197034597899
-8.191761491008421
-6.454721055650941
-7.1704533187738395
