-10.747111143404837
-10.118604978359773
-10.903784263339908
-9.846985672056906
-12.0356155320336
-12.317811589286851
-12.27267526960258
-11.894636843139995
-10.762234902457237
-10.259082035842232
-10.956477167516544
-10.745830520642434
-12.167984791858458
-9.190173491176973
-11.897149193440132
-12.646544727935575
-10.80840325943956
-12.349002182727535
-11.848051058681914
-10.202515421666106
-11.497895182631162
-11.833454737322452
-11.378226660105554
-12.55227069373053
-12.376348087927257
-11.135477767140735
-9.995880086664071
-11.780128756785814
-11.76208610826731
-11.404018353414713
-10.08857940784194
-8.950217024821587
-10.517549095892413
-9.233522797164438
-8.428062714261324
-12.092015973410756
-7.972602400272825
-9.253824638916084
-9.267142183331996
-11.088621980046291
-10.873121585462108
-10.867805633255479
-11.14809791009819
-11.474602912898725
-11.629532015684461
-11.880789405029503
-10.026495820196383
-11.81905949884721
-8.453862035255622
-10.284236187035177
-11.90546478266817
-11.660089455871152
-11.143512221477962
-12.332081186881368
-9.688413734120072
-9.268312896740504
-9.61939905214582
-11.246480538020984
-11.954023186441393
-7.4828609979407625
-10.670775588004162
-7.221530689812089
-7.762928556494082
-11.360686987266
-11.408181189814819
-10.421029948888616
-10.670558631722123
-9.990430675350446
-11.43018190115668
-10.453186647597056
-9.601134828504117
-8.47245983592982
-11.845345561391591
-12.6518788692506
-11.05604853245481
-12.717937579617542
-12.212048580146062
-11.679195235313259
-11.87880656550951
-13.17173180099921
-10.056754451782025
-12.103188500605423
-12.397227610444396
-11.927686386699076
-11.98569699817286
-11.940549221733093
-11.260363545412497
-9.425365642841115
-11.704953807843518
-11.946947606855487
-11.166027241037739
-10.888899011559438
-11.737227479228082
-9.072597635749514
-9.444169254600688
-10.4738742277667
-6.487539272152946
-10.019173849042522
-12.580486017568635
-11.2193081544955
-9.902125751367159
-10.966569195267986
-10.418122909652087
-10.296789455871153
-11.762886568872865
-12.432238086995223
-12.070483648959858
-11.712744700466388
-11.064574703792438
-11.239215809261692
-11.373743359059649
-9.082905711473254
-8.94677932953106
-11.053702125188739
-12.37954851729895
-10.807252096471753
-9.796234597714697
-10.665054731703904
-9.032516700838288
-7.815564782668171
-9.58606719623642
-8.590194193088706
-10.230202579737725
-9.49883827964403
-8.925692188285721
-10.659593414931011
-6.733750634245921
-7.5342952137109735
-10.6673232242877
-11.366162248068509
-11.889675215821008
-11.34716360199842
-11.76597520980572
-9.379746991646197
-11.328755684097127
-11.353428990276235
-11.825756341758165
-12.084399168904394
-11.82116653146868
-10.527935358139233
-10.66633478652939
-10.94303479718753
-12.121868123415437
-11.740014218919821
-10.057571693300975
-10.771961301919534
-10.40276296742746
-9.579098914309139
-10.607947911364718
-11.012348612750698
-9.73118339411529
-10.211249494261484
-10.031169363150433
-11.545134792396293
-10.790006249464284
-11.036672948514184
-10.959428090983693
-12.53727828342572
-12.221958688226824
-11.566502760803738
-12.453487516887233
-9.693215138369833
-9.913611168830634
-11.016141277003051
-11.922144193626533
-12.680094193088706
-11.208846400351979
-11.889675215821008
-11.204777021355733
-11.803028110327917
-12.137582579266116
-11.889675215821008
-9.44259977297313
-12.524755220888794
-12.413613277331686
-12.339349503947638
-12.680094193088705
-9.537795173069219
-10.056019812017412
-12.186950634245921
-8.936776111939597
-9.27603000387049
-11.269002496355217
-10.426818297652567
-11.085976706781588
-10.629703022090288
-10.975452669753523
-12.054318814019291
-12.241484676161896
-10.530026345232322
-10.658851624530476
-10.104421504350917
-11.660089455871152
-11.715463772014388
-9.679738578097824
-12.137582579266116
-6.888497828618277
-11.20274233185761
-10.975433979969521
-11.244641080894073
-9.983863601998419
-11.26865004154105
-11.1260970345979
-10.330835198469032
-11.044498166238093
-12.84711785094356
-11.186063097424299
-10.029180966146379
-7.491129034556471
-10.202207324767857
-10.044156497081833
-8.832632450486287
-10.897534562336773
-8.212670590944535
-10.175361770205381
-12.137582579266116
-11.727188386177412
-9.110900875672924
-12.161752207263273
-7.4213928007039565
-8.99940542141389
-10.66831166204601
-10.668712605205492
-10.475696358993805
-9.325502563986024
-11.049568106880885
-10.428170297621001
-10.546984947693831
-10.731244475306841
-11.532906604275485
-10.586472144869479
-11.85562828342572
-12.174351420754597
-10.493052814918647
-11.013164827973204
-12.11436102780009
-11.185150810620385
-11.023721519831295
-11.127968322962696
-8.099036119301177
-9.619046836954254
-10.552809233048697
-10.936662822038148
-11.448911613822588
-11.62919164561697
-9.54905053920516
-11.1260970345979
-11.316794193088706
-12.680094193088705
-10.439575159235085
-9.835274728432646
-9.605481186881368
-11.727188386177412
-11.859305806911294
-8.031332366051153
-6.883835807151658
-12.223221107340727
-10.952558975756876
-10.834235287843233
-10.9064
-11.955528985484998
-11.249695262782446
-12.213269352323792
-6.8165
-12.680094193088705
-7.472282321616925
-10.798452207263272
-10.198613543371932
-10.46981582848911
-11.715463772014388
-8.276023178573704
-8.949564841534958
-11.301505893870118
-12.680094193088705
-12.2697
-8.578469578925683
-7.539291645616969
-10.639317994019027
-10.787355831023005
-10.833320324189529
-11.493775965794955
-10.01441706749598
-10.064374198656271
-11.550823011361295
-10.789911360260527
-9.30303478652939
-12.2697
-11.448911613822588
-9.103818435489247
-10.498607528409309
-12.036287579617543
-11.601061377614414
-10.302893524365519
-10.954511589286852
-10.48138596122269
-9.371145052479736
-10.255940593440684
-9.718043460671677
-11.871390620909871
-11.802875159235086
-9.609158710366941
-11.248376611009318
-8.859072773398154
-10.693892980611345
-10.039132721163316
-9.993362925033464
-10.40038919973125
-9.962023334533082
-10.16059201419528
-8.973884008262482
-10.20114551254135
-10.84328194222651
-8.889369434924326
-11.018834008262482
-10.524739649044133
-9.261088603796114
-9.633842737856844
-11.208846400351977
-10.551612399907238
-10.130475965794954
-7.916951483601711
-11.234604972882238
-11.105734789462842
-11.248376611009318
-9.871304972882237
-10.07650206942659
-7.920320795884441
-10.361529514464966
-11.083381772706248
-10.740733114112988
-9.981023506937127
-8.429811503242608
-9.552117047337413
-7.673923183364941
-10.834711259404255
-10.302123597186178
-10.88361669707232
-10.739888500605424
-11.666579240164177
-10.482975187528048
-8.886778286359172
-11.15282379799687
-11.262820296720342
-10.098855086183182
-10.161666559235638
-10.333314190626862
-10.039370025251046
-10.77666039794222
-10.30078102421118
-11.11457236614693
-11.487070548613943
-12.300890593440684
-10.678419600527967
-10.581960782726984
-9.471760016758854
-12.326649165970943
-10.271471742444838
-10.17325341376678
-9.411931416083481
-11.361925636912343
-11.129914495138117
-10.837982417920614
-9.876736993792662
-9.634547467941438
-10.569559520987328
-12.161752207263273
-11.751358014174567
-8.69483562249005
-7.359011613822588
-10.526375215821009
-8.588786731975965
-9.543099999999999
-9.27043745689118
-7.498149561913176
-8.578469578925683
-8.588786731975965
-8.1798
-5.592764986443741
-7.765275729705547
-7.359011613822588
-9.930272641622677
-8.588786731975965
-9.373057204257222
-9.736148803670039
-12.406479514464966
-11.117577842048563
-8.316128684206275
-8.043467842166917
-8.316128684206275
-8.316128684206275
-8.80137203513727
-5.84955226220165
-9.917878639409633
-10.9064
-8.566972641622678
-7.770810686943716
-8.997776801796418
-9.406781951308531
-8.275327030736682
-10.363888386177411
-10.217729034556472
-7.128897452528265
-8.1798
-10.363888386177411
-9.132705806911295
-7.9015232276451774
-11.588101988632712
-8.588786731975965
-7.661458014174567
-11.859305806911294
-9.435152207263272
-8.492197452528265
-9.134098817458387
-8.47245983592982
-7.770810686943716
-11.042751045876413
-9.27043745689118
-9.134098817458387
-7.226894193088706
-5.818027587233347
-7.9015232276451774
-8.7251157920004
-8.432135108333977
-8.409535355352306
-9.331330380123882
-8.626828990276236
-9.897063545412497
-10.403048021592753
-7.570189455871152
-9.48666935232379
-10.558386993792661
-11.179019974542472
-7.770810686943716
-9.918994706973244
-10.859921107340728
-10.968781186881367
-5.796495262782447
-6.935941124353544
-9.96741021962077
-6.708552207263272
-11.991423227645177
-9.953494193088705
-9.798155220888795
-11.991423227645177
-8.588786731975965
-10.070991768133984
-7.226894193088706
-10.75106102780009
-9.952074918736264
-11.042751045876413
-10.0884306642996
-8.043467842166917
-7.907141192619206
-10.0884306642996
-7.634479158876101
-7.219480672593519
-10.633700100907244
-5.513610889997597
-9.862467396198147
-9.406781951308531
-7.498149561913176
-8.614363821085862
-6.661161027800089
-7.686656441157215
-10.413256441157214
-10.164672035137269
-10.557923541019736
-8.588786731975965
-10.770034922143951
-11.315374918736264
-8.071852207263273
-9.406781951308531
-7.498149561913176
-9.406781951308531
-9.815719974542471
-8.615522479447879
-8.818534792396292
-6.026081022732303
-10.9064
-7.980583648959858
-9.646330049311835
-8.350128979618095
-8.836209945764477
-6.99477639649076
-11.849121717474938
-10.633700100907244
-9.679451045876416
-9.134098817458387
-11.038517420733882
-7.225490275993837
-8.24746759402903
-10.9064
-9.611275522938207
-6.878881186881368
-11.053507428152066
-11.038517420733882
-7.044840599307587
-6.784238980320948
-10.497487844398961
-8.043467842166917
-8.316128684206275
-10.318321780322053
-8.29729757504528
-10.75106102780009
-10.628123227645178
-9.48666935232379
-10.813442214681459
-7.1189464003519785
-6.538223227645177
-8.024461027800088
-9.771440599307587
-8.462832409707032
-9.134098817458387
-10.497487844398961
-9.952074918736264
-7.27626224806851
-10.58904913120712
-10.340666834711383
-8.043467842166917
-9.134098817458387
-8.588786731975965
-9.024758014174568
-8.977366834711383
-8.316128684206275
-7.9015232276451774
-7.712975159235086
-9.771440599307587
-8.7251157920004
-8.555694706973243
-7.806828984947165
-8.1798
-8.043467842166917
-7.263528990276237
-10.361053231515669
-12.13333492214395
-6.8165
-5.4532
-8.7251157920004
-8.382579493191285
-10.849969352323791
-7.455234792396293
-9.845546400351978
-6.933997575045279
-7.549412809464353
-7.591721780322053
-8.1798
-9.612096603940989
-8.358076396490759
-10.791945641312491
-9.365415973410757
-7.940999226235119
-7.769405806911294
-9.543099999999999
-10.698785300102578
-7.5250145626779
-8.861445817325126
-8.043467842166917
-7.907141192619206
-8.290120836663698
-6.708552207263272
-10.968781186881367
-11.619240593440683
-11.316794193088706
-10.318321780322053
-8.062065642841116
