-9.725390470626516
-9.429905267217638
-9.11808596122269
-10.75106102780009
-9.686424196959196
-12.029634786529389
-6.964975330956551
-8.905609869657832
-8.413387963053399
-9.149215901601368
-10.496005806911294
-10.936769408909713
-7.740236562754965
-7.568500228856025
-7.9791053495158835
-8.481260432318665
-10.008084487347205
-9.918994706973244
-10.199509945764476
-9.149215901601368
-10.085611613822588
-9.891705376108854
-10.400523183364943
-8.269787119748868
-10.352163772014388
-9.84095411214169
-10.566726611009319
-9.03596479039988
-9.183684947693832
-9.503041095881754
-11.619240593440683
-7.563356750060642
-9.907927587233347
-8.990025840429002
-10.388058014174566
-9.971528287763533
-9.930272641622677
-10.66633478652939
-9.410982579266117
-8.29729757504528
-7.928010172366368
-9.210077001210848
-9.821376772354823
-9.821376772354823
-10.426269573058779
-9.483984206373794
-8.970574328083913
-9.343883648959858
-9.132705806911295
-8.988863772014389
-8.784692800703956
-8.55013528897046
-8.444034841467765
-8.390977842048564
-8.358076396490759
-7.24188420050689
-8.07954964580536
-10.299158900516456
-9.113769487665534
-10.413256441157214
-8.272204455081324
-8.860940515222046
-9.632398261419644
-9.056427256026064
-9.686424196959196
-6.462432850760816
-9.132705806911295
-9.076275159235085
-9.628965940693218
-7.8816915904196785
-9.102410411835939
-9.103818435489247
-10.093059179532446
-9.897063545412497
-8.341119414870679
-8.631889479776522
-7.1506156422034755
-9.143158829161885
-10.558386993792661
-10.190606414566668
-8.315629493502634
-7.916513235063363
-7.580857738501202
-8.533763545412496
-8.444034841467765
-8.23239462245921
-9.1492569878017
-10.355118226019446
-10.544117396198146
-9.131227469895611
-7.928203692115493
-8.771679668802394
-10.628123227645178
-9.135673600930646
-9.68266498644374
-9.990128990276236
-8.849821434126445
-7.80024282700802
-7.302850151723729
-9.697847194372356
-8.853504641445701
-7.108335389522122
-9.686424196959196
-14.105775379970073
-7.08868237052713
-11.078102093296067
-9.460910779793531
-7.824120722023492
-10.15627368627999
-9.768764263417344
-9.31742164407867
-9.12836273336419
-8.760523172706801
-8.757373837264442
-10.128865607334857
-9.897063545412497
-9.023220157035194
-9.147695814329479
-8.203969627997157
-7.816919396698232
-7.2992264321463605
-6.809144953028854
-9.297143457651513
-14.043394193088705
-8.58430286421083
-8.3994970345979
-8.24316879956604
-7.230516902991513
-7.575499569197561
-9.421492725543516
-10.131770589579466
-9.639323178573704
-9.161519173750134
-9.478650173295147
-9.947602864210829
-10.199509945764476
-7.265358423978109
-9.543099999999999
-9.602200991969546
-7.929754131409812
-8.760523172706801
-7.452628447759673
-7.263528990276237
-9.660597575045278
-9.28362079588444
-9.44510325943956
-8.361285475713688
-8.583716942671494
-8.461878221479267
-9.177266742110513
-10.04971737166241
-10.070991768133984
-9.667862373762738
-8.197834094674828
-6.964975330956552
-9.103818435489247
-9.713428979618095
-7.2717743915295125
-9.293248222107232
-9.807334841467766
-9.567269627997156
-9.793618235721201
-7.169560378546539
-9.218571747604514
-8.559329389762421
-8.593757335239848
-7.663434889691189
-6.813223076222448
-8.722311613822589
-9.006538925382571
-8.17508225657511
-9.215159209816331
-8.838907324767856
-10.056724242400541
-8.414707102850128
-11.727188386177412
-9.709494920843927
-9.686424196959196
-9.279813235063363
-9.399257965103095
-8.944157738501202
-10.131770589579466
-7.306834920812861
-8.729759179532445
-10.510995814329478
-9.478650173295147
-7.69927498879414
-9.0749310640672
-9.875915809261691
-9.552048386962605
-8.723052168849941
-10.592228985484999
-7.763514478033418
-7.472909945764476
-11.727188386177412
-6.8901047240988325
-7.25583189291145
-7.344391768133985
-9.163075215821008
-8.421347250958277
-8.107438157999054
-7.49670590781854
-9.410314274112277
-8.89669765731431
-8.802218459394618
-10.82365063424592
-8.766075143288914
-8.797998386880264
-9.750063776805627
-10.019552903455645
-9.953494193088705
-8.955021780322053
-9.292980104839009
-9.405229303054512
-9.251037346037162
-8.992136953942907
-8.659190797029694
-9.06786585131386
-9.08120387936742
-10.302893524365519
-10.46779048307319
-7.598291521976475
-9.855497452528265
-9.310982203402054
-9.855497452528265
-8.434855220888794
-8.430318235721202
-8.25886042131468
-8.849821434126445
-8.462832409707032
-10.02918096614638
-8.30383186945393
-9.435152207263272
-9.132705806911295
-10.413256441157214
-7.409668186540935
-9.048670721504998
-9.447617376453646
-10.877512628577954
-9.011342794877462
-9.09403187106709
-9.694014988973146
-9.639323178573704
-7.325210739784853
-9.034709066350853
-11.260363545412497
-10.686407002553057
-11.117577842048563
-10.426269573058779
-11.208846400351979
-10.849969352323791
-8.467626554663374
-11.334828287763534
-7.5655556290599915
-9.446432871160718
-9.637842437186661
-10.64692079588444
-10.453186647597056
-9.639323178573704
-7.820384947693832
-8.434855220888794
-14.175511613822588
-10.025870320173278
-8.667228119553915
-10.400523183364943
-13.986963545412497
-9.717389353362252
-7.928203692115493
-9.789115752675771
-7.98164186848585
-9.211766228225974
-7.748180171455439
-10.82365063424592
-7.5026187160991915
-8.14613894735084
-8.413387963053399
-9.686424196959196
-9.164635358139233
-9.3364033341168
-7.347667818567844
-8.722311613822589
-10.400523183364943
-9.639323178573704
