-13.203669487665533
-13.552140089369852
-14.035965139784894
-13.17841133067858
-11.651274300472775
-12.848846411010118
-15.016196265448748
-14.966742103186895
-13.976295262782447
-14.146624242400542
-13.897673116187105
-14.283124183007269
-14.704461917650274
-12.115044584159078
-12.933561947178953
-13.570746504736187
-13.944315127331631
-12.494135372247637
-13.07298739773685
-11.921686993792662
-13.91357820428464
-14.334546265448747
-12.549874445989554
-13.163490013285088
-12.714842402379904
-13.222335796474178
-13.882502198355969
-14.870405086183183
-13.271973861891098
-12.691451835327621
-13.375433798088826
-12.19576836388323
-13.30809492300198
-12.367317934618422
-12.837152673417059
-13.379278445800656
-10.892358069112944
-12.704880885932939
-13.358435300413928
-13.11342581046826
-13.66963479718753
-10.228276223593294
-14.48262010790565
-13.456073829851178
-14.015468138175514
-11.78576622930163
-14.458924518174058
-13.203669487665533
-12.813693651310256
-12.651206821666658
-12.787568516254275
-12.586125180082536
-13.043826361568918
-13.87604048307319
-12.345386773057674
-12.17775517244296
-12.772844788879787
-13.06386084065595
-13.43590198276581
-12.861579668802392
-13.195129815578754
-13.299977001210847
-8.863349246094923
-10.793538704647583
-13.789972732554803
-13.364047415107342
-13.123355999920845
-13.012910002350397
-13.117130141637404
-12.955535810781786
-12.815179407841942
-11.657557419223062
-14.44229149266684
-13.52253551955513
-13.083425793481007
-15.069853714076032
-15.003036906409811
-14.813782611619596
-15.350263545412497
-11.9164473696225
-12.623663545412496
-13.067266834711383
-14.222157536870526
-14.334546265448747
-14.453788386177411
-13.478417051283936
-11.964654190029083
-14.530087438323232
-11.369647702157716
-12.796870166987771
-12.04260406274654
-12.663743979873741
-13.005683207013497
-11.063844573375736
-11.541402585111735
-13.369713235063362
-13.579266731327174
-12.551778221479267
-13.03729607109834
-12.63179283102171
-12.992491645616969
-12.414156630203076
-12.934239231373688
