-12.17632599725297
-10.201008869643198
-8.75589836716318
-10.877512628577954
-9.897063545412497
-8.420013250392792
-8.867524404622927
-7.529340593440684
-9.608779655953818
-8.72602368659134
-9.037223183364942
-6.576434786529389
-10.363888386177411
-8.150912628577952
-6.576434786529389
-9.327204414526546
-9.555061491008422
-8.648853461056632
-9.350952036711611
-9.016185960264794
-9.800582486761527
-9.375196763999615
-8.843430445827378
-7.447020422099875
-9.09181418669285
-9.448874412149806
-9.213460288515256
-9.3722224731019
-10.158454554847479
-9.36167528770067
-9.229021191244506
-9.505814279720674
-9.623897520234694
-7.661458014174567
-8.074820001282625
-8.173322749582788
-9.944417654814238
-9.462518671290294
-9.470738157999053
-8.935607789677105
-9.348127922813593
-9.552048386962605
-9.372031390470381
-8.598541794949352
-9.492076455357548
-8.748025111448577
-9.406781951308531
-9.406781951308531
-7.634479158876101
-7.361820253650936
-8.1798
-9.406781951308531
-9.406781951308531
-6.9528301749580095
-7.361820253650936
-6.9528301749580095
-9.406781951308531
-8.452457508135764
-10.9064
-8.7251157920004
-7.770810686943716
-10.224801988632713
-7.089160323251182
-7.634479158876101
-9.952074918736264
-8.997776801796418
-9.952074918736264
-8.7251157920004
-7.361820253650936
-6.9528301749580095
-9.406781951308531
-7.498149561913176
-9.134098817458387
-9.406781951308531
-8.043467842166917
-8.043467842166917
-7.361820253650936
-9.134098817458387
-8.316128684206275
-8.588786731975965
-7.361820253650936
-8.861445817325126
-9.134098817458387
-8.588786731975965
-9.543099999999999
-7.634479158876101
-9.952074918736264
-9.679451045876416
-6.9528301749580095
-7.225490275993837
-8.452457508135764
-7.498149561913176
-8.861445817325126
-8.1798
-7.498149561913176
-8.588786731975965
-8.588786731975965
-9.134098817458387
-7.361820253650936
-10.224801988632713
-7.498149561913176
-8.588786731975965
-7.225490275993837
-7.498149561913176
-8.997776801796418
-9.543099999999999
-8.1798
-10.224801988632713
-10.770034922143951
-8.043467842166917
-6.9528301749580095
-6.9528301749580095
-6.9528301749580095
-7.498149561913176
-7.634479158876101
-7.361820253650936
-9.679451045876416
-7.089160323251182
-9.679451045876416
-8.7251157920004
-7.770810686943716
-9.815719974542471
-9.883897446639367
-7.907141192619206
-7.225490275993837
-7.634479158876101
-9.543099999999999
-7.634479158876101
-8.588786731975965
-9.952074918736264
-8.452457508135764
-8.1798
-8.588786731975965
-10.633700100907244
-7.361820253650936
-9.406781951308531
-9.543099999999999
-9.27043745689118
-8.997776801796418
-9.134098817458387
-7.770810686943716
-11.042751045876416
-9.679451045876416
-9.543099999999999
-8.452457508135764
-9.679451045876416
-8.452457508135764
-9.134098817458387
-7.089160323251182
-7.089160323251182
-9.952074918736264
-7.634479158876101
-10.770034922143951
-8.997776801796418
-7.361820253650936
-7.907141192619206
-7.089160323251182
-9.952074918736264
-8.997776801796418
-8.861445817325126
-7.225490275993837
-7.907139123059725
-7.361820253650936
-8.316128684206275
-7.770810686943716
-8.861445817325126
-10.224801988632713
-7.770810686943716
-8.316128684206275
-7.770810686943716
-7.089160323251182
-8.1798
-10.770034922143951
-7.089160323251182
-8.7251157920004
-8.588786731975965
-7.361820253650936
-7.907141192619206
-10.361053231515669
-8.997776801796418
-7.634479158876101
-9.406781951308531
-8.316128684206275
-8.588786731975965
-9.406781951308531
-7.907141192619206
-10.0884306642996
-7.089160323251182
-9.134098817458387
-8.7251157920004
-7.361820253650936
-8.452457508135764
-10.0884306642996
-10.0884306642996
-8.1798
-7.634479158876101
-6.9528301749580095
-6.9528301749580095
-9.679451045876416
-8.452457508135764
-7.770810686943716
-7.225490275993837
-7.361820253650936
-7.361820253650936
-7.361820253650936
-7.634479158876101
-7.225490275993837
-7.361820253650936
-7.225490275993837
-9.952074918736264
-7.361820253650936
-7.770810686943716
-8.316128684206275
-9.815719974542471
-6.9528301749580095
-7.361820253650936
-7.907141192619206
-7.498149561913176
-7.634479158876101
-7.225490275993837
-8.452457508135764
-8.1798
-7.907141192619206
-9.406781951308531
-6.9528301749580095
-7.907141192619206
-8.997776801796418
-7.770810686943716
-7.225490275993837
-9.952074918736264
-7.089160323251182
-8.452457508135764
-8.997776801796418
-7.634479158876101
-9.815719974542471
-8.861445817325126
-8.1798
-7.225490275993837
-8.043467842166917
-7.361820253650936
-9.952074918736264
-10.0884306642996
-7.907141192619206
-7.225490275993837
-8.316128684206275
-8.861445817325126
-7.225490275993837
-7.361820253650936
-9.952074918736264
-9.815719974542471
-7.549412809464354
-7.361820253650936
-8.7251157920004
-8.043467842166917
-8.452457508135764
-7.907141192619206
-7.361820253650936
-8.997776801796418
-8.043467842166917
-8.997776801796418
-7.498149561913176
-8.588786731975965
-8.588786731975965
-9.406781951308531
-7.089160323251182
-10.224801988632713
-7.634479158876101
-8.316128684206275
-7.089160323251182
-7.361820253650936
-9.952074918736264
-9.27043745689118
-8.7251157920004
-7.089160323251182
-7.225490275993837
-8.1798
-9.27043745689118
-11.588101988632712
-8.452457508135764
-7.361820253650936
-8.861445817325126
-7.498149561913176
-9.679451045876416
-10.224801988632713
-8.997776801796418
-7.907141192619206
-9.134098817458387
-9.406781951308531
-8.7251157920004
-8.1798
-7.907141192619206
-12.8150306642996
-8.316128684206275
-9.27043745689118
-8.997776801796418
-8.588786731975965
-8.316128684206275
-8.997776801796418
-10.497487844398961
-7.498149561913176
-8.043467842166917
-7.361820253650936
-8.997776801796418
-8.7251157920004
-9.543099999999999
-9.27043745689118
-8.997776801796418
-8.588786731975965
-7.907141192619206
-11.997000100907245
-8.861445817325126
-9.27043745689118
-9.815719974542471
-8.316128684206275
-7.089160323251182
-9.679451045876416
