-7.61852412301864
-8.873226602795736
-10.007930197813563
-9.897063545412497
-8.242181186881368
-7.649249877185833
-7.979539982239713
-7.852177449856193
-7.648205607373219
-7.567478476630484
-8.007090495651408
-8.051000365470536
-7.9854202927151094
-7.41233545343192
-6.824451717423365
-7.989839100793539
-13.904255806911294
-7.383054052155275
-7.8697424813774655
-8.037925522201332
-7.593353325255501
-7.955006222325556
-9.435152207263272
-7.05755776836011
-7.478498138772783
-6.272096775408073
-7.521498443466186
-8.17508225657511
-7.221468499233675
-7.190383957619663
-8.328804340281668
-8.029781645090692
-7.7318866388203285
-7.940259991389534
-7.54296989017767
-7.905036114167006
-7.7138086856826975
-7.49032565482643
-7.777015278189138
-7.876640580386951
-7.274333431148279
-7.130358363767792
-8.76438818656019
-7.944118505181986
-8.06677969794973
-8.102764599273193
-7.993854153888396
-7.70607081793729
-8.195671182626288
-7.302941029485751
-7.197014661309807
-8.318410194786063
-7.6828012341843595
-10.569559520987328
-8.842475624690303
-7.685095939801292
-8.651057671118547
-7.420397802220461
-9.37786259593768
-8.28300185599895
-6.074772035137269
-7.257685682802638
-7.897882092326504
-7.689556972598679
-7.7007731736930305
-6.838248624345176
-8.913959517451802
-7.2935384906797704
-8.03877176649067
-7.974564623479819
-6.4701720297868786
-8.592763438506845
-7.646371432616038
-7.5096258742770265
-7.277095598752973
-7.838948168382678
-6.728845216054578
-7.942541939137156
-8.309528050600637
-7.824441692970327
-7.263677027198417
-7.521545187969323
-7.622402888984782
-9.30303478652939
-13.3335288692506
-9.34177286716211
-7.724778766677126
-6.6647379158235465
-7.839877779191434
-8.143181781107247
-7.901364129225016
-7.485312818798044
-9.907015300429434
-8.83913401907748
-7.961479418414648
-7.817293919993965
-7.661687487183866
-8.35288656034406
-7.635466421342999
-6.610679246452498
-7.988376066835032
-7.78138089160384
-7.813805579571305
-8.0600115116045
-7.74203863147831
-7.955551237331784
-7.527014326081
-7.427435547112665
-8.148784990830334
-8.091960152948367
-7.184581404388978
-8.591741525508379
-8.273600639357031
-7.777741399285887
-7.71585099829103
-7.702930997340035
-7.8552717476045135
-7.883304138853182
-10.050222654028978
-8.161783231387865
-6.482002908101149
-8.002774198789478
-7.155581197539509
-7.557697260720609
-7.808355154360789
-7.789358089124584
-8.341714508786563
-8.092695641936881
-7.890054435859142
-7.054032124060891
-7.539110037313499
-7.4967806221434765
-7.941026916057309
-7.57239586453297
-7.495555564168037
-7.482682642435708
-6.367396218058499
-8.37264393798163
-8.280217342515245
-6.397505645366484
-9.08789347880448
-7.702136415647754
-7.9952809450641835
-7.810791479381448
-8.02828768807978
-7.5942742877228495
-8.167770720437506
-7.930014227440989
-7.996541717887589
-7.424115187913206
-7.847702100677732
-7.676845400924008
-7.875049593167172
-8.289924700168283
-7.4222033449349105
-7.576589774485467
-7.775329434288666
-7.639170616679532
-8.09505639148978
-7.975790390750453
-8.223796260949284
-8.338659824885147
-8.267661130291824
-7.448424342407998
-7.321964299831133
-7.077632285079409
-8.334024554862756
-7.254210776725791
-7.621105221198453
-7.71861995422112
-7.335688308439242
-7.3730626390310166
-7.8445680198415175
-7.926549206110625
-7.0717848078025645
-8.212035821559988
-7.766383596421746
-7.4359722099642775
-7.85320310778103
-7.862196221861062
-7.683383357429909
-8.020769820302743
-8.590194193088706
-8.707691768133984
-9.037223183364942
-8.863753222018637
-8.350128979618095
-7.289275379970073
-7.268127182163568
-8.98255765650854
-7.452371909193759
-7.865951230893329
-7.52914622782657
-7.024963915970804
-8.045920823452267
-8.328792917822211
-8.62283027995352
-7.402996714324943
-7.997994606757403
-8.132227582648326
-7.7128513749544
-6.9672194459658305
-7.7203627711534715
-7.465233365851707
-6.654222209258454
-7.449311567572558
-7.414796809095968
-9.563893728960455
-8.259161609659804
-7.015919230233708
-7.924910879071457
-8.126499454655171
-7.4740638188957105
-7.5195540290185265
-6.779214279720674
-7.226894193088706
-8.047682579266116
-9.453692320273822
-7.355755298606523
-8.100883173961241
-7.575930713095177
-8.769062736367802
-12.795660895490096
-7.6732946541114195
-7.610788778616078
-9.211766228225974
-7.240065232356769
-6.423987324941244
-7.65167144975241
-7.470224799814479
-8.827306414566667
-8.123369352323792
-6.3363695730587795
-5.585317420733883
-7.489435434760113
-6.8143522178787075
-6.852881953848252
-7.104326554663374
-8.1798
-8.242181186881368
-8.123369352323792
-8.045573820214601
-8.865767816441252
-7.854391137091217
-7.989841248661146
-7.393580909538768
-7.950459049679821
-8.338659824885147
-7.748018822664801
-8.20278358567974
-7.78477395131972
-7.802440864737893
-7.999837589894103
-10.515770912239965
-7.310322938555132
-7.600485416588585
-7.830247959623176
-8.259181920005833
-7.918751018625769
-8.274562212317964
-7.912439694976264
-7.724151766870183
-7.964702114841808
-8.002991573849823
-7.708437660471544
-7.708249406209784
-7.926007092687694
-7.945408292106933
-7.623188638419338
-7.446589511533535
-8.073279837807705
-8.515949096980226
-7.893207754053583
-8.35350948469175
-7.8786415756200565
-7.8594429000622945
-6.783570191592502
-7.487957921274435
-7.887909678803151
-6.271988030016164
-6.339538350586787
-7.624149003863165
-7.9672049530043525
-9.919134279583071
-13.798952163445785
-12.523008685831204
-12.774072338379973
-8.267949651832105
-8.0296805521695
-7.95055552084183
-7.886768014734131
-7.9059450969877
-7.923004570169761
-7.682792282910958
-7.678428705159098
-7.809193588573824
-7.803953134511885
-7.8591293436902045
-7.027619483377571
-8.285017533027895
-7.680754917383604
-7.874616267785112
-7.732261867723933
-7.173269075602073
-7.8666015029407275
-7.456144498126483
-7.597164191553877
-6.973817907106781
-8.085318448856793
-7.851803067561492
-7.900502780452177
-7.387790016713473
-7.606766893076977
-7.668081746933979
-8.095826565386913
-7.609617989207097
-7.691197254185394
-8.362932861423477
-8.336422497965833
-8.507053673104354
-8.273014741833478
-8.554394690294627
-7.941426584841454
-7.618908562233989
-8.539100038366282
-6.722934259784376
-7.692696695290524
-7.9070085887062955
-7.578989735605517
-8.439381345633105
-7.479992432470318
-8.274499679967136
-7.797804401300056
-8.74719864047628
-7.53111750460027
-8.509874734567799
-7.2596710625372705
-11.623200967184841
-9.667862373762738
-7.883304138853182
-10.66633478652939
-7.637288386177411
-7.639497384226013
-6.980232272381972
-8.229148748544565
-6.706388190392698
-7.786276735077542
-7.6411887608652656
-7.733687123204748
-7.712645573603348
-10.728715973410758
-11.765031772706248
-13.39293478652939
-7.56499256669112
-7.282524247405225
-8.732847502054256
-8.132282221396183
-7.613124138946139
-7.151242661304492
-7.905928320322858
-8.042680614731198
-7.926039875482596
-7.154532351087759
-8.276023178573704
-10.542164782668172
-8.380369294993505
-9.073477798048215
-7.8047539280354
-7.814394594083217
-6.916671865230937
-7.265232074496797
-6.58468231678206
-6.763199454655171
-6.5997416027427
-7.304467840345327
-6.175159313740766
-7.5302135585526555
-7.203867494468252
-6.822540254133307
-6.863844308819803
-8.54643931942856
-7.219873227645177
-7.420383025417253
-7.85883144671623
-8.337924709245527
-7.493327484108498
-8.363643173945524
-7.562507657707821
-9.068203789336044
-8.645482557501456
-7.6929698244007065
-7.8093883384524
-8.98255765650854
-7.5342952137109735
-7.591721780322053
-7.7434253109683695
-7.855055318954805
-8.401125328968014
-8.353334841058098
-6.924893318132294
-8.776396382534845
-7.975498910130433
-7.315487205507767
-6.7324135438360315
-6.854679982463993
-7.134847991733425
-6.9851341298977845
-6.446405141749154
-8.892640593440683
-8.700515029752404
-8.311917420733883
-7.883304138853182
-7.562935707063704
-7.621076416415737
-6.673191768522494
-7.9678606490677
-8.533128752261373
-7.643745095547137
-7.787563517497618
-7.966981724202706
-7.594341462890429
-8.661603917693215
-7.475106481930303
-7.678489637285882
-7.709583161871903
-8.68535259707139
-7.420341980676606
-8.300062216488241
-8.193401023896607
-6.442345944901213
-6.498809329694123
-10.510995814329478
-9.2111549635932
-8.533763545412496
-9.224920314670673
-7.9210431842888465
-7.468691681432406
-7.571423523026532
-7.652035541390722
-10.575066228225975
-13.307770296720342
-13.512967393264695
-13.427802903455646
-8.306319270206725
-8.682017586948948
-8.203673665148115
-7.9649661646156416
-7.853116147576442
-8.327689785690607
-5.038307098894751
-8.814544135568141
-6.467793522623228
-7.715573867516269
-7.680041710560214
-8.29770205616873
-8.373632899130525
-7.968674558789752
-8.496518258347615
-8.072666868763864
-7.782879619730919
-6.6927065526181995
-6.970577388566115
-7.2895481518680985
-13.664190593440683
-8.172234475363224
-7.669769338122935
-6.705191384604591
-8.241973997353908
-7.505223070218883
-8.497540113171631
-8.048436176360193
-7.481879280174001
-8.341247717878511
-7.608036860489435
-7.504694656197325
-9.056245107534494
-7.259095004305527
-7.816362218593502
-7.432743736970349
-7.184922167173273
-7.747886064159502
-7.635461699325806
-7.276837224757025
-8.050464747126684
-7.694782167929196
-7.675046669128037
-6.798969983416489
-9.157829632536389
-8.469727717090544
-8.526833934246913
-8.46422350584329
-7.518662707312668
-7.820949865022895
-8.34471462821169
-7.565422416981534
-7.109257875915954
-7.714420774992688
-7.957353160397916
-7.649249877185833
-7.555518038067435
-7.973094956704016
-8.423581501817024
-6.2374920004203975
-6.877511135916066
-8.510567871857582
-8.280849037555264
-7.351836409127795
-8.29775624873596
-7.984385098084304
-8.4492336180756
-7.616999155723669
-8.056183924066668
-7.336966838843998
-7.821892054219565
-8.272138711217377
-8.294768619661498
-8.276517940889919
-8.299920776395076
-8.102208632243705
-8.237120907336319
-8.722000856713926
-7.903166660590445
-8.375026812465464
-8.349955330143068
-8.058736114981103
-7.65635003996087
-7.889715177606817
-7.526162793602407
-7.685936094206404
-8.432056328586102
-7.500503973365199
-7.536283930259055
-7.569210172805263
-7.725472395179076
-7.870825401463402
-8.375220328177306
-7.822711020479356
-8.174553855230641
-8.194352945144022
-7.722097068059502
-7.838616993280568
-7.782781201342538
-7.751324525845544
-8.937180250543653
-7.748137331205996
-7.980981317654398
-7.6064442061771205
-8.071504466122766
-7.877689993035747
-7.802475298363288
-7.78836688645545
-7.618573454985973
-8.370515690686618
-7.259503896414023
-7.660688086995226
-7.330124242400542
-7.416479298088268
-7.838402410852285
-6.885829323065891
-10.100601621240774
-7.500453222018637
-7.094776772354822
-8.976229324914463
-9.750063776805627
-12.328810028365009
-6.993449718712128
-7.734738776484803
-7.855417217097047
-7.483180384198286
-8.028076864194917
-7.7216599449468095
-7.535342966279493
-7.353107828080282
-8.61658980936695
-7.615515523820018
-7.805935924203819
-6.141518772780331
-7.881421470349476
-7.431154051776889
-7.324038937192824
-8.317020077926353
-8.590194193088706
-7.226894193088706
-7.513085419132338
-8.103219633547397
-7.569929423477434
-7.550961370070866
-8.260222063653083
-7.776022055535639
-7.765406564806727
-8.280445376875191
-6.6895308343103626
-8.331402957936307
-7.253046265883489
-8.452077590375385
-7.885239612064468
-7.699180327687481
-7.485666528130337
-7.178508255110249
-8.132752322889093
-7.904463129403798
-7.986675174870573
-8.656694721003998
-7.9384001789369485
-7.978635130221846
-8.339581943533656
-7.438072035137269
-6.846869408909714
-7.071555220888794
-6.878881186881368
-9.333276660105554
-4.654467744990606
-10.114773918313924
-11.316794193088706
-7.675155221731551
-7.701835255787975
-7.9716830844499045
-7.8654183144000465
-7.7540874376971765
-8.348804217783563
-7.476522727292481
-8.016867624981996
-7.092983848754173
-7.525826232274881
-7.870207350278599
-7.707412999691082
-7.9015232276451774
-9.701704365455074
-7.31619245450835
-7.60683550076558
-8.313280758608647
-7.756247731238093
-8.412277768379365
-7.8617220284826015
-7.203297021739137
-7.6638942219396675
-7.347047606506429
-8.031396875645827
-7.132205228011204
-8.375871334453283
-7.649486754031233
-7.789641376134283
-7.883212643629067
-7.3339271103060835
-8.005039691373574
-8.164602803054356
-7.594427370111387
-7.779075941627452
-7.361474575362363
-8.316430638036616
-7.485196489113526
-7.666792130974044
-8.05163182689825
-7.787154615236558
-7.440294786839927
-7.892354537757884
-8.317023810427967
-7.517978880709299
-7.9118237314787505
-8.484213375053937
-8.433735894055673
-7.849383807242412
-7.861708189124996
-8.85520931920295
-7.40691818330459
-7.67804675283504
-8.384249659791537
-7.432618014046733
-7.304807441887215
-8.329288093300821
-8.729759179532445
-5.483569408909714
-10.085611613822588
-6.452264782668172
-5.708255220888795
-11.727188386177412
-7.678951910108472
-8.537424165186943
-10.542164782668172
-8.091978018587675
-7.853477713043674
-7.836575790320886
-7.544766973167139
-8.029836793960227
-7.998103499476264
-7.574532771913083
-8.184901910694972
-6.8722399822858335
-7.324439681847091
-7.282051044733202
-10.363888386177411
-10.093059179532446
-8.331567424438582
-8.329253798575321
-7.784688887410636
-8.37011137058916
-7.846967642510569
-7.920729658846209
-7.656917733440709
-7.6214336948086405
-8.032889469078247
-7.90541224820439
-8.026468368400314
-7.66677097230621
-7.982392233139799
-7.292237884689392
-7.809568895557183
-7.023547344872992
-7.996144317288052
-7.517834661240677
-7.548973000872048
-13.392934786529388
-7.079109334854786
-7.992379020153925
-7.775472978174131
-9.033418448870624
-8.073816706787435
-7.627483574520139
-7.281126891565572
-7.551325844704879
-8.038708781047037
-7.459791221207308
-7.6072248030804515
-7.432137160716927
-7.446461672117539
-8.028278520262754
-7.805420511311824
-7.654981983824692
-8.072106360086298
-8.092368645141352
-8.01712622300974
-8.004255686075732
-7.207133845180256
-8.491400195364184
-7.670651897116521
-8.503069392434076
-7.428840366413815
-8.321997689525883
-7.665967502713231
-7.954257392103786
-8.237205707346087
-6.989615906396843
-8.011338253611926
-7.5399844759617825
-7.482723258765355
-7.97742029147657
-7.807330082417497
-8.373242862410226
-8.955021780322053
-7.661237261194858
-8.722778055521026
-8.224884617299919
-8.107923053139487
-8.902591645616969
-7.524709004568711
-7.591469654486796
-8.337739140147288
-7.707151781504404
-8.009534671722447
-7.640522822141662
-7.543863199015081
-7.19941424519118
-7.811105858159595
-6.702356370951873
-7.912079834184401
-7.8452742668088735
-7.044732207507028
-6.883310305547142
-7.974227720399189
-7.608141686902174
-8.147149438798358
-7.943168885774346
-7.579131402618597
-7.817409482578976
-7.465467190672707
-7.847918390705477
-7.653352995112179
-7.677262049665383
-8.393151353749392
-7.199500165120578
-8.453617530207687
-7.620074881921755
-7.684226210824271
-7.8385521113209675
-6.242209968607139
-7.83411050216912
-6.845654723431668
-7.835057348302624
-8.481610263022347
-7.723407637995203
-7.713485369731986
-7.72348296761204
-7.448002730651225
-7.917516054663938
-8.210515405655748
-7.820278480803555
-8.694397734727309
-7.807041361036316
-7.393106422698172
-7.717405332355272
-8.533763545412496
-6.049926137886488
-7.528858249930226
-7.979290957300549
-7.825112880607111
-7.837088335722307
-8.382654549540092
-7.141563871288822
-7.3223881147263565
-8.149706774228019
-7.405867712598253
-9.0569231254386
-7.2259737667500925
-7.870592358530507
-8.336615370917599
-7.882422068220591
-8.524858246833247
-8.312761727421103
-7.6512069512386915
-8.286199769355644
-8.309660745519409
-8.489858870298656
-7.564136940759243
-7.7569893932943375
-7.904225168877611
-7.422548471500543
-7.465189091246655
-7.721933109070651
-7.28704352692175
-7.71545224131001
-7.781988394692452
-7.946880646426961
-7.37273987613422
-8.033111256724872
-7.989877763602676
-7.68134268484216
-8.11873438111518
-7.509926602795735
-9.713428979618095
-9.543099999999999
-9.30303478652939
-8.482246400351977
-7.865628985484999
-7.452195170267099
-7.878828514487798
-8.527259675970118
-8.497692024312215
-7.481967631909075
-7.814145508315729
-7.3931221021376805
-7.594186200692939
-7.712754518348748
-7.241617803640538
-8.210169408909714
-7.381641387461061
-8.123369352323792
-7.496717691903392
-7.825562118590399
-7.3791330862993085
-7.24751770253087
-8.391396670816556
-8.09192952739228
-7.89935687570454
-6.931060389137507
-7.6205178807557
-8.448669256388108
-7.9707776726045445
-7.035623687299198
-8.31848502478612
-6.676565982496038
-7.846981141566773
-7.336858466256426
-7.503090525564894
-6.874881781419073
-7.193344915601842
-6.437707387067136
-7.181930932539064
-6.660672995936956
-7.894718480077459
-8.028567374713376
-8.422639648170712
-7.6303638820981465
-7.439611735310122
-8.107359569365373
-7.431042874986523
-7.968813428637813
-7.410997489946191
-8.287263674454369
-8.067092859594377
-8.333556108711639
-7.984042561964145
-7.579245190067699
-7.20923766982804
-8.05140775972278
-7.568900984101065
-6.783204316656477
-7.9801545510803455
-8.204719445826425
-8.434855220888794
-7.980583648959858
-7.860906059365117
-7.739497284660833
-7.8905718613984375
-8.13690969152395
-8.040397708147509
-7.2870205889099315
-7.720294649213362
-7.908635504807782
-8.10118380053973
-7.8427089057238595
-7.938713354247044
-7.167773577162677
-7.935353900390307
-7.930746603685913
-8.301471207369616
-8.065509179327732
-7.478655732118329
-6.938563998003179
-8.180985333062926
-8.040101277236147
-7.264474543312729
-7.245111431653383
-7.840818871366304
-10.1238231727068
-11.076728979618094
-7.628956420004622
-7.937379078773196
-7.95787469076375
-7.313619092251085
-8.533941194161295
-12.161752207263273
-8.33557845392885
-9.085196224554569
-7.914357613176614
-7.677741114709229
-7.673063411506103
-7.654551456178547
-8.370532032656856
-8.299442306639651
-7.601332850151552
-7.51050367827974
-9.207524170279731
-7.628480230706132
-8.324453139074848
-7.882568988765415
-7.931892636554891
-8.160631484319854
-8.128466919779255
-8.32479340478823
-7.688923527129407
-7.872810332205381
-7.845422349171097
-7.624864145493888
-7.855410370672417
-7.905322814624595
-7.229861987108058
-7.4760770245449795
-7.79054727249692
-8.397676421362297
-7.820828765925726
-7.524080755646761
-7.470481152652739
-7.549442413887829
-6.706997097592609
-7.498473558436815
-7.70706517846527
-7.556469750946655
-8.07983963046503
-8.343534614440898
-7.053134778484705
-7.746488910170333
-7.51550588605016
-7.635008560930005
-8.314331334610191
-6.402873634065334
-7.247292139213314
-8.00425348527519
-6.690859640219784
-8.380091347989687
-8.144569251973174
-7.728583785762145
-7.7716005422487
-7.908892105248682
-7.790393893085417
-7.89676143275885
-8.492026879603827
-7.653945832700666
-8.226403998311904
-7.72397627101075
-8.092182235618203
-6.831747235797778
-6.717924514413756
-7.793762029187814
-7.939951920017594
-8.24307325838052
-8.045319008593605
-9.48666935232379
-7.894168180674031
-7.812373003147715
-10.542164782668172
-7.428670513103132
-7.677258249111843
-7.480328442211204
-8.148178496012378
-6.84773290774611
-7.646458015597549
-8.300966054487143
-5.930830508781323
-7.756216603177488
-7.699669573058779
-7.7008447590260465
-11.830418435489245
-9.158419304537281
-11.763823183364941
-7.421392800703957
-8.1798
-7.7997752158210085
-7.9015232276451774
-7.637288386177411
-8.024461027800088
-6.64714133567455
-5.946028079873946
-6.119560997940762
-8.022310700108488
-7.86280942869815
-7.953123807146363
-7.5884612124869415
-7.997406931896775
-8.123493162489352
-7.657684493823708
-7.9978922658593214
-6.828340973992669
-7.44405278064148
-7.314336530423662
-6.8725991792250944
-7.084181281646304
-6.1150261019816226
-9.28362079588444
-8.590194193088706
-8.494862756588459
-6.504107876158718
-7.280784382076195
-8.088616029691183
-7.4124156330820545
-7.749502602700675
-8.26335350357041
-8.204333618467809
-7.46436088116097
-8.17587868467038
-7.7989624516858465
-7.773588746813873
-8.352161302756656
-7.9963201830120125
-7.950601752178037
-7.987010687315676
-7.6467467170151515
-7.884358250114063
-8.30721436185784
-8.143808247854064
-8.629720825477424
-7.008941030557063
-8.700158466256426
-7.793285636443357
-7.71189963910795
-7.061932936767328
-7.314405164709624
-6.920012056303202
-7.047808393326941
-7.133936407770163
-6.953932868081321
-8.337422260758022
-8.56948900380648
-8.177617393153488
-7.31344500796723
-9.713428979618095
-7.987483880588542
-7.062515752675771
-6.164185595654022
-7.3857811186219955
-9.1085456521686
-7.588556085864228
-7.652839763300478
-7.319520847249335
-8.255264787052258
-6.836835134683292
-7.767378469132944
-7.787757387009339
-7.8681576562784885
-7.893213227356838
-7.898308867788766
-7.922772466033162
-7.701659649919166
-7.98466395389323
-7.22902890994824
-7.8212648386428345
-7.615981642470533
-7.456500395513869
-7.922331527050587
-6.9157609824863835
-10.871531883073743
-6.9195538631277715
-7.225947632268104
-6.6051445624892695
-7.856127964192166
-6.805443296462538
-6.368959087376164
-11.316794193088706
-8.183500156940639
-7.672296587324884
-7.25164940005792
-7.706284990118401
-7.128395907672201
-7.666412634444857
-9.754277842048563
-9.30303478652939
-9.058299256196529
-8.86279260661555
-6.7271781382805775
-6.186073035486926
-6.557020795884441
-9.00058838617741
-10.682337751709076
-7.287880354861143
-7.680854490967057
-6.866509509686609
-7.931892636554891
-6.675450770598289
-7.3972231727068
-8.790575666612767
-8.055107149769604
-6.8985285631733095
-7.4121736333355575
-6.901115948685059
-6.135317604041328
-6.810964384325844
-9.667862373762738
-14.345840593440684
-9.249320474740667
-7.8519765683247424
-7.024723803277336
-9.44259977297313
-11.316794193088706
-11.693620371126345
-9.385488189434428
-10.70031612246228
-9.514212628577953
-7.740518435489247
-7.073257326727985
-7.661458014174567
-12.2697
-7.591173817610863
-7.306699403836491
-8.160290521302723
-7.741100927700937
-7.91559926295768
-7.608408909123557
-6.892859966611927
-7.641684829738044
-7.653328661284259
-7.6577666180894495
-7.545697489231484
-7.971366553255659
-13.73858892102428
-9.30303478652939
-6.538223227645177
-7.9401335837420906
-8.37564463711788
-7.6526598726317685
-6.803597634848324
-7.923413371372125
-8.293235618839109
-7.511599183770933
-8.785589813610487
-8.304880424660867
-8.048810962090084
-9.00058838617741
-7.310028531856239
-7.845934191577885
-6.961485841203036
-7.612930461333342
-11.801603031935421
-13.109316933916423
-6.677647706948953
-7.513951071118269
-6.713954783757243
-9.074273569644077
-9.132705806911295
-8.482246400351977
-8.737301621240773
-6.502328985484999
-7.4296736862799895
-13.838197096544352
-8.200066202965962
-7.804813638383283
-8.359482238924313
-7.438693192389099
-7.844368069598481
-8.13728935012182
-7.723948854481043
-6.832640658593639
-7.806018559213114
-7.4606069088401625
-7.267476259579036
-8.640231927321471
-8.132621094222685
-7.815521578868794
-7.246936806169082
-8.376234230829667
-8.315879036244585
-7.554567852538695
-7.249216475851827
-8.923010002350397
-6.760069352323791
-6.760069352323791
-10.255940593440684
-9.132705806911295
-7.1413479140424645
-8.210169408909714
-7.210073042449733
-7.8917463694282715
-8.16384156043427
-7.942056313570026
-7.783694849859237
-7.885315218458031
-7.7479445884337945
-7.868752562800359
-7.149880626018655
-6.855014462298289
-8.051922763992097
-8.24536389867636
-7.5400527988010175
-9.30303478652939
-13.17454343502111
-7.226894193088706
-9.602200991969546
-8.346194920843928
-7.332242576206494
-10.32938890006195
-7.980583648959858
-7.848466228225974
-9.037223183364942
-7.1189464003519785
-6.912723178573704
-9.701704365455074
-6.982111236193205
-8.390977842048564
-12.923134676161894
-13.361744193088704
-7.637288386177411
-8.350128979618095
-8.071852207263273
-7.385498558543778
-7.93973478652939
-7.815564782668171
-7.3893810227323025
-7.980583648959858
-7.31619245450835
-7.883304138853182
-8.892640593440683
-11.955528985484998
-7.533300967184841
-7.500453222018637
-12.186950634245921
-9.953494193088705
-10.532715996549673
-8.737301621240773
-11.998444193088705
-13.450882391334085
-8.2256112880778
-8.038386831875926
-8.26201882537011
-7.60278890006195
-7.367209114613302
-11.316794193088706
-7.19136700441104
-7.2698613893251265
-8.242181186881368
-7.31619245450835
-10.260895213710974
-7.661458014174567
-7.649249877185833
-6.8165
-8.047682579266116
-7.170463545412497
-8.767175965794953
-8.809891227686604
-6.6813545752804036
-7.448486295065317
-7.176065562193838
-6.84321156719752
-10.312864841534958
-7.75478596122269
-6.948247490283125
-11.076728979618094
-11.316794193088706
-13.307770296720342
-8.760523172706801
-7.883304138853182
-8.071852207263273
-7.481007799285747
-8.63956224806851
-7.580857738501202
-9.717389353362252
-8.242181186881368
-7.530989827976908
-8.534744613989803
-7.789571319157674
-6.39988542483583
-7.190164671692161
-9.907927587233347
-8.350128979618095
-9.717389353362252
-8.714956566851443
-6.8165
-9.886395262782447
-9.733501195641763
-7.4296736862799895
-7.413226137886488
-11.316794193088706
-6.271860513296426
-7.259395710784744
-8.311917420733883
-8.350128979618095
-8.590194193088706
-7.413226137886488
-7.3901652049716695
-9.163075215821008
-8.55013528897046
-10.388058014174566
-8.123369352323792
-9.277918597711633
-8.923010002350397
-8.242181186881368
-8.165180154311395
-6.058092800703958
-7.403424585654892
-7.865628985484999
-8.242181186881368
-8.836209945764477
-10.345238854860328
-8.242181186881368
-6.768552793791194
-9.06296957305878
-6.679715746023268
-7.00778986423677
-7.93973478652939
-8.150912628577952
-12.623663545412496
-6.762728958348321
-7.027677842048563
-10.849969352323791
-9.990128990276236
-8.482246400351977
-10.58358542077531
-8.311917420733883
-9.789115752675771
-7.508019761639711
-7.627890194132039
-9.203652248850721
-8.064984664368396
-8.510735684987566
-7.483773987585326
-8.185750539205161
-8.707691768133984
-8.977366834711383
-8.892640593440683
-5.995711613822588
-8.304562373762737
-8.752681022732302
-6.892186773057675
-6.074772035137269
-6.592437751709077
-5.577962373762737
-7.508019761639711
-6.190210221437841
-7.7997752158210085
-9.897063545412497
-8.429414995779162
-9.938712372750869
-7.128897452528265
-8.850740090117073
-9.1066445681448
-8.933489455871152
-7.511839605000123
-8.873226602795736
-6.905798261419644
-7.3893810227323025
-6.349675159235085
-5.863594193088706
-9.228928985484998
-9.103818435489247
-8.555694706973243
-8.555694706973243
-8.199668087882644
-10.115981022732303
-11.751358014174567
-5.995711613822588
-5.995711613822588
-10.430421134809915
-10.798452207263272
-10.229524891154275
-9.796687439932393
-10.659699536884519
-7.354587630595826
-9.435152207263272
-8.836209945764477
-8.854429034556471
-8.326907428152067
-6.941262373762737
-8.334547194372355
-11.214406145163082
-10.296789455871153
-9.598938869848652
-8.67674500796723
-9.886395262782447
-9.163075215821008
-9.30303478652939
-5.818027587233347
-7.68923628692603
-5.860052365973254
-7.041368016524965
-9.816659028929932
-9.72137639649076
-6.662917928111565
-10.558386993792661
-8.570398342600027
-10.39376617554388
-9.095420086631968
-8.44867858030945
-10.450667712710345
-6.468486993792662
-8.602155684097127
-8.66588096614638
-8.614363821085862
-11.619240593440683
-10.75106102780009
-9.503041095881754
-9.970178454149295
-11.556822306763443
-11.521045484248388
-11.871390620909871
-10.993942308485153
-8.290077867386666
-9.52999024355538
-10.621039028665102
-11.989119427430165
-11.328879007087284
-8.67949245450835
-9.348127922813593
-8.825541663134425
-9.1066445681448
-9.455224423286943
-10.707183648959857
-10.268025407439263
-7.508019761639711
-8.024461027800088
-7.109159835929821
-7.00040375137175
-6.765476455357548
-5.995711613822588
-5.4532
-9.475246835314826
-7.298557800040089
-11.624550813553839
-10.774377326213184
-7.566815807614147
-7.9015232276451774
-6.991584616970304
-7.529340593440684
-9.435152207263272
-5.736232409707031
-6.971247194372355
-8.892640593440683
-6.323356441157215
-5.293324042632496
-8.912712809464354
-9.941769578925683
-6.63010885079567
-6.798999011559439
-8.325391233553509
-9.48666935232379
-7.529340593440684
-8.555694706973243
-7.491129034556471
-6.8165
-7.769405806911294
-8.076806827533563
-13.92738985768626
-8.523095262782446
-8.80137203513727
-8.358076396490759
-13.252975215821008
-8.210169408909714
-7.666412634444857
-6.801302803054356
-6.941262373762737
-8.01430232636886
-7.93973478652939
-12.047367677188262
-8.69483562249005
-7.732120086631968
-7.080734841467766
-6.684382579266117
-13.24959830380021
-7.614066834711383
-10.00286224806851
-8.170984844601623
-10.701054922031126
-9.310982203402054
-10.526375215821009
-8.877058808194944
-9.440106827533562
-6.804775385836977
-10.013690596374136
-6.436475215821008
-7.405170589579465
-8.374298607615252
-8.390977842048564
-8.076806827533563
-10.7493144927425
-7.0020214399933485
-7.2788420938373255
-7.8060406040988255
-10.236526602795736
-10.403892635100316
-8.544627587233347
-10.920340850382953
-8.854429034556471
-9.465521616172987
-9.675217420733883
-5.793331905299159
-9.455224423286943
-11.05272991796491
-8.024461027800088
-7.865628985484999
-11.871468939128118
-5.174923227645178
-10.698844031743201
-6.625802841509193
-6.281136243621098
-7.84509257996897
-6.074772035137269
-9.132705806911295
-7.223352365973254
-8.1798
-6.08673352614569
-7.290592563310169
-8.605791767176088
-9.660597575045278
-8.566972641622678
-7.585179463289338
-8.626828990276236
-8.614363821085862
-8.255486773057676
-6.3443169899314436
-6.406105806911294
-8.505139257176808
-10.199781913476382
-7.181327587233347
-7.194701141917262
-7.574433729724887
-12.489397034597898
-13.09048838617741
-9.87076721281867
-10.978817294893204
-11.287784396984048
-12.26883353012702
-8.937733729724886
-8.957218716672717
-8.430318235721202
-10.628123227645178
-8.827306414566667
-9.31499627753781
-6.8165
-6.971247194372355
-5.93928096614638
-6.377218435489247
-8.40018180099921
-10.467118435489247
-8.578469578925683
-7.852015698168642
-8.523095262782446
-10.085611613822588
-10.968781186881367
-8.358877037136333
-9.762797034597899
-9.737598607615253
-9.658797953493583
-9.57973479718753
-10.356867420733883
-10.467118435489247
-9.228928985484998
-9.435152207263272
-10.556206221448422
-9.195086993792662
-8.219192227652849
-6.349675159235085
-7.478317048798231
-7.453495955119528
-7.263528990276237
-11.59325293606498
-11.505860779793533
-7.120824275171574
-10.252669434924325
-11.936583696718882
-9.387761027800089
-6.565484631165057
-9.076275159235085
-8.123369352323792
-6.846869408909714
-8.071852207263273
-8.523095262782446
-9.660597575045278
-8.659190797029694
-8.760523172706801
-8.590194193088706
-9.435152207263272
-6.912723178573704
-8.63956224806851
-8.492197452528265
-9.697847194372356
-8.453359028929933
-8.892640593440683
-9.00058838617741
-5.840372641622678
-5.765597452528265
-5.829094706973244
-5.851869578925682
-5.681540599307588
-5.925975379970073
-5.745859835929821
-9.076275159235085
-7.525419518453434
-7.86816212819723
-9.153799720629701
-8.89660096718484
-9.789115752675771
-10.147992800703957
-7.9015232276451774
-9.713428979618095
-7.549412809464354
-5.271146406218882
-14.037531886007194
-8.024461027800088
-5.515581186881367
-10.084503552016432
-10.92597981770767
-9.420532361574669
-10.521334093270468
-10.292813733585659
-10.223273504003677
-12.675278570068414
-11.74676820388508
-10.943571338944894
-9.679879514464965
-9.754277842048563
-13.647554736997177
-8.071852207263273
-6.828461491008421
-6.538223227645177
-5.441475385836978
-12.480877842048564
-8.062145211940798
-8.374298607615252
-6.978986829643597
-9.261134283205779
-5.890235948548698
-7.109159835929821
-8.304562373762737
-9.625553402905037
-8.912712809464354
-7.359011613822588
-9.195086993792662
-9.28362079588444
-9.918994706973244
-7.894168180674031
-6.617283648959858
-8.512615809261693
-9.598938869848652
-7.769405806911294
-6.718588315275108
-6.5224608901610255
-5.851869578925682
-7.9015232276451774
-8.453359028929933
-7.591721780322053
-8.311917420733883
-5.624160861926928
-7.4181126057921345
-9.007736243621098
-7.374001621240773
-9.28362079588444
-8.590194193088706
-8.256833926465209
-7.769405806911294
-9.632398261419644
-10.934319434924326
-8.462832409707032
-8.372656238553311
-7.712975159235086
-8.555694706973243
-8.67949245450835
-5.002746902793048
-7.663930141637403
-6.940531869453931
-8.871319761639713
-8.124446829722485
-9.605481186881368
-9.625553402905037
-10.421081658881125
-10.224040362823779
-7.9354087557666055
-9.965455684097126
-7.009356238553311
-5.755646400351978
-7.831786993792662
-5.293324042632496
-9.745879493191284
-9.798155220888795
-7.302580966146381
-7.549412809464354
-7.578708648420489
-5.459150539205161
-9.450142214681458
-7.769405806911294
-8.502318616375648
-12.210121444172538
-6.406105806911294
-8.533763545412496
-6.3828842554452665
-9.195086993792662
-8.358076396490759
-7.183524523584012
-8.492197452528265
-6.617283648959858
-12.828958521552249
-8.614363821085862
-8.72324633988186
-8.977366834711383
-8.319364986443741
-8.374298607615252
-7.775057394498299
-8.512615809261693
-7.529340593440684
-7.340075294576828
-7.686656441157215
-8.72166148176093
-6.661161027800089
-8.9982248155049
-9.44510325943956
-9.04738778781304
-10.9064
-8.783050431642016
-11.972606687926705
-6.919730049311836
-7.203672641622678
-5.435699011559439
-7.525406534666516
-9.060343964910347
-8.311917420733883
-6.823048895665566
-7.620938172962447
-6.965127515423958
-8.281622025658528
-9.425365642841115
-7.203672641622678
-9.163075215821008
-9.680349787532233
-12.426903945680198
-11.305183417355693
-5.765597452528265
-5.775718616375648
-10.236526602795736
-10.467118435489247
-8.566972641622678
-8.869419041974657
-7.694429948888616
-10.798452207263272
-8.492197452528265
-12.2697
-8.382579493191285
-8.076806827533563
-10.255940593440684
-8.318559701337044
-6.661161027800089
-6.661161027800089
-11.82202008663197
-9.228928985484998
-8.614363821085862
-10.100601621240774
-8.4734312449536
-11.783979707925159
-10.419248607615252
-7.614066834711383
-10.363888386177411
-6.863299401635628
-7.872635856223131
-7.7843958143294785
-8.818534792396292
-6.865868054979804
-7.181327587233347
-9.195086993792662
-7.787439901586123
-7.897834283205778
-9.00058838617741
-9.228928985484998
-10.167830439192699
-7.7997752158210085
-8.382579493191285
-6.957595862960192
-6.439599622370617
-9.618786773057675
-7.769405806911294
-8.482246400351977
-7.955737751709076
-9.163075215821008
-9.30303478652939
-8.311917420733883
-9.737598607615253
-9.754277842048563
-10.558386993792661
-8.69342424240054
-8.955021780322053
-7.455234792396293
-7.614066834711383
-5.661004193791559
-9.076275159235085
-9.48666935232379
-8.707691768133984
-10.738374242400543
-7.955737751709076
-8.602155684097127
-6.257638172962446
-7.380105527540996
-8.097050634245921
-7.344391768133985
-13.193718435489247
-7.591721780322053
-6.674984387220743
-7.707616989931444
-12.668369578925683
-13.318828985484998
-6.617283648959858
-8.358076396490759
-7.359011613822588
-7.491129034556471
-6.436475215821008
-10.604569997538157
-11.88722524183562
-11.276968093517588
-9.52626947367542
-10.236742316939992
-7.539291645616971
-7.637288386177411
-5.607947194372355
-9.865618616375647
-8.099410401345228
-5.542498261419644
-8.707691768133984
-6.986828979618095
-7.93973478652939
-8.67949245450835
-7.959807002553058
-7.697043964910348
-14.888352207263273
-14.797083648959857
-14.175511613822588
-8.304562373762737
-9.195086993792662
-7.7997752158210085
-7.9015232276451774
-9.132705806911295
-9.387761027800089
-5.515581186881367
-6.468486993792662
-7.359011613822588
-9.83575983592982
-13.633
-13.675967196236419
-6.708552207263272
-6.986828979618095
-6.82245053920516
-6.576434786529389
-8.1798
