-12.111288793616671
-10.596355001175198
-10.009333062937358
-10.907882037487667
-8.05032790687866
-11.69268890006195
-7.865628985484999
-9.323107002553058
-12.2697
-10.190606414566668
-10.771447424604375
-8.156423846888433
-9.845546400351978
-11.998496181721418
-9.729431944797781
-11.52797203513727
-10.609707190132664
-7.251063821085861
-7.500453222018637
-9.798155220888795
-8.697668516254277
-8.817664735418006
-9.639323178573704
-11.407470973564564
-9.11808596122269
-9.421978207634275
-8.886749264562807
-8.440345897028369
-8.242181186881368
-8.700515029752404
-11.260363545412497
-9.595694622459211
-7.324093355792573
-9.897063545412497
-10.829871312358367
-10.115981022732303
-8.097050634245921
-9.380408383715569
-7.438072035137269
-12.05127249024902
-9.172498337808792
-8.96274698902278
-10.04971737166241
-8.241622270087104
-12.04970700255306
-9.400284090337015
-10.575066228225975
-10.32938890006195
-9.037223183364942
-8.933489455871152
-10.798452207263272
-8.047682579266116
-8.1798
-11.727188386177412
-12.407394293995951
-9.953494193088705
-7.3632243680467155
-10.871531883073743
-7.226894193088706
-11.04409429399595
-10.226114167631177
-10.635196181721419
-10.936769408909713
-11.170345884066993
-12.029634786529389
-10.925505779442105
-9.135509985089106
-10.48138596122269
-7.97281106059822
-7.438072035137269
-9.125350759940147
-6.406105806911294
-11.161455220888794
-10.100601621240774
-10.9064
-10.797426082029352
-9.06296957305878
-10.673025525203945
-10.085611613822588
-8.999180925064671
-10.265891645616971
-7.276326607399751
-11.117577842048563
-10.453186647597056
-9.435152207263272
-10.375849877185832
-9.363227158839628
-13.09048838617741
-10.318321780322053
-9.264823227645177
-10.340666834711383
-10.100601621240774
-10.063815029752403
-8.390977842048564
-10.10824138746106
-9.105229815578754
-10.542164782668172
-10.82365063424592
-6.684382579266117
-10.388058014174566
-9.84063289773629
-9.28362079588444
-10.771447424604375
-9.211766228225974
-10.056724242400541
-12.365923178573704
-9.798155220888795
-9.435152207263272
-10.9064
-9.639323178573704
-8.866579354674188
-9.897063545412497
-9.701704365455074
-7.226894193088706
-7.500923308321362
-9.798155220888795
-7.686656441157215
-11.002623178573705
-9.503041095881754
-10.00286224806851
-12.029634786529389
-11.208846400351979
-9.555061491008422
-10.236526602795736
-8.235638869848653
-9.965455684097126
-9.48666935232379
-11.316794193088706
