-8.745528021024924
-8.652575379970074
-7.517664355261688
-7.2881909062888335
-7.992545139968279
-11.4871231727068
-7.503798712685934
-9.653070465495071
-7.959977657371849
-9.841660331760554
-12.269374335118078
-7.788356188073636
-7.036032306582042
-8.23363248934867
-9.358480679168403
-9.169340604098826
-6.490712108483481
-11.549301147787407
-8.056270422017533
-8.487449895654656
-9.692111208562608
-8.047682579266116
-8.956668973091169
-8.526541473985425
-7.749602798945468
-7.649249877185833
-8.407985876087965
-6.822884287537251
-7.711362610801582
-9.879113293068903
-8.134781864463788
-8.336665559608857
-9.22253222053573
-9.313760204928423
-8.266350814878525
-7.074545902289471
-13.604112628577953
-8.538085270200632
-10.158961270925806
-8.92980074450804
-11.425020911539937
-7.376778726394229
-6.621059560605934
-9.561134094674827
-8.416702213697956
-8.078828458209681
-10.131770589579466
-9.108901008842953
-9.691485153477691
-8.786570214850272
-11.191387695442145
-10.282899699213809
-9.624255642652251
-8.276023178573704
-7.919938936040712
-7.816887560068013
-8.699260877475458
-7.4213928007039565
-7.274687626734598
-9.339055631387323
-8.382683077222431
-9.144667297919716
-7.767927469895611
-11.083323916615434
-9.127548150858974
-7.438072035137269
-8.17392885548022
-9.74723831314473
-9.83051242275268
-9.841564582371774
-7.539241474134164
-8.671288069180136
-6.626317912152534
-8.996308945873468
-9.747129783472833
-8.533763545412496
-8.811609875242233
-7.48103923137369
-9.11808596122269
-7.247988106807113
-10.677490254927664
-7.390941165050527
-9.945542396280073
-8.624628637821028
-8.560991264008244
-8.75396752729982
-7.67756928224526
-7.991251931589908
-8.818770682413682
-8.610062280971349
-8.338404365455073
-8.544627587233347
-6.684382579266117
-7.280006702016255
-8.485735091760299
-8.007955782547828
-8.545999780601743
-6.617410535484009
-9.948993455737055
-9.307662610388832
-7.958175944587167
-8.46773311976175
-7.926307828206742
-9.68266498644374
-9.50554482127946
-8.350918937930317
-8.492950620609657
-6.67312251880851
-6.8033404768537356
-8.343154489437927
-6.408914149295226
-9.6209865525523
-9.093228422264065
-8.353864381134969
-7.697725503717912
-7.505407844185079
-7.5545390204233325
-10.628123227645178
-7.789886490469052
-8.952287275580577
-11.030306319618045
-8.854755509557455
-11.144259734679684
-7.529340593440684
-9.185300429370505
-8.827306414566667
-7.403572549021807
-10.36553715763962
-8.8798722640614
-9.147695814329479
-8.382579493191285
-8.863753222018637
-8.572693204648145
-12.440028979618095
-7.740236562754965
-11.420024242400542
-9.789115752675771
-7.757176403985001
-8.185750539205161
-10.02515780004009
-11.492675143288912
-9.163075215821008
-8.69061153560395
-11.331177256663704
-8.752681022732302
-6.468486993792662
-9.720246794158093
-12.161752207263273
-10.798452207263272
-9.465521616172987
-9.361046406218883
-7.545343558620371
-9.228928985484998
-8.995870642752521
-11.62124374688039
-7.866242273391331
-7.634479158876101
-8.077304577598337
-8.517832351087758
-8.156578448533972
-10.968781186881367
-11.619240593440683
-10.798452207263272
-11.061147194372355
-10.164672035137269
-11.08467639649076
-10.276012809464353
-10.798452207263272
-7.2388556840971265
-8.021281491451443
-10.428977996213568
-8.22930799203445
-9.886395262782447
-9.27603000387049
-10.439575159235085
-5.887763821085861
-12.086987206609987
-11.208846400351979
-10.66633478652939
-9.156875434908452
-12.29118359811821
-7.181327587233347
-7.661458014174567
-10.238797808143746
-10.349846455290354
-9.965455684097126
-12.711506632310277
-9.195086993792662
-9.310982203402054
-10.75106102780009
-9.745879493191284
-8.511577993628435
-8.499264059297035
-10.982086773057674
-11.711057876337884
-8.818534792396292
-7.50878176131655
-9.941769578925683
-11.545134792396293
-11.117577842048563
-9.073590013285088
-7.8552717476045135
-11.859305806911294
-10.332020793763393
-8.929611414284896
-9.618786773057675
-8.417796573647125
-7.8285067988808406
-10.475863445914309
-7.38953685209685
-10.340666834711383
-11.727188386177412
-9.990128990276236
-9.632398261419644
-10.628123227645178
-9.123890651512918
-9.024758014174568
-9.921216183720786
-8.345411236193206
-9.625689527441141
-10.005183602819388
-7.529340593440684
-8.325838877305465
-8.311917420733883
-11.378419178125448
-11.479281022732302
-10.100601621240774
-10.9064
-7.570189455871152
-6.986828979618095
-11.802875159235086
-8.018757811441375
-10.296789455871153
-11.150165470504954
-8.24879660394099
-8.571544661771622
-8.372656238553311
-8.876201495989122
-8.977366834711383
-7.071555220888794
-11.660089455871152
-11.921686993792662
-10.829471532643877
-11.15241575267577
-8.242181186881368
-7.894168180674031
-8.123369352323792
-7.7997752158210085
-11.619240593440683
-7.149315809261692
-10.798452207263272
-9.48131118302015
-11.064230918359872
-9.574092972597871
-11.530155028644387
-7.93973478652939
-7.980583648959858
-8.515949096980226
-11.93210142368805
-8.937733729724886
-7.852608282357328
-8.806912621985958
-12.070483648959858
-11.061147194372355
-11.76998854261015
-9.646216791579056
-9.961171429388095
-11.031162373762735
-9.865618616375647
-6.995096522839288
-10.61242130976898
-8.024461027800088
-9.014971449752409
-7.740518435489247
-9.135749047414768
-7.946387579617543
-12.480877842048564
-11.239215809261692
-9.00777991796491
-7.143691935525822
-9.211766228225974
-9.798155220888795
-8.512615809261693
-12.611781887267039
-10.085611613822588
-9.828524629798508
-7.67540774734735
-8.560904324210245
-10.631776756930122
-8.085830986993832
-8.918869610182547
-9.404388214088918
-9.31338738071305
-8.15430561016831
-10.070991768133984
-9.374698393480774
-10.142916214857053
-10.40052318336494
-11.117577842048563
-11.12626496700304
-10.526375215821009
-10.849969352323791
-10.66633478652939
-8.302013210320663
-9.195086993792662
-9.845546400351978
-8.717270902432587
-10.15987067826481
-10.17711452456475
-8.191761491008421
-11.619240593440683
-11.599826602795735
-11.348775272536031
-8.729759179532445
-11.975365001247248
-7.416352089313955
-8.311917420733883
-9.279813235063362
-10.255940593440684
-10.439575159235085
-10.9064
-11.117577842048563
-9.30303478652939
-9.632398261419644
-11.859305806911294
-9.655564738827012
-9.658435404655112
-6.8165
-7.1189464003519785
-7.686656441157215
-7.769405806911294
-9.990128990276236
-7.416316214857053
-7.936192959413938
-9.103818435489247
-7.405170589579465
-8.533763545412496
-9.879712263395243
-9.32474256620966
-9.631022944501169
-9.057729948888616
-10.75106102780009
-7.845429081067643
-9.343883648959858
-10.152947420974247
-11.509650431642017
-6.760069352323791
-8.034566486983948
-7.330124242400542
-8.430318235721202
-9.71730988572007
-6.708552207263272
-10.250049264562808
-10.237684053117803
-9.558090007418183
-10.09757310483101
-8.292981101488124
-11.121616871940056
-9.406264835841226
-9.387761027800089
-9.632398261419644
-8.611901972768976
-8.286564827973205
-8.584302864210828
-8.65653575371423
-10.236526602795735
-9.612762229269308
-10.66633478652939
-10.927493913718408
-12.601477993628436
-9.492076455357548
-10.246154029018527
-8.809891227686604
-9.352402841509193
-8.80306609542655
-8.336858480328354
-10.793538704647583
-10.439575159235085
-10.00286224806851
-11.431410625382027
-7.93973478652939
-7.591721780322053
-9.202268144663813
-8.08482148348042
-8.302497375979078
-10.236526602795735
-7.961671906094123
-7.838974803573972
-8.193431316277247
-7.231649830440914
-10.197539648880705
-10.047492573677088
-7.980583648959858
-9.247470753973024
-9.690207428152068
-8.002115973410758
-8.739278496757395
-9.865618616375647
-8.684570596766227
-9.48666935232379
-7.93973478652939
-7.976369583716921
-8.770554511501581
-10.535327386696052
-9.815719974542471
-11.134740599307587
-8.117478023445916
-11.322234108419952
-9.392333047949034
-7.548189094938801
-8.106391166272324
-7.876880130076865
-10.320078676766041
-7.8285067988808406
-9.430238704647584
-7.0580472509582775
-9.735136759298365
-9.926866647567245
-11.053507428152066
-11.776556441157215
-7.181327587233347
-7.263528990276237
-8.514412943179604
-12.332081186881368
-7.980583648959858
-9.549648895665566
-8.991190194132038
-8.51993190529916
-8.311917420733883
-7.289275379970073
-8.67949245450835
-8.123369352323792
-8.071852207263273
-6.905798261419644
-9.163075215821008
-9.365854709012293
-8.666033917239211
-8.555694706973243
-9.004450101863192
-8.268410203623231
-8.902390976688705
-9.624873249278053
-8.071852207263273
-12.213269352323792
-10.296789455871153
-11.58102903455647
-11.703966834711384
-8.933489455871152
-12.680094193088705
-12.029634786529389
-10.187082156142104
-7.947682203402054
-10.492489137250196
-12.500634104473571
-7.545343558620371
-11.249695262782446
-9.08816889542829
-11.23032999847019
-9.31499627753781
-7.749037628038584
-8.462832409707032
-7.865628985484999
-8.152606688867234
-8.029951703939663
-7.884381616251874
-9.365415973410757
-10.798452207263272
-8.752681022732302
-9.25491534908118
-8.808177554515808
-9.886395262782447
-8.389288615033436
-9.374030515612796
-8.753803910647548
-10.15627368627999
-7.882945415020834
-7.239122781641912
-7.593582056750654
-8.375335644204723
-9.54905053920516
-9.415738216618324
-9.75767082363892
-8.002554709012292
-9.941769578925683
-9.032205579884426
-10.388058014174566
-11.208846400351979
-9.886395262782447
-10.66633478652939
-10.029180966146379
-11.448911613822588
-11.991423227645177
-11.448911613822588
-6.683767142623862
-8.955021780322053
-9.697847194372354
-8.269098261419645
-8.24879660394099
-11.328755684097127
-9.82613240970703
-9.54905053920516
-9.653420836663699
-11.634965928633232
-8.31339945822155
-7.701778475260567
-9.851496939557139
-8.382579493191285
-7.374001621240773
-9.83575983592982
-11.339681719326187
-8.503340314070385
-9.816659028929932
-9.112337628038585
-8.80306609542655
-10.056724242400541
-7.865628985484999
-8.67949245450835
-8.933489455871152
-8.66588096614638
-8.626828990276236
-11.306231647340297
-8.959423835300552
-10.371036243621097
-12.401817420733883
-10.397631925631018
-11.03999945822155
-10.267902084449105
-7.6449656224768
-7.219831600392302
-8.682252709704342
-8.062065642841116
-7.956955593071972
-8.288695869267857
-7.838402410852285
-7.632570642752521
-10.115981022732303
-12.332081186881368
-13.222605806911293
-6.349675159235085
-8.440970663225858
-8.285148383117788
-7.8007108077994864
-8.03688743729897
-9.30303478652939
-7.866552337993157
-8.818534792396292
-8.071852207263273
-7.361820253650936
-8.235638869848653
-7.712975159235086
-9.33862073726517
-8.228524846152636
-7.507829414855504
-8.11164473816077
-8.248131726086529
-9.798155220888795
-10.015875379970073
-10.70965588219061
-11.776556441157215
-8.264981857812751
-7.794192499755528
-9.123890651512918
-8.735785426642215
-8.579631647340296
-8.356478355933103
-7.385034369051418
-9.257468180674032
-7.53349968296693
-8.345411236193206
-5.966824242400541
-7.044840599307587
-7.570189455871152
-9.172498337808792
-10.595722055600177
-8.242181186881368
-9.103818435489247
-12.592218616375648
-8.81333352614569
-8.55681288231443
-9.132705806911295
-9.365415973410757
-10.849969352323791
-9.555061491008422
-10.388058014174566
-9.990128990276236
-9.029712634444856
-8.586652365973254
-11.441601690978286
-8.973936814863354
-9.787234872641399
-11.143512221477962
-6.760069352323791
-8.714956566851443
-7.370207686844658
-8.763689349595216
-11.260363545412497
-8.96608890006195
-12.704263821085862
-9.455224423286943
-7.856299356194284
-11.859305806911294
-11.228918616375648
-8.523095262782446
-9.279813235063362
-9.930272641622677
-9.450142214681458
-9.760949858931886
-9.546793805959192
-8.8652588138463
-11.562809945764474
-8.094964145401933
-9.470738157999053
-8.904602084449104
-9.907927587233347
-8.669931656978223
-8.269098261419645
-9.343883648959858
-11.991423227645177
-12.332081186881368
-11.353428990276235
-12.332081186881368
-12.480877842048564
-11.776556441157215
-13.222605806911293
-12.572146400351977
-11.776556441157215
-9.33966958371692
-8.024461027800088
-10.085611613822588
-7.767337167087811
-7.8726358562231304
-8.449807859945121
-10.915949782308552
-9.435152207263272
-6.349675159235085
-11.991423227645177
-11.199059835929821
-9.387761027800089
-8.657861787117737
-8.768470589579465
-8.434855220888794
-9.655564738827012
-10.004150765807053
-10.10824138746106
-9.625553402905037
-10.212204201306006
-7.597772497845339
-9.010138168485962
-10.855376455357547
-10.004150765807053
-8.977366834711383
-8.656959761371546
-10.849969352323791
-8.364414821105923
-8.554578639409634
-8.806468827017602
-11.45640661753168
-6.9200976059900015
-7.346512097113067
-8.222130899918135
-7.661746720465194
-8.929611414284896
-11.776556441157215
-12.982540593440683
-9.35670885079567
-12.812211613822589
-8.1798
-9.103818435489247
-6.9092505957910815
-8.754241165050527
-6.708552207263272
-7.736024496137021
-10.072437614193591
-10.575066228225975
-8.395222115902298
-11.260363545412497
-7.591721780322053
-11.109179493191284
-9.06296957305878
-11.703966834711384
-11.776556441157215
-13.222605806911293
-12.2697
-7.405170589579465
-7.6741751832270895
-8.661857800040089
-10.333199343780697
-8.490193817224643
-5.875555684097127
-9.965455684097126
-9.965455684097126
-7.525602618015611
-8.684220332118088
-8.95152355054598
-9.185300429370505
-8.006518028389259
-10.467118435489247
-7.920629007087284
-7.790499720629701
-12.572146400351977
-8.062065642841116
-10.558386993792661
-8.245479655953817
-7.26638917884575
-7.465776441795794
-7.712975159235086
-8.848904201306008
-10.924434094674828
-8.24283941226009
-7.406772955015352
-10.595566620326858
-9.30303478652939
-9.754277842048563
-8.910674688115513
-10.236526602795735
-12.38719757504528
-8.123369352323792
-10.888899011559438
-8.444034841467765
-8.124986304627397
-9.029712634444856
-8.234339036906869
-8.892640593440683
-10.628123227645178
-10.849969352323791
-7.570189455871152
-12.171703259439559
-10.100601621240774
-11.151788128528219
-9.365415973410757
-8.197834094674828
-7.549412809464353
-6.708552207263272
-8.287984669582126
-10.102121708512662
-9.48666935232379
-12.114361027800088
-12.982540593440683
-7.483255553891892
-7.955737751709076
-8.409884558351031
-7.272413434945224
-10.126989349595215
-7.570189455871152
-7.980583648959858
-9.343883648959858
-5.93928096614638
-7.128897452528265
-8.362090470626516
-8.336858480328354
-8.589011228325184
-9.815719974542471
-9.129752814918648
-9.00534402352962
-12.332081186881368
-10.439575159235085
-10.413256441157214
-12.572146400351977
-8.47245983592982
-7.048616989746154
-6.03433866725441
-6.777355099906924
-9.00058838617741
-7.874047236312638
-13.318828985484998
-9.068433790233197
-8.499264059297035
-8.22276719623642
-9.653420836663699
-7.345403489525104
-8.056270422017533
-10.75106102780009
-10.628123227645178
-9.97766382108586
-10.217729034556472
-9.845546400351978
-10.361053231515669
-11.511292800703956
-9.68266498644374
-8.57499699614306
-9.667862373762738
-9.798155220888795
-9.28745300128365
-6.9531492822092185
-8.908643558620371
-10.393012634444856
-9.087139201055935
-10.888899011559438
-9.1066445681448
-9.415738216618324
-8.071852207263273
-10.413256441157214
-10.707183648959857
-7.257388262208834
-8.446816711897217
-11.1338705423293
-11.053507428152066
-10.296789455871153
-10.707183648959857
-11.619240593440683
-9.771440599307587
-9.807334841467766
-8.251463606951383
-9.159967210431173
-10.628123227645178
-9.82613240970703
-8.20212228276312
-8.933489455871152
-12.30633479718753
-9.555061491008422
-7.783543848109996
-8.071852207263273
-8.599743975397256
-8.123369352323792
-10.711427922813591
-9.555061491008422
-7.330124242400542
-8.326907428152067
-10.318321780322053
-7.661458014174567
-7.170463545412497
-8.706249444236354
-7.980583648959858
-7.980583648959858
-9.97766382108586
-9.103818435489247
-7.9015232276451774
-11.288578869250601
-7.627657140136831
-7.861810261992618
-8.184555637352208
-8.135330843332214
-11.448911613822588
-10.558386993792661
-7.405170589579465
-8.369385104999562
-8.984146028589498
-8.256159966611927
-9.387761027800089
-6.8165
-6.298158014174567
-9.123890651512918
-9.771440599307587
-11.282294706973245
-10.236526602795735
-9.697847194372354
-9.798155220888795
-9.470738157999053
-12.812211613822589
-12.572146400351977
-12.480877842048564
-12.480877842048564
-10.286310002350397
-11.911900429370505
-12.480877842048564
-12.680094193088705
-12.480877842048564
-9.941769578925683
-11.859305806911294
-11.495070589579464
-11.282294706973245
-11.434291768133985
-10.9064
-9.435152207263272
-7.462241663134426
-10.900508671122124
-10.247714295957476
-9.29519263655489
-11.776556441157215
-7.027677842048563
-6.948617420733883
-11.208846400351979
-7.257512948671794
-7.054847098714608
-5.983986999659567
-11.117577842048563
-10.496005806911294
-9.653420836663699
-10.496005806911294
-8.398639578014755
-10.152947420974247
-9.264823227645177
-9.343883648959858
-9.387761027800089
-7.980583648959858
-8.290120836663698
-8.890670296556914
-7.609303910343499
-10.526375215821009
-9.28745300128365
-8.579631647340296
-9.365415973410757
-8.308964428741236
-10.255940593440684
-8.229168054979803
-10.526375215821009
-9.941769578925683
-11.316794193088706
-8.566972641622678
-7.614066834711383
-10.439575159235085
-9.30303478652939
-7.989102841509194
-8.139188014414932
-8.020828662620822
-8.298743421104884
-6.118649413977501
-9.235935856223131
-9.172498337808792
-8.752681022732302
-8.269098261419645
-9.00058838617741
-6.892186773057675
-8.48521419437133
-7.686656441157215
-7.359011613822588
-8.55611656216909
-11.751358014174567
-8.979648431628029
-11.651691107013875
-8.216434797187532
-8.199668087882644
-8.435766804852056
-7.831786993792662
-8.024461027800088
-8.248131726086529
-10.340666834711383
-7.472909945764476
-9.77231193672339
-9.132705806911295
-10.82226846842287
-8.123369352323792
-13.222605806911293
-11.751358014174567
-9.605481186881368
-9.598938869848652
-11.448911613822588
-7.438072035137269
