-12.762547595993743
-12.060004195439102
-8.099889083935501
-12.076773513513878
-11.88748679175371
-11.417211535603949
-10.631028421064784
-6.758752109178278
-12.221017717688035
-10.686407002553057
-11.639312809464354
-8.1798
-8.293698331941886
-7.743338129832177
-11.511292800703956
-9.180467148104057
-8.990025840429002
-11.476948490494816
-9.789115752675771
-11.28460114191726
-10.779038216618325
-10.728715973410758
-10.512600036604656
-12.671596731648854
-8.188748386962605
-11.999166828541627
-9.802414900842635
-6.483477001210848
-8.002115973410758
-12.762547595993743
-10.490114478033417
-11.802145294267408
-11.226787758814861
-12.769392454508349
-12.184381980901744
-9.882994774084157
-11.07817982020056
-8.652575379970074
-9.149215901601368
-10.650765484125404
-10.0469903180259
-11.493473113728419
-11.727188386177412
-10.877512628577954
-7.405170589579465
-10.643113235063362
-9.602200991969546
-9.183127374012875
-8.768470589579465
-8.952832965750924
-7.559710002350398
-8.92197218671714
-10.04073067529016
-8.208924248267445
-9.881155536022069
-7.805288861605714
-10.800929517398417
-9.182219485287053
-11.268549417191478
-8.873226602795736
-12.137582579266116
-9.30303478652939
-8.342286829643596
-8.825541663134425
-8.040619986569713
-11.988111407521231
-11.533352785055397
-8.88245650400433
-7.58539637982123
-9.10314791009819
-11.368409217744624
-10.91836149100842
-7.774310675182296
-13.935446400351978
-13.09048838617741
-12.524755220888794
-9.709215128797569
-11.063663137312254
-11.21506218900755
-13.525052207263272
-12.480847635749512
-7.35187589401349
-11.343153801966574
-10.589096046182071
-11.670757738501202
-6.47483637010767
-13.803328979618096
-13.012272874407275
-12.332081186881368
-13.633
-11.739149877185833
-13.268825336935002
-11.15241575267577
-7.7997752158210085
-12.332081186881368
-9.918994706973244
-10.15627368627999
-10.877512628577954
-10.432151879748597
-7.591721780322053
-10.61511820480113
-10.71357309878875
-7.7773032196736995
-9.057218043385253
-8.390977842048564
-10.558386993792661
-11.991423227645177
-11.002623178573705
-9.440106827533562
-11.544264735418006
-11.376681913507008
-12.092495543350804
-9.687687950531117
-7.160751524372735
-9.682526036855982
-11.296211917650275
-12.146048351966904
-8.225151570726034
-8.984407332010697
-6.81577428560151
-12.882873686279991
-8.403803043884377
-12.101768465649258
-9.225456402702376
-10.824334154178977
-8.90782529789554
-13.114000884418417
-11.99608532137626
-8.138359359741976
-9.455224423286943
-8.386816314938965
-11.184930762469843
-11.863763095218552
-9.08851133067858
-7.264790063526527
-11.239215809261692
-11.750700884418418
-11.620229031198996
-10.534775757055968
-8.047682579266116
-10.849969352323791
-11.439367752280312
-8.787164928166792
-9.85857496393102
-10.871900513884539
-8.590194193088706
-10.467118435489247
-10.435551993128795
-11.85601447143033
-10.207628396788776
-8.539170648446254
-7.1760006182306295
-11.33965613384295
-12.480877842048564
-13.377365484125404
-7.1843517399077665
-12.440028979618095
-11.562809945764474
-12.742475379970074
-6.978189358005423
-11.571605678086698
-7.877945969549539
-5.9501450079672304
-12.414379631933603
-10.444136969013961
-9.860536407770162
-8.988863772014389
-9.855582508363813
-11.72576911182497
-7.258084786529389
-7.612474932208217
-7.286126044527715
-6.9132806867760825
-7.155948733193599
-11.194120436306106
-6.284742794877462
-7.427177237041658
-13.152869573058778
-13.57656935232379
-12.092015973410756
-11.311355928558179
-9.993444227775841
-7.813966742110513
-10.737553057869572
-13.500882579266117
-12.850423172706801
-9.30303478652939
-11.69268890006195
-7.6562999035540855
-11.955528985484998
-6.717200455685326
-10.067392525030591
-8.873226602795736
-8.097050634245921
-9.28743739847161
-11.739149877185833
-6.211737931946598
-9.54905053920516
-5.925975379970073
-9.361046406218883
-11.954428374369646
-8.830030490623816
-8.034667189882448
-11.474107914272292
-11.614363488547765
-9.830926554663375
-7.843759425736501
-7.660688086995226
-11.763823183364941
-12.953653222018637
-14.160891768133984
-13.23759581432948
-10.82365063424592
-12.623663545412496
-11.052310065809403
-8.024461027800088
-7.313872762784758
-8.363300018886159
-7.889625469506367
-11.062623815194492
-10.332469577119298
-12.692055684097127
-12.209622035137269
-10.979923352880828
-11.527059956535158
-11.609215449959068
-13.888055220888795
-8.253807130322192
-12.899791227686604
-8.889015140738522
-12.610486649289633
-8.286637017579253
-12.479805711053013
-8.855354873161358
-8.566972641622678
-12.161752207263273
-7.390853959135691
-6.862025646167151
-10.962238869848653
-9.74813756139799
-10.32938890006195
-13.303952000537908
-8.29262281181475
-11.84324363732506
-7.299293733865889
-6.764870633713418
-12.686044732293865
-7.232844732293866
-14.080028990276235
-12.908434792396292
-14.271734792396293
-11.813016742301869
-11.038517420733882
-9.983863601998419
-11.69268890006195
-10.332749781369442
-8.069390358946388
-9.410982579266117
-11.00912701294001
-11.429614211780809
-7.159795366621916
-7.8060406040988255
-10.32604698902278
-7.719741789082449
-7.2094506903190645
-7.000161478845484
-11.274412126702263
-12.625627312703685
-12.02764161817857
-12.161752207263273
-9.172498337808792
-11.239215809261692
-10.068110625382028
-11.825055408989916
-8.502318616375648
-12.819659179532445
-8.446816711897217
-7.7863726898461
-11.47154138746106
-13.23759581432948
-7.17435167540485
-12.711605996227458
-12.623663545412496
-12.686044732293865
-11.213801020622268
-13.024145616776753
-11.06044899396949
-13.41139218835754
-8.68991044177759
-11.620080554977413
-11.045841683209602
-8.393520753618983
-12.524755220888794
-12.257975385836977
-11.78570621068183
-12.029634786529389
-11.799348698075384
-8.115350173295148
-7.711631064067202
-7.390870081732375
-10.005119790677483
-11.799779610988574
-8.659190797029694
-9.11808596122269
-9.435152207263272
-11.208846400351979
-10.353325840429001
-11.423271711086445
-7.251560600475811
-12.827201621240773
-7.472013543371932
-9.123890651512918
-8.345916996661582
-8.80137203513727
-8.434855220888794
-11.322744732293865
-7.723839201055936
-7.959807002553058
-9.06296957305878
-13.044921780322051
-8.770423203109441
-13.604784676161895
-11.330424894848644
-12.208777421629705
-7.625563772014388
-8.262253402905037
-6.536375882411143
-9.565280103391757
-8.150912628577952
-8.086842214681457
-11.474107914272292
-9.762797034597899
-6.70144086215487
-13.078763772014389
-9.845546400351978
-12.819659179532445
-10.915348386962606
-6.698838443259329
-6.582943772945694
-10.240358808194944
-12.597344827334627
-9.891705376108854
-12.104066948827418
-13.14221620825652
-6.849993815459322
-12.623663545412496
-8.071852207263273
-7.3972231727068
-10.781430436709803
-7.6349248155049
-8.168075385836977
-10.94936719623642
-9.147695814329479
-10.849969352323791
-12.623663545412496
-6.7445998637526285
-10.694630380123881
-6.698765642841115
-8.544627587233347
-10.936769408909713
-13.57656935232379
-10.968781186881367
-9.076275159235085
-7.000201850716024
-9.333404195439103
-8.672647595993743
-10.834038157999053
-11.495070589579464
-11.316794193088706
-7.189163889595565
-11.223849383589648
-10.125742966278247
-10.592228985484999
-12.171703259439559
-8.707691768133984
-12.827201621240773
-13.301666228225974
-13.455315973410757
-7.6743012233908825
-11.3565867239862
-8.1605770316723
-11.038517420733882
-7.175110674807436
-10.53579833780879
-7.305346249877765
-11.260363545412497
-7.366459179532446
-7.154532351087759
-7.580857738501202
-12.187634154178976
-7.166386921343353
-12.698128287763533
-11.556123929306825
-13.664190593440683
-9.737598607615253
-8.210169408909714
-9.798155220888795
-8.646033062937358
-11.5718494139775
-12.332081186881368
-11.191248467994185
-10.66633478652939
-11.639312809464354
-12.742475379970074
-11.161455220888794
-11.884534731263853
-7.7519048184707335
-11.372633062937359
-12.480877842048564
-7.336787179317903
-6.998911314318574
-9.543099999999999
-8.330714988973147
-13.120857795087124
-13.530550859187471
-7.971358568392853
-7.2053259223992265
-7.031922115902297
-7.572459039424725
-9.573469408909714
-13.729223178573704
-9.433103501276529
-10.686407002553057
-11.002623178573705
-9.103818435489247
-11.161455220888794
-8.68641737166241
-13.720224160326008
-11.955528985484998
-11.813016742301869
-8.386763776805626
-13.413007002553059
-10.496005806911294
-8.27567500234069
-13.633
-7.90369012622269
-7.468441444046983
-7.038671491802771
-10.367438345275858
-12.731709217744623
-9.713428979618095
-11.849034134991962
-9.289378445800656
-7.30258096614638
-12.029200917266532
-10.739888500605424
-7.044840599307587
-9.639323178573704
-11.276735288970459
-8.101693158054905
-9.152267834478424
-9.732113020365263
-9.081682262268842
-7.21580843428601
-12.908434792396292
-9.923936296275603
-9.843139808294012
-11.505963962124415
-11.866724913469966
-11.512536471377178
-11.524787197319464
-7.765598567310912
-11.631568390790799
-7.885101025413506
-10.575066228225975
-8.590194193088706
-12.572146400351977
-11.043179514464967
-9.049956441157216
-10.753342624716735
-11.448911613822588
-12.60297174163826
-12.524755220888794
-12.812211613822589
-12.840616369317672
-10.526375215821009
-10.936769408909713
-7.126756446026297
-9.864287152687275
-12.17867320310944
-9.874552210196724
-9.128155866210305
-12.506942846649812
-11.217186017568634
-11.097153410833329
-10.23210840284521
-14.324109907711154
-11.208846400351979
-12.623663545412496
-13.729223178573704
-12.29836045366816
-12.243638761233505
-12.436411887925548
-8.75854464189133
-10.570012937233487
-10.419727256026064
-12.480877842048564
-7.001940456041649
-13.203546286838542
-10.131770589579466
-11.042229493502635
-11.968886296275603
-8.126066731327171
-10.388058014174566
-9.930272641622677
-11.859305806911294
-11.184930762469843
-12.812211613822589
-13.152869573058778
-12.332081186881368
-13.222605806911293
-9.871304972882237
-8.626695006642542
-10.301963246753697
-9.383224042632497
-11.834662709342982
-12.656872641622677
-8.459499457061408
-10.798452207263272
-9.96438247924792
-12.912560808086493
-11.905525336935002
-10.968781186881367
-11.670757738501202
-13.209571646438775
-10.558113012437069
-9.615432239057654
-12.658101376167668
-12.329189806266474
-11.599826602795735
-7.769405806911294
-12.286446907729662
-9.26667635487685
-12.597344827334627
-13.247289834401196
-10.988853402905038
-9.410982579266117
-7.359233683088371
-10.498981076513873
-13.203546286838542
-10.678008723524343
-11.176186675106903
-10.423934998356085
-9.468480183797181
-10.93506045366816
-11.203932897736289
-13.765117420733883
-13.455315973410757
-12.917206414566667
-12.161752207263273
-7.071555220888794
-11.529668525932447
-12.786113102555749
-13.268825336935002
-8.461401703411552
-8.325655442436423
-9.109407773872627
-10.442896612945797
-11.161455220888794
-11.4871231727068
-6.693932361574668
-7.424608583697481
-7.800554773099103
-7.8285067988808406
-11.055602261704824
-12.04970700255306
-10.566667879368696
-10.9064
-11.65988184978254
-7.88330413885318
-11.16321212120027
-11.265770648446253
-12.365923178573704
-7.549412809464353
-10.363888386177411
-10.318321780322053
-7.124050301709039
-10.130183303165222
-8.276023178573704
-12.243638761233505
-11.982622215672718
-9.049956441157216
-12.908690990450872
-12.891272035137268
-8.572693204648145
-7.423039738253178
-10.803406827533562
-9.970918216955122
-7.461451467318982
-13.15068478946284
-7.66127045511988
-13.055988900061951
-7.299895820196382
-9.713428979618095
-11.936069696715379
-12.793881633930747
-11.862709031660888
-12.66565050737768
-7.592929086392244
-8.986251856997562
-8.279516248688884
-8.584302864210828
-10.951324641975486
-11.772841612292776
-9.615517294893202
-13.20798596122269
-11.076728979618094
-9.460350634245922
-10.331398087927257
-7.715672538238466
-6.079016308991004
-12.419790561819774
-7.649854342442193
-7.11403289773629
-8.487201020622267
-11.283244727935575
-9.91343528897046
-9.378721559587065
-7.340075294576828
-6.295610186298573
-7.64097066982552
-13.114658014174566
-8.386763776805626
-11.227898678712261
-7.705351621426127
-10.307457738501203
-8.43759419416436
-9.430238704647584
-7.997746406218882
-7.744762709342981
-11.208846400351979
-13.354723227645177
-11.490558637051194
-13.336504138853181
-12.891272035137268
-12.480877842048564
-6.722379451694489
-9.612096603940989
-11.47154138746106
-11.121822115902297
-12.557526554663374
-12.064278938424073
-9.889585540596606
-10.66633478652939
-12.953653222018637
-8.279516248688884
-8.715687973574694
-11.203932897736289
-10.02582643214636
-8.482246400351977
-7.763514478033418
-7.470224799814479
-11.24443235108776
-8.145300513884537
-12.416807428152067
-10.375849877185832
-11.58389043878384
-11.809641789082448
-13.433783648959858
-9.847896864737734
-7.2611403258883565
-9.279813235063362
-9.62216042131468
-12.249947347244436
-10.748445074104115
-9.963043975397257
-10.413256441157214
-12.362744338417755
-13.193718435489247
-10.04501021001019
-6.811135819342771
-8.003387394238766
-6.912723178573704
-11.069708014174566
-12.2697
-7.896933417355691
-10.005442093837326
-10.927493913718408
-7.570189455871152
-7.869122055600178
-9.953494193088705
-10.528091598717307
-7.552483207013497
-11.811564495138118
-11.305069578925682
-9.415738216618324
-7.289275379970073
-11.511292800703956
-8.885773050545806
-9.83575983592982
-10.073161863418063
-10.426269573058779
-10.2085494139775
-11.076728979618094
-8.185750539205161
-11.78956957305878
-8.933489455871152
-7.848297088482736
-10.239312124133722
-8.782872846007447
-11.041763807759972
-9.713428979618095
-8.555694706973243
-13.16898057581012
-8.193273812819625
-8.787164928166792
-11.161455220888794
-7.336787179317903
-12.698128287763533
-13.152869573058778
-10.94936719623642
-12.121232366051151
-8.267722944501168
-8.207681700765907
-10.592228985484999
-8.047682579266116
-10.762557965103094
-10.252006534666515
-8.938799569197561
-6.82245053920516
-7.826873491176974
-7.500453222018637
-8.96608890006195
-11.991423227645177
-7.18418392618795
-8.038284387220743
-7.4819494139775005
-8.512173496910687
-11.489042966278248
-11.487721640061373
-6.199503083079667
-10.066318846736735
-12.073825300828993
-10.07328474068283
-9.724692609085704
-9.924311603368363
-7.483773987585326
-11.139110166499464
-6.323356441157215
-8.771679668802392
-6.863674880703375
-11.569123053056398
-12.623663545412496
-13.413007002553059
-11.951965300429434
-11.84468596122269
-13.477661027800089
-14.246173686279992
-6.975241735953269
-8.272550595791081
-6.5589337980888285
-11.105024573212585
-9.754277842048563
-11.562809945764474
-6.885529867440939
-6.881023100355066
-7.214299521947395
-12.290793913718408
-7.595509001664869
-7.121607849583276
-7.263528990276237
-10.829798169436078
-10.96551002836501
-11.889675215821008
-8.747496733437224
-10.078013015349766
-11.217186017568634
-12.194500169658811
-6.894096073627993
-7.149315809261692
-11.208846400351979
-10.877512628577954
-13.455315973410757
-12.401817420733883
-9.022360394585817
-9.159967210431173
-7.865628985484999
-10.547092665800726
-11.06343030153581
-9.370704695623782
-10.921731201024667
-12.523775892096271
-11.087637468653071
-8.2823241539857
-10.055172612058598
-11.115364983398294
-10.81428682818902
-10.163110187997216
-11.91124736416831
-11.355581016717016
-10.724098425610144
-9.868448141702357
-6.974766053260645
-13.101293145350503
-9.24788784146936
-7.226894193088706
-7.743344568144799
-7.699669573058779
-11.354866423781043
-11.955528985484998
-10.475948689151146
-12.119200012376531
-11.580711196922165
-11.024199312989673
-10.10197228109387
-12.28927981770767
-8.831376029282406
-11.619240593440683
-10.760819410701409
-7.375429451643347
-11.523120749754888
-11.232125980724408
-12.313489806932008
-9.501725317122961
-8.560499159846117
-10.438244764084954
-8.459499457061408
-11.092687506499416
-10.496005806911294
-10.97368238787909
-7.445545996348043
-9.106032876465134
-11.805359665297104
-12.580021181962532
-12.609569578387848
-12.427685345243354
-12.567973865804152
-12.921288866681145
-12.134660364217947
-6.945075593618432
-8.47245983592982
-9.182073861891098
-6.33874261698575
-10.085611613822588
-9.959086008461517
-9.62013392646521
-10.139501802810079
-10.352163772014388
-11.567736729022178
-11.761309066350853
-9.132705806911295
-11.531365016727626
-13.549022032154438
-7.87759047649342
-11.316794193088706
-11.980424638916084
-11.631202084449106
-11.97320413885318
-7.57720891334314
-7.776254107724671
-7.54029601170545
-8.03781837092972
-7.652399857062465
-11.727188386177412
-9.573469408909714
-8.836209945764477
-7.441805386766997
-12.38719757504528
-9.448222356411438
-12.312667196236418
-7.1390186163756475
-7.351656566851442
-6.328527423084281
-8.1798
-7.084074657910405
-7.158738931249475
-9.48996180747384
-14.9963
-10.029180966146379
-7.60278890006195
-10.53515564325657
-8.81212644383732
-11.016720836663698
-8.781412605792134
-6.521441211566406
-7.501770405358733
-11.79838074231989
-9.228928985484998
-7.9717684935614805
-6.878946976499434
-9.1066445681448
-8.242181186881368
-11.991423227645177
-11.1260970345979
-9.286635274550871
-9.68266498644374
-11.182831919639085
-10.962238869848653
-9.965455684097126
-9.48666935232379
-6.844816295832896
-7.964315719626226
-11.448911613822588
-9.070916989931444
-9.420532361574669
-12.105321559587063
-9.990128990276236
-8.255486773057676
-7.743344568144799
-12.379651072281224
-10.715702841509193
-12.070483648959858
-8.541347392321525
-12.645594706973245
-10.461506320795833
-11.631202084449106
-7.637288386177411
-9.675217420733883
-10.66633478652939
-10.444161146759564
-10.44498226226884
-10.66633478652939
-10.94303479718753
-12.401817420733883
-10.849969352323791
-7.3604936513102555
-7.863890148208234
-7.7416472702776735
-11.161455220888794
-11.258214455331782
-7.9103870030662495
-11.016720836663698
-6.917268200994951
-9.990128990276236
-10.857553199232818
-11.228918616375648
-6.764391077111926
-11.340963821085861
-9.108062709342981
-8.47245983592982
-11.023897575045279
-10.631835300413927
-8.544627587233347
-9.822324848885952
-5.489834797187531
-7.561791107013873
-7.630225793481007
-7.401978810059009
-8.086842214681457
-7.054496573647127
-14.020610890161025
-12.432186829643596
-8.533763545412496
-7.201853673472557
-11.641357970969997
-9.54905053920516
-10.13049319025726
-9.543099999999999
-9.543099999999999
-7.477291699521909
-10.161298386880263
-9.543099999999999
-9.543099999999999
-8.784692800703956
-8.590194193088706
-9.816659028929932
-11.776556441157215
-6.9560649864437405
-6.78107849095538
-12.345138155594267
-10.770034922143951
-11.262520464618257
-10.029180966146379
-7.661458014174567
-13.114658014174566
-11.053507428152066
-10.798452207263272
-11.260363545412497
-11.768017111075176
-6.6388159734107575
-6.339800363881064
-10.336808184925049
-9.812911714729834
-11.117577842048563
-11.665266312601439
-8.123369352323792
-8.540258020041472
-8.651261120457775
-9.855497452528263
-8.229168054979803
-9.024758014174568
-9.86868901392479
-7.3575332768069055
-8.661857800040089
-8.560516570526573
-10.385596165857681
-12.213269352323792
-8.512615809261693
-12.161752207263273
-10.467118435489247
-10.236526602795735
-12.797591768133984
-12.78332424240054
-9.953494193088705
-7.580857738501202
-12.213269352323792
-8.311917420733883
-12.121766114623567
-9.30303478652939
-7.93973478652939
-11.08467639649076
-11.188567391812704
-10.581871747604513
-12.114361027800088
-6.893601364664176
-9.54905053920516
-7.405811015458217
-9.667862373762738
-10.798452207263272
-10.296789455871153
-9.195086993792662
-12.55273240970703
-9.195086993792662
-9.435152207263272
-8.57499699614306
-10.80840325943956
-6.8901717728127
-8.626828990276236
-8.326907428152067
-10.413256441157214
-9.264823227645177
-9.555061491008422
-7.445158257119419
-11.751358014174567
-11.708378791686062
-7.64061331723414
-11.218797452528264
-10.276012809464353
-10.296789455871153
-9.2394706348845
-8.320865807696489
-12.186480929677934
-13.787213572928094
-10.526375215821009
-10.9064
-10.415319417694446
-7.5706125167445855
-9.28745300128365
-9.737598607615253
-9.103818435489247
-8.123369352323792
-10.450439201055936
-10.813442214681459
-9.508600513884538
-9.470738157999053
-8.659190797029694
-7.509353905346107
-7.676448021592752
-7.366759039588073
-9.079567614385136
-10.72000885079567
-11.918406798880842
-6.1076396488807045
-9.05253628692603
-11.163279794496619
-8.243498370221463
-7.737705728692655
-7.189830889666683
-6.380327924774845
-11.495070589579464
-9.076275159235085
-12.416807428152067
-8.873226602795736
-10.525261582841027
-10.94303479718753
-6.765476455357548
-12.489397034597898
-8.179456796292724
-8.652575379970074
-10.75106102780009
-10.000293594724335
-12.842581022732302
-7.455234792396293
-11.110013987574924
-6.952388048566137
-10.849969352323791
-8.816506594655271
-9.291310172366368
-12.345386773057674
-9.132705806911295
-10.526375215821009
-9.264823227645177
-10.413256441157214
-6.916496586604718
-11.323689835962426
-10.592228985484999
-11.282294706973245
-8.071852207263273
-11.64341022143784
-10.66633478652939
-12.940640090117073
-6.902564472700702
-8.481260432318665
-10.496005806911294
-12.245440201075997
-10.363888386177411
-11.830418435489246
-13.765117420733883
-8.850740090117073
-9.579105266381621
-10.276012809464353
-9.762797034597899
-8.914925868177013
-9.907927587233347
-11.08467639649076
-11.921686993792662
-12.332081186881368
-13.284986993792662
-10.444161146759564
-10.388058014174566
-10.66633478652939
-9.267182395394604
-7.204812341045198
-8.366131944797782
-7.61772162203989
-12.75578096614638
-10.063387179317903
-10.851586304627396
-6.273988386177411
-7.3491765207608255
-10.04279245450835
-10.592228985484999
-10.849969352323791
-7.5526823085825905
-10.9064
-6.894546306878035
-11.100898607615251
-9.27043745689118
-9.952074918736264
-9.272270793355034
-8.025288985637875
-7.160006755432375
-9.834790018076326
-5.74605399027397
-7.158527890909625
-8.343066386921691
-10.318321780322053
-6.878881186881368
-6.576434786529389
-9.953494193088705
-10.143909469295222
-10.75106102780009
-7.340649009415497
-8.198444794746692
-7.398645857413387
-7.837405373849038
-6.998387836359264
-6.566648222107232
-8.664536870978496
-8.550161147103296
-10.496005806911294
-11.991423227645177
-11.570030445827378
-7.515684252711952
-9.291310172366368
-14.411078119276656
-11.443011216216792
-9.076275159235085
-8.578469578925683
-9.40111837092972
-10.276012809464353
-11.038517420733882
-9.79181313167915
-8.590194193088706
-11.921686993792662
-11.599826602795735
-9.543099999999999
-9.543099999999999
-9.543099999999999
-9.543099999999999
-9.83575983592982
-11.776556441157215
-8.977366834711383
-8.298432266111703
-8.2374764963708
-10.661225589425989
-6.3131480215927525
-7.47452689806808
-7.556188826206058
-8.476355071474101
-11.675079463289336
-12.365923178573704
-10.635570793355035
-10.357059860954772
-11.415810177157603
-10.558386993792661
-7.831786993792662
-11.463901621240772
-11.273424523584012
-11.069666386921691
-7.514913323348892
-9.123890651512918
-6.804889224266986
-11.366162248068509
-9.2394706348845
-8.707691768133984
-8.768470589579465
-10.849969352323791
-6.652121559587065
-6.933275973899066
-7.750756275594211
-7.225002582319368
-7.149315809261692
-9.536263418406506
-11.380441663708082
-10.418167798582344
-8.912712809464352
-11.023897575045279
-13.023389455871152
-9.228928985484998
-10.886708277839372
-11.305069578925682
-9.33966958371692
-7.646597537038969
-8.028574253918189
-7.3907849656914415
-9.52559901155944
-10.558386993792661
-12.029634786529389
-11.751358014174567
-8.555694706973243
-12.161752207263273
-8.104302720836461
-8.144184446320928
-8.017218446147389
-11.599826602795735
-10.498973600930647
-11.639312809464354
-9.48666935232379
-6.708552207263272
-7.549412809464353
-10.936769408909713
-12.2697
-11.874295814329479
-12.592218616375648
-11.448911613822588
-7.614066834711383
-10.798452207263272
-13.114658014174566
-9.990128990276236
-7.698617932165637
-8.482246400351977
-10.930569627997155
-11.055027515423957
-11.083876837061782
-11.002623178573705
-9.63897500234069
-12.332081186881368
-9.946431600392302
-10.785760942000339
-11.013164827973204
-9.865618616375647
-10.181834792396293
-10.276012809464353
-9.705586829643597
-10.164672035137269
-8.358076396490759
-9.415738216618324
-9.20503804596895
-9.029712634444856
-11.58102903455647
-8.382579493191285
-8.818534792396292
-8.1798
-8.854429034556471
-11.319182456981304
-12.217127647082904
-7.796977277820914
-9.04365745331346
-8.392587084105886
-9.343883648959858
-8.80306609542655
-9.695544895941147
-8.056751196438736
-6.239153858837969
-9.231057305859123
-9.771440599307587
-10.94936719623642
-6.854080350224024
-10.131770589579466
-9.218571747604514
-9.639323178573704
-5.804703483816278
-8.784692800703956
-10.363888386177411
-7.0234637768056265
-8.203969627997155
-7.217265069281356
-8.850740090117073
-9.798155220888795
-9.076275159235085
-11.666467330834438
-10.526375215821009
-10.181834792396293
-9.48666935232379
-11.921686993792662
-8.62056360199842
-9.227885070432585
-11.727188386177412
-7.695474170794524
-9.543099999999999
-9.543099999999999
-9.543099999999999
-9.543099999999999
-10.156567461071976
-8.67949245450835
-10.551844676759947
-9.958249830440915
-9.492076455357548
-8.150912628577952
-8.203969627997155
-7.4048506362254605
-6.940897008945725
-10.455946902793048
-8.615598594561927
-8.53268802528536
-11.243385359361028
-9.172498337808792
-14.779492127722634
-12.634527587233347
-8.243498370221463
-9.897063545412497
-10.605970080079015
-10.501956346116454
-6.9243463713148135
-10.340666834711383
-10.917757642238914
-12.874592800703956
-11.109179493191284
-9.514212628577953
-9.1066445681448
-10.388058014174566
-8.836209945764477
-11.57080025694227
-11.52797203513727
-9.855497452528263
-8.590194193088706
-10.276012809464353
-10.75106102780009
-7.612474932208217
-11.270132168480213
-11.501506236281799
-11.135611936723391
-8.62056360199842
-8.145300513884537
-8.579631647340296
-11.74889616585768
-8.977366834711383
-8.408140599307588
-7.88330413885318
-8.63956224806851
-9.500239741722664
-9.891921698247518
-10.112873017342467
-7.661458014174567
-7.266053828504047
-11.305069578925682
-11.179019974542472
-10.59817952469016
-10.276012809464353
-6.598347329714098
-6.627951931589908
-11.660089455871152
-6.702905183595043
-7.158738931249475
-11.156918235721204
-10.94303479718753
-8.326148845515077
-11.18943240970703
-5.92158404576409
-10.217729034556472
-7.926078445800656
-8.134233394144642
-8.768470589579465
-8.264298564410682
-9.646330049311835
-5.545348441174022
-10.732788476052441
-5.778368452402023
-11.170634841467766
-10.592228985484999
-10.055316218747233
-9.185300429370505
-9.163075215821008
-9.543099999999999
-12.358998261419643
-10.75106102780009
-8.938778233593977
-7.529735440849235
-7.876880130076865
-8.408140599307588
-7.608401014755364
-11.328755684097127
-9.730974967367358
-9.21618090751107
-8.80137203513727
-8.977366834711383
-7.776254107724671
-6.977430787572723
-12.161752207263273
-12.037582203402055
-10.362232896514763
-9.872601182453888
-9.543099999999999
-9.543099999999999
-9.543099999999999
-9.543099999999999
-9.543099999999999
-9.543099999999999
-7.587352213130176
-10.849969352323791
-10.318321780322053
-8.366131944797782
-12.801939941903257
-6.648544064308876
-6.836368087882644
-6.240383271330474
-6.596507002553058
-6.9689448959411475
-8.107438157999054
-7.330124242400542
-13.055988900061951
-12.045637751709078
-12.732042093837325
-9.334196143208054
-9.789115752675771
-13.433783648959858
-14.585905806911294
-12.161752207263273
-12.680094193088705
-6.61306958371692
-12.668369578925683
-10.388058014174566
-8.390977842048564
-10.628123227645178
-13.284986993792662
-8.254814344061854
-9.543099999999999
-9.543099999999999
-9.543099999999999
-9.543099999999999
-9.543099999999999
-9.543099999999999
-9.543099999999999
-9.543099999999999
-9.543099999999999
-9.543099999999999
-9.543099999999999
-9.543099999999999
-9.543099999999999
-10.838217461071974
-9.543099999999999
-9.543099999999999
-9.543099999999999
-9.543099999999999
-10.388058014174566
-7.068647548171089
-7.707616989931444
-10.592228985484999
-10.318321780322053
-10.66633478652939
-9.886395262782447
-12.114361027800088
-8.766011397200653
-8.462832409707032
-10.436890013285089
-10.72000885079567
-6.352372538238466
-7.344391768133985
-12.33869660394099
-6.304582202367174
-6.576040202264749
-8.09243505175083
-6.8854966039409895
-6.66655977417204
-12.114361027800088
-12.114361027800088
-12.156838704647582
-11.340963821085861
-7.027677842048563
-12.480877842048564
-7.027677842048563
-12.692055684097127
-5.833872867337045
-6.508244346075896
-11.830418435489246
-9.961841794949352
-12.161752207263273
-11.703966834711384
-13.38509263655489
-9.00058838617741
-7.694951829633889
-8.123907845919055
-9.780212221477962
-11.681621780322052
-6.733236011295504
-12.029634786529389
-14.15931102780009
-8.955021780322053
-7.769405806911294
-10.093059179532446
-7.607274328083912
-7.0580472509582775
-8.768470589579465
-9.675217420733883
-7.743344568144799
-9.653420836663699
-10.707183648959857
-13.37107881101701
-9.971557332925343
-7.547171261325269
-5.79018535936103
-6.621314984970196
-10.798452207263272
-12.2697
-9.306995160273546
-12.612995262782446
-11.52797203513727
-10.199509945764476
-8.614363821085862
-13.57656935232379
-10.75106102780009
-11.415810177157603
-10.532640604098825
-6.213801934633448
-10.619754701993013
-8.942008648420488
-7.716484154084789
-10.467118435489247
-5.739123428199686
-5.540992455405164
-7.177284621318768
-11.260363545412497
-5.80975279298152
-6.423926305290856
-11.928302410852284
-12.213269352323792
-9.629650814878525
-8.729759179532445
-9.48131118302015
-9.374253057869572
-7.480130445827378
-7.831786993792662
-11.727188386177412
-9.561134094674827
-10.968781186881367
-7.027677842048563
-10.41629389683997
-8.652575379970074
-10.058701117917163
-7.175870648446253
-12.515715752675769
-6.41776529655271
-11.637274688115511
-7.847967856104499
-8.366131944797782
-10.496005806911294
-10.467118435489247
-11.038517420733882
-14.453788386177411
-10.3615248155049
-9.576593815459322
-9.72137639649076
-11.860046825655129
-10.647685255212306
-8.861445817325126
-9.665455122123209
-7.862156402702376
-8.220860355080397
-8.338404365455073
-7.625563772014388
-9.29519263655489
-10.818014234830402
-8.653892563310169
-8.453359028929931
-7.559710002350398
-8.359678761926647
-7.887987435357699
-11.031162373762735
-10.813442214681459
-9.737598607615253
-10.100601621240774
-9.930272641622677
-9.30303478652939
-6.0277974056286014
-8.504363777881291
-8.546824523584013
-7.605251679313006
-13.166175159235085
-8.540258020041472
-8.216434797187532
-11.639312809464354
-11.511292800703956
-7.989102841509194
-7.136980495026807
-10.9064
-11.921686993792662
-10.413256441157214
-11.271227587233346
-12.213269352323792
-12.543259028929931
-9.762797034597899
-7.45003352614569
-11.744246663406201
-10.455946902793048
-10.16636609542655
-9.27043745689118
-11.028065303362887
-7.288355092081836
-6.8575603550803965
-7.354587630595826
-12.2697
-8.375574584589518
-10.558386993792661
-8.912712809464352
-10.962238869848653
-11.134740599307587
-10.91836149100842
-13.114658014174566
-7.815564782668171
-7.637288386177411
-7.575499569197561
-8.537001878009633
-7.991251931589908
-9.253026059880302
-9.172498337808792
-7.673671290713971
-10.456500501400168
-9.555061491008422
-11.679432965750923
-10.349846455290354
-12.20791118302015
-8.999182593986914
-9.865618616375647
-8.955021780322053
-7.286649771821642
-11.366162248068509
-10.270728217104658
-10.214223992484504
-11.470005527540996
-10.343942182399813
-12.2697
-8.022188189434427
-9.128164302114637
-8.396928381253725
-9.076275159235085
-8.631546532144167
-9.747884259216763
-11.874295814329479
-5.613067253948565
-6.884300360857075
-9.163075215821008
-10.75106102780009
-9.049956441157216
-10.4974153321498
-10.012464354504813
-7.150874410578254
-7.589096172173622
-11.249695262782446
-8.273937185809316
-10.363888386177411
-8.47245983592982
-8.908643558620371
-9.049956441157216
-6.980625087097126
-7.975111190751861
-6.8165
-11.39248096614638
-11.816486647597054
-7.544735576023206
-12.572146400351977
-6.3131480215927525
-8.047682579266116
-11.260363545412497
-7.52305858578441
-8.39055508325361
-7.240307438810209
-9.580271338944893
-7.301236870978496
-7.403093976719977
-7.860773052383397
-12.704068583402387
-10.199509945764476
-7.558879604364096
-11.218797452528264
-5.852682787269017
-9.024758014174568
-7.865628985484999
-10.276012809464353
-10.94936719623642
-8.265255396125392
-7.512990380225719
-7.729091222829618
-7.943695160273546
-9.45573505175083
-8.227240520991373
-7.11618981694205
-9.930272641622677
-10.164672035137269
-9.21618090751107
-12.447976396490759
-8.024461027800088
-9.376483093150656
-8.873226602795736
-11.379175379970073
-9.953494193088705
-11.15241575267577
-10.955768054979803
-7.93973478652939
-8.071852207263273
-7.980583648959858
-10.66554588079351
-11.281178639409632
-10.573039733376506
-10.260099682966931
-9.365415973410757
-9.780212221477962
-8.933489455871152
-8.602155684097127
-9.886395262782447
-9.343883648959858
-8.123369352323792
-8.861445817325126
-7.907141192619206
-6.8165
-12.132864835841225
-7.9015232276451774
-8.366131944797782
-7.639661430104383
-9.953494193088705
-9.387761027800089
-11.110885510209442
-9.713428979618095
-8.786339738253178
-9.816659028929932
-11.218797452528264
-12.891272035137268
-10.556416696908892
-6.8165
-6.3311299488886155
-8.416912221477963
-7.906726670641205
-13.525052207263272
-10.9064
-6.936275994844057
-8.62181138679572
-10.034588069180137
-5.938944656187223
-10.558386993792661
-7.850839272152946
-12.2697
-9.109484255445267
-10.276012809464353
-8.123369352323792
-9.68266498644374
-8.350128979618095
-9.990128990276236
-9.941769578925683
-8.057232361574668
-11.219801818616743
-12.401817420733883
-9.228928985484998
-11.987734283205778
-11.955528985484998
-12.333398370221463
-12.257975385836977
-10.029180966146379
-9.510278569803784
-9.780212221477962
-10.592228985484999
-7.515335806006628
-9.680943732075285
-9.769517854275504
-13.139856441157216
-10.131770589579466
-10.526375215821009
-8.69342424240054
-10.888899011559438
-10.131770589579466
-6.853134797187531
-12.087646406218882
-11.703966834711384
-8.502318616375648
-8.280530121374415
-11.980424638916084
-9.144667297919716
-10.070991768133984
-10.66633478652939
-7.886903381956573
-8.861445817325126
-8.350128979618095
-8.401473910114522
-9.16089790017038
-8.739888096468572
-7.907100100907245
-6.841595466602043
-7.93973478652939
-8.682252709704342
-7.70264513972168
-8.138635449123141
-12.982540593440683
-12.78332424240054
-12.287734094674828
-9.30303478652939
-10.120673837264443
-8.959423835300552
-10.00286224806851
-11.199059835929821
-9.48131118302015
-10.276012809464353
-9.486311535348307
-10.199509945764476
-7.835085462865111
-8.034103386712252
-10.322502953497139
-8.024461027800088
-11.830418435489246
-12.114361027800088
-7.139938064926331
-9.659155251147649
-10.164672035137269
-9.807334841467766
-10.100601621240774
-10.022490797029695
-7.6195575108509574
-7.375826194848599
-11.031162373762735
-11.316794193088706
-9.195086993792662
-10.226172927444006
-8.578469578925683
-10.236526602795735
-8.784692800703956
-10.783832361574667
-9.953494193088705
-8.602881116494
-10.208703603482133
-7.952099185799143
-9.465521616172987
-10.4974153321498
-11.685299303807625
-6.131913597848474
-8.607740180837968
-10.526375215821009
-9.953494193088705
-10.558386993792661
-11.366162248068509
-11.562809945764474
-9.816659028929932
-7.790499720629701
-8.502318616375648
-10.467118435489247
-10.533392035137807
-9.543099999999999
-12.09528150385296
-9.713428979618095
-10.276012809464353
-10.199509945764476
-10.798452207263272
-10.276012809464353
-12.692055684097127
-7.255645403225248
-10.217729034556472
-9.660597575045278
-7.549412809464353
-7.044840599307587
-12.312667196236418
-10.368644023529619
-9.875915809261691
-7.899307104032868
-7.930725221781973
-9.134098817458387
-12.13333492214395
-12.079002841509194
-10.131770589579466
-12.680094193088705
-10.900508671122124
-9.634467245472104
-11.316794193088706
-10.707183648959857
-10.764040812788933
-12.71128478652939
-12.213269352323792
-11.424268516254276
-11.420024242400542
-8.931378674073404
-11.249695262782446
-7.7997752158210085
-8.977366834711383
-9.19180679888084
-8.86000590781854
-12.812211613822589
-6.810608671122123
-8.48007943392075
-6.462595664914786
-6.484625151042164
-11.568217048798232
-9.503041095881754
-7.195153648380353
-8.590194193088706
-10.413256441157214
-9.816659028929932
-7.963493394956289
-8.242181186881368
-9.103818435489247
-10.788665642841115
-8.382579493191285
-7.614066834711383
-7.868071969010089
-8.722311613822589
-10.40052318336494
-9.29519263655489
-12.2697
-7.135964059297035
-8.350128979618095
-6.679664835841225
-10.00286224806851
-7.413726528934786
-7.542511632708747
-7.7997752158210085
-7.390941165050527
-9.076275159235085
-10.100601621240774
-8.102221616172987
-9.543099999999999
-10.66633478652939
-9.72137639649076
-11.02245525114765
-11.226880495026807
-7.740518435489247
-11.58102903455647
-10.276012809464353
-9.387761027800089
-11.420024242400542
-9.798155220888795
-6.8165
-11.448911613822588
-10.662400727755221
-11.715463772014388
-10.442272538238466
-7.835085462865111
-10.774282579266117
-11.479281022732302
-11.830418435489246
-11.838937628038583
-9.987614873262148
-9.815719974542471
-10.04279245450835
-10.070991768133984
-9.30303478652939
-9.953494193088705
-9.406774931667401
-9.263714128974593
-10.555106798880841
-12.372930049311837
-8.614363821085862
-11.491878810059008
-11.8332445681448
-12.312667196236418
-11.2423402158113
-6.809203432328341
-6.855343441193043
-8.804765016727627
-10.31308215615189
-9.163075215821008
-10.992950814878524
-9.419570422017534
-9.197724297338919
-7.252669529313859
-6.9236904230559935
-8.499264059297035
-9.635850595791082
-9.264823227645177
-8.9982248155049
-7.27626224806851
-8.374298607615252
-9.387761027800089
-9.49819161952336
-9.196404177132758
-7.967616487295297
-8.334547194372355
-6.886495322761738
-6.963911133553536
-9.604823692458243
-8.560067584159933
-6.854206538133107
-5.9182630849510645
-6.905798261419644
-8.255486773057676
-9.435152207263272
-8.3994970345979
-8.491194787314585
-7.976369583716921
-6.5236033819565735
-7.403572549021807
-7.036197034597899
-11.681621780322052
-6.19890820718412
-9.228928985484998
-7.661458014174567
-12.161752207263273
-8.123369352323792
-11.99513530041393
-7.544941080033537
-9.11808596122269
-12.908434792396292
-7.90226378267253
-9.440106827533562
-7.60278890006195
-7.114816323146231
-8.256833926465209
-7.224294783469767
-8.858364573516658
-11.74400296720342
-13.069548431628029
-9.440156583713867
-6.973558480328355
-11.171560680072654
-10.112563112249196
-8.358076396490759
-8.854429034556471
-9.918994706973244
-11.52797203513727
-6.629460949581451
-9.619459966611927
-8.329189025068713
-12.293869627997156
-9.387761027800089
-10.236526602795735
-12.472479493191285
-10.467118435489247
-6.2041258567469475
-6.202444484938845
-6.391283824235809
-10.149639738253178
-7.3837035440895304
-7.854430437399439
-10.715273957993752
-9.21234166504582
-7.459955322056762
-8.370609663175854
-9.543099999999999
-9.543099999999999
-10.591532837647975
-12.070483648959858
-7.207327428951184
-10.340666834711383
-9.632398261419644
-10.44606963386406
-9.909464586305381
-8.944157738501202
-9.27043745689118
-10.134979668802393
-9.30303478652939
-7.831786993792662
-11.268801042224553
-6.008882653090652
-6.969557967357228
-8.525213596588399
-12.04970700255306
-10.558386993792661
-9.543099999999999
-9.543099999999999
-9.543099999999999
-9.543099999999999
-8.714488940275901
-10.50225544875842
-10.296789455871153
-7.1672364045813985
-9.159394209688749
-9.435152207263272
-9.543099999999999
-9.30303478652939
-10.276012809464353
-11.802875159235086
-11.703966834711384
-6.318868584618218
-7.18001332772105
-12.432186829643596
-10.41842742308428
-10.844611183020149
-7.104326554663374
-7.509926602795735
-12.812211613822589
-7.293235753714231
-6.642489430940576
-6.618553739544536
-12.2697
-11.639312809464354
-7.582366756492745
-8.019020802690456
-6.7955600454506175
-6.341788747034485
-8.47440425037748
-6.278624665870274
-8.590194193088706
-7.9015232276451774
-9.737598607615253
-9.88745348230844
-10.388058014174566
-9.543099999999999
-8.578469578925683
-8.462832409707032
-11.056913562999767
-12.46419860761525
-8.914757970969998
-6.502956916434439
-6.4542735559893
-5.94627902633002
-8.34384697196182
-8.64733575579991
-6.268097057299534
-8.435766804852056
-8.024461027800088
-8.16616873132548
-9.272270793355034
-8.797998386880264
-6.890909810229243
-10.631835300413927
-6.765476455357548
-7.617263537941853
-8.934094230000973
-10.4736388242737
-7.60952984954379
-7.935800727755222
-9.543099999999999
-9.543099999999999
-9.543099999999999
-9.543099999999999
-9.543099999999999
-9.543099999999999
-9.543099999999999
-11.681621780322052
-7.617034628730736
-8.740116858272119
-7.990391359247735
-7.693387565402506
-7.797908455471064
-6.733236011295504
-11.479281022732302
-7.951293643270558
-8.991851688169872
-7.93973478652939
-8.3994970345979
-8.226599401635628
-13.09048838617741
-9.697847194372354
-6.829428931856316
-10.707183648959857
-10.056724242400541
-11.053507428152066
-7.657913734804141
-8.413757026037809
-9.090630649231448
-10.105796933295947
-9.172498337808792
-5.63424319459306
-9.639323178573704
-10.164672035137269
-7.769405806911294
-9.711065408945585
-6.992380950200208
-9.326916670870364
-6.572500727755221
-9.886395262782447
-7.027677842048563
-12.78332424240054
-6.770385431433452
-9.754277842048563
-8.227882335327587
-10.9064
-6.317720041741696
-6.080363850510081
-9.568380808180384
-9.841612341577811
-11.165110008217301
-7.293235753714231
-7.680000981822
-12.572146400351977
-9.369818028389258
-6.898273249278053
-11.751358014174567
-10.318321780322053
-7.613839157851367
-9.39694064837906
-10.62040281585702
-8.570077770548243
-9.179409100492629
-9.700158480328355
-9.235935856223131
-10.936769408909713
-9.343883648959858
-9.761344607087054
-11.132134254670966
-7.980583648959858
-11.016720836663698
-12.40926498644374
-10.375366748911633
-7.257138968029497
-7.812373003147715
-7.93973478652939
-9.816659028929932
-7.941315758542674
-9.019844511558878
-8.624314873262149
-7.65410296720342
-7.135964059297035
-8.41514747004572
-9.729431944797781
-10.849969352323791
-10.00286224806851
-11.10668304395295
-11.239215809261692
-10.164672035137269
-7.0900590289299315
-7.071555220888794
-7.93973478652939
-10.387072046141254
-9.585430899918135
-6.463247369622499
-8.498249365531665
-8.194790007418185
-7.294827350552186
-8.586652365973254
-6.960201434096635
-9.543099999999999
-9.543099999999999
-9.543099999999999
-9.543099999999999
-9.543099999999999
-9.543099999999999
-11.921686993792662
-8.1798
-10.085611613822588
-9.690207428152068
-9.5204480240153
-9.604823692458243
-8.304562373762737
-9.361046406218883
-10.340666834711383
-9.953494193088705
-11.681621780322052
-12.312667196236418
-9.713428979618095
-11.603658808194943
-9.232422055600178
-9.129752814918648
-10.990898564410681
-13.067266834711383
-8.298453969294094
-7.431343852880244
-7.980583648959858
-6.3828842554452665
-6.530868180674031
-6.840669627997156
-8.815893773889663
-9.243454803410822
-5.896824923155038
-9.543099999999999
-9.543099999999999
-9.543099999999999
-9.543099999999999
-9.543099999999999
-11.991423227645177
-12.240812628577952
-8.017345947540772
-10.088398388169445
-7.8117367068294294
-7.967202883598994
-8.150912628577952
-9.435152207263272
-8.203969627997155
-11.271227587233346
-10.114424980661429
-11.58102903455647
-7.363468902129845
-9.05253628692603
-11.109179493191284
-7.4213928007039565
-5.45613804232129
-7.490389404644947
-5.831052901845992
-7.7612955014496805
-10.75106102780009
-10.029180966146379
-9.261134283205779
-10.115981022732303
-11.889675215821008
-8.80137203513727
-8.358076396490759
-8.024461027800088
-11.928302410852284
-12.300069408909714
-7.697043964910348
-9.348127922813593
-9.455224423286943
-12.704263821085862
-7.161913596588398
-7.841738045968949
-7.37097310483101
-7.101828755186173
-10.181834792396293
-12.530245897028367
-7.642044023529619
-8.395222115902298
-8.265255396125392
-7.426015819919834
-11.271227587233346
-10.75106102780009
-11.599826602795735
-14.254572035137269
-12.037582203402055
-8.818534792396292
-9.86229330808164
-8.892640593440683
-7.472909945764476
-8.708717955220195
-9.343883648959858
-11.488704144720085
-11.886567210431172
-8.63956224806851
-11.859305806911294
-11.002623178573705
-10.439575159235085
-8.927179552449735
-7.568078674073404
-13.114658014174566
-10.94303479718753
-8.22070172851088
-7.570189455871152
-9.235935856223131
-10.690504414526547
-11.166945897028368
-9.639323178573704
-10.486607614865921
-5.978354350025816
-7.499514167631177
-6.634446406218882
-12.287734094674828
-10.592228985484999
-12.416807428152067
-11.15241575267577
-12.623663545412496
-11.889675215821008
-10.749993141058019
-10.295132669471212
-9.264823227645177
-12.332081186881368
-11.463901621240772
-9.228928985484998
-9.30303478652939
-11.260363545412497
-8.947179630347554
-9.543099999999999
-10.02029392219948
-9.543099999999999
-9.543099999999999
-9.543099999999999
-7.332950375056094
-9.543099999999999
-9.543099999999999
-9.543099999999999
-10.694216487295297
-9.54905053920516
-9.2527359343485
-9.543099999999999
-8.981938854860328
-12.524755220888794
-8.311917420733883
-7.775356346116455
-7.226894193088706
-9.30303478652939
-10.75106102780009
-10.557072734280364
-10.497487844398961
-10.770050050453623
-11.997000100907245
-11.179019974542472
-10.595371819761997
-12.592218616375648
-7.869122055600178
-9.343883648959858
-12.161752207263273
-12.27565053920516
-12.070483648959858
-12.572146400351977
-9.690207428152068
-6.579204264128473
-9.246604138853181
-7.27626224806851
-11.460873104831009
-9.48666935232379
-12.2697
-9.796336252738673
-9.543099999999999
-9.543099999999999
-9.543099999999999
-9.543099999999999
-9.543099999999999
-9.543099999999999
-11.023897575045279
-7.5729447705531525
-10.798452207263272
-12.161752207263273
-9.00058838617741
-9.172498337808792
-11.1260970345979
-11.512939738253177
-12.257975385836977
-11.1260970345979
-11.18943240970703
-7.74760922284111
-8.1798
-6.919730049311836
-10.398009066350854
-8.809891227686604
-9.892773137745731
-11.09761841270343
-11.085477037136334
-8.247965623219068
-10.83456234897369
-9.52559901155944
-9.264823227645177
-11.96253585622313
-6.449073003147715
-13.190905728692655
-9.99392029672422
-7.615206534133903
-8.69342424240054
-11.161455220888794
-7.472909945764476
-6.11032804611591
-11.553906414566669
-7.49876399500351
-8.594961767530345
-11.921686993792662
-10.849969352323791
-7.93973478652939
-11.681621780322052
-11.830418435489246
-7.515684252711952
-10.340666834711383
-9.780212221477962
-9.834790018076326
-10.349846455290354
-9.30303478652939
-7.509926602795735
-12.45603194479778
-11.325141794949353
-9.729431944797781
-11.353428990276235
-12.543931076513875
-9.875915809261691
-10.051112127707126
-7.676448021592752
-7.686656441157215
-10.524508455471064
-9.859805019813292
-12.13333492214395
-8.043468046659482
-10.906360037724859
-11.451738453684488
-11.588081381567612
-10.66633478652939
-11.434291768133985
-7.617263537941853
-9.39694064837906
-13.354723227645177
-9.875915809261691
-9.310982203402054
-10.029180966146379
-9.907927587233347
-8.35329515650651
-9.310982203402054
-10.496005806911294
-9.455224423286943
-7.583014657706965
-8.502318616375648
-8.029836793960227
-10.29295181819968
-8.35851661485833
-9.27043745689118
-12.515715752675769
-6.248607431285657
-10.217729034556472
-11.856352814918646
-7.993841179158931
-9.67079343750712
-6.85490105277835
-11.316794193088706
-10.296789455871153
-9.470738157999053
-8.419276393061367
-7.7997752158210085
-7.31344500796723
-8.493201818616743
-9.771440599307587
-12.213269352323792
-7.549412809464353
-7.93973478652939
-10.309614657706964
-9.922355588280736
-8.449611714729834
-9.54905053920516
-9.307392658554457
-8.866013047919223
-7.485604201306007
-11.379175379970073
-7.225593061741181
-9.886395262782447
-10.12857881005901
-12.769392454508349
-10.558386993792661
-9.737598607615253
-10.628123227645178
-8.1798
-12.029634786529389
-8.784692800703956
-9.264823227645177
-10.340666834711383
-9.713428979618095
-10.147992800703957
-10.798452207263272
-7.537288010313349
-5.615686829643597
-10.413256441157214
-11.889675215821008
-11.921686993792662
-11.802875159235086
-10.100601621240774
-10.988853402905038
-11.776556441157215
-8.854429034556471
-12.08330885079567
-10.514039901586123
-8.65653575371423
-11.660089455871152
-8.355338395644678
-8.366862348975754
-8.955855656126204
-9.29910072775522
-8.169819344880423
-7.09953240970703
-10.056724242400541
-12.30570526638162
-7.2295050653647985
-8.057232361574668
-8.123369352323792
-7.54554635830284
-12.358998261419643
-10.106705527540996
-6.058092800703957
-12.142338216618324
-11.703966834711384
-8.938628905892443
-7.481135644459332
-7.529099865760677
-7.865628985484999
-9.343883648959858
-9.745879493191284
-10.388058014174566
-10.936769408909713
-7.0101768536080025
-9.632398261419644
-7.462594192866292
-9.312183570741219
-6.170497881747941
-10.100601621240774
-8.219592530897495
-8.129863826952766
-7.679492108849396
-10.390282463881364
-7.819417770238609
-8.923010002350397
-8.482246400351977
-8.529473137745732
-7.256018441356151
-12.704263821085862
-8.1798
-9.132705806911295
-8.42581575267577
-7.637288386177411
-7.989102841509194
-9.185300429370505
-9.523304149511322
-11.269038772662217
-7.142089013924791
-10.363888386177411
-9.598938869848652
-9.263344890629494
-8.173908671122124
-11.218797452528264
-9.410982579266117
-8.48007943392075
-9.83575983592982
-9.025325690160491
-8.585828979395682
-7.589970081804132
-8.69342424240054
-9.217870296720342
-10.888899011559438
-8.706840372129085
-7.933452778873115
-8.1571480240153
-9.00058838617741
-9.319037751709077
-10.836945756714016
-7.540095002140735
-6.725823811598103
-7.659241890562258
-12.213269352323792
-10.131770589579466
-7.757176403985001
-10.711427922813591
-8.892640593440683
-10.056724242400541
-9.675217420733883
-8.873226602795736
-11.316794193088706
-12.252199011559437
-10.520792499755528
-9.48666935232379
-9.745879493191284
-9.865618616375647
-9.30303478652939
-11.545134792396293
-10.995698261419642
-5.7963895447807054
-12.27565053920516
-11.955528985484998
-11.351204209525983
-10.439575159235085
-11.420024242400542
-9.30303478652939
-8.784692800703956
-8.933489455871152
-8.861445817325126
-8.7251157920004
-10.0884306642996
-9.543099999999999
-11.031162373762735
-9.780212221477962
-8.867524404622927
-10.290479552449733
-9.195086993792662
-9.00058838617741
-10.628123227645178
-9.72137639649076
-9.644219267514089
-10.628123227645178
-11.699429849543792
-11.668608648420488
-12.587136407770162
-12.213269352323792
-7.813647650932119
-9.387761027800089
-8.684220332118088
-10.469944568144799
-12.75578096614638
-6.352642953254438
-6.576040202264749
-6.472944282099919
-7.307580819135068
-7.468441444046983
-9.722978761926647
-9.849506774096135
-8.956338963662148
-7.650459425445473
-7.386583084732208
-7.4048506362254605
-11.273424523584012
-10.558386993792661
-10.388058014174566
-10.558386993792661
-9.103818435489247
-10.388058014174566
-10.924434094674828
-11.64341022143784
-9.543099999999999
-9.543099999999999
-9.543099999999999
-9.543099999999999
-9.543099999999999
-9.543099999999999
-9.543099999999999
-9.543099999999999
-9.543099999999999
-9.543099999999999
-9.543099999999999
-10.982086773057674
-9.814782407177624
-7.09953240970703
-9.694014988973146
-10.33968750591886
-9.798155220888795
-6.628167270260104
-6.480515617140537
-6.745449506635187
-7.602565518181473
-9.396616946596463
-7.763514478033418
-9.243026643574993
-10.115981022732303
-9.48666935232379
-12.161752207263273
-11.495070589579464
-9.272270793355034
-9.97766382108586
-10.276012809464353
-7.912730003870491
-10.94303479718753
-10.572029081067642
-7.8894359343485
-10.056724242400541
-10.66633478652939
-11.802875159235086
-10.94936719623642
-12.447976396490759
-9.941769578925683
-9.72137639649076
-8.229168054979803
-7.963493394956289
-10.788665642841115
-11.337274876646463
-10.199509945764476
-10.94936719623642
-9.567269627997156
-9.20839257996897
-10.57236577352322
-10.743818446147388
-7.917652934485881
-7.580857738501202
-9.543099999999999
-11.02245525114765
-11.42143562249005
-9.842986290701006
-9.211766228225974
-10.255940593440684
-9.470738157999053
-8.661857800040089
-12.944329034556471
-6.8165
-10.144712605792135
-10.855376455357547
-11.613349264562807
-8.1798
-8.877058808194944
-13.044921780322051
-9.543099999999999
-9.543099999999999
-9.543099999999999
-9.543099999999999
-9.543099999999999
-12.029634786529389
-11.016720836663698
-7.1390186163756475
-8.597342050532392
-9.543099999999999
-9.076275159235085
-9.543099999999999
-9.543099999999999
-9.543099999999999
-9.883950994316356
-6.536929481018262
-11.28341288231443
-7.027677842048563
-11.52291874414478
-9.543099999999999
-9.543099999999999
-9.543099999999999
-9.543099999999999
-9.543099999999999
-11.921686993792662
-8.185750539205161
-7.84509257996897
-12.769392454508349
-10.101057237782824
-8.02537261176335
-11.379175379970073
-7.574433729724887
-8.1798
-9.497533394144641
-11.305069578925682
-11.063458480328354
-10.9064
-11.299544450030975
-11.631202084449106
-9.306995160273546
-9.195086993792662
-9.264823227645177
-10.318321780322053
-12.78332424240054
-10.707183648959857
-8.997776801796418
-9.543099999999999
-9.543099999999999
-6.801302803054356
-7.103364615106239
-7.334368516254276
-12.372930049311837
-10.755633047949035
-8.836209945764477
-9.264823227645177
-9.543099999999999
-11.875231530109986
-10.498676151204632
-10.296789455871153
-8.588786731975965
-7.438072035137269
-6.530868180674031
-11.354690063526526
-9.865618616375647
-10.91836149100842
-9.48666935232379
-7.25626726408189
-8.1605770316723
-7.495586322863728
-8.2534717728127
-11.545134792396293
-9.543099999999999
-9.543099999999999
-8.68045708073598
-9.52559901155944
-9.543099999999999
-9.543099999999999
-9.543099999999999
-6.831490007418184
-9.30303478652939
-9.71659515650651
-10.340666834711383
-10.658492636554891
-8.8452494139775
-9.855497452528263
-13.067266834711383
-10.100601621240774
-10.388058014174566
-6.14848308286584
-8.306759310113401
-6.917619267514088
-9.543099999999999
-9.543099999999999
-9.543099999999999
-9.543099999999999
-9.543099999999999
-11.924985462865113
-13.002612809464352
-9.543099999999999
-8.672647595993743
-11.545134792396293
-9.543099999999999
-9.543099999999999
-8.216434797187532
-11.599826602795735
-6.4851662282259745
-10.755633047949035
-9.649156181967388
-10.276012809464353
-11.140867062943453
-9.57973479718753
-8.123369352323792
-8.453359028929931
-14.146624242400542
-7.115993408359332
-8.701943434949879
-8.09602183526043
-12.78332424240054
-9.095420086631968
-11.991423227645177
-11.495070589579464
-11.78956957305878
-9.850998770687042
-9.543099999999999
-10.745620802690457
-8.229168054979803
-12.424447194372355
-7.771778850838265
-8.569254238539324
-6.429659012502766
-8.487201020622267
-12.006413235063361
-7.697043964910348
-7.320337677978385
-8.737301621240773
-6.8165
-9.842593408359331
-10.17663352614569
-9.264823227645177
-10.66475802483271
-11.991423227645177
-9.907927587233347
-9.722978761926647
-11.353428990276235
-9.134098817458387
-8.861445817325126
-12.858370589579465
-9.872807803871858
-10.087093651310255
-8.237463443456479
-10.04004500796723
-9.253824638916084
-9.29519263655489
-10.493052814918647
-7.561791107013873
-10.279288467430591
-12.332081186881368
-8.7251157920004
-6.103452217031856
-6.276361430104383
-6.567036594484017
-9.656998331941887
-10.467118435489247
-7.027677842048563
-9.310182643973075
-9.803094532406329
-9.48666935232379
-6.695378207634275
-7.228435589307905
-11.053507428152066
-10.255940593440684
-8.560067584159933
-11.703966834711384
-5.863475790195165
-6.761146829722485
-12.623663545412496
-12.524755220888794
-13.044921780322051
-12.533934841467765
-10.912350539205159
-10.388058014174566
-8.568112341045197
-10.217729034556472
-10.100601621240774
-10.707183648959857
-7.4707608556837615
-10.131770589579466
-11.599826602795735
-6.98840995163138
-11.998870793355035
-7.027677842048563
-14.503156441157214
-8.69342424240054
-10.526686915574023
-7.374001621240773
-9.753010470175742
-9.470738157999053
-11.649610002350398
-9.049956441157216
-11.908673861891097
-11.09030375137175
-8.640850765807052
-8.578469578925683
-6.846246501259223
-9.543099999999999
-11.969626643574992
-10.66633478652939
-10.78721151112243
-8.63443603710953
-9.218571747604514
-7.7997752158210085
-9.435152207263272
-10.558386993792661
-11.366162248068509
-10.75106102780009
-10.467118435489247
-10.115981022732303
-8.829076441795793
-9.762797034597899
-7.63374655906196
-8.512615809261693
-9.17363925733636
-12.842581022732302
-11.059611334452292
-11.853414478033416
-7.589751483438281
-11.892799622370616
-11.710838172962447
-8.498249365531665
-9.842593408359331
-8.356837539187326
-11.543395955119527
-10.793538704647583
-13.66649381545932
-12.644478639409632
-12.976649264562806
-9.246604138853181
-8.614363821085862
-6.563743521266455
-5.761397621707359
-8.869419041974657
-11.566409188867867
-12.680094193088705
-10.318321780322053
-11.353428990276235
-11.239215809261692
-11.316794193088706
-11.251813596588397
-10.64692079588444
-6.8716236086185125
-7.55371583827171
-7.8311294993695375
-5.550468937457017
-11.874295814329479
-11.239215809261692
-12.213269352323792
-12.394462373762735
-9.361046406218883
-11.679432965750923
-5.551656368084725
-12.192121616172987
-12.33869660394099
-13.115687708546922
-10.9064
-9.965334865064532
-12.161752207263273
-8.752681022732302
-11.859305806911294
-9.737598607615253
-9.508600513884538
-12.114361027800088
-10.301033729724887
-8.858141107325222
-5.762694388744711
-11.038517420733882
-7.203672641622678
-10.682337751709076
-9.907927587233347
-12.480877842048564
-9.951130622416194
-13.114658014174566
-10.558386993792661
-9.39694064837906
-11.305069578925682
-11.161455220888794
-10.912350539205159
-11.450393651310256
-10.00286224806851
-9.00058838617741
-11.249695262782446
-11.955528985484998
-8.382579493191285
-12.592218616375648
-7.707616989931444
-9.435152207263272
-8.11270106969374
-8.829076441795793
-9.585430899918135
-10.056724242400541
-11.688237197381673
-12.137582579266116
-8.904602084449104
-10.63371686980117
-10.361065016656044
-10.088444360304338
-10.565549459182815
-9.338590957860973
-7.07429419416436
-11.792206876605034
-9.132705806911295
-11.39248096614638
-12.114361027800088
-10.657418277213559
-8.555694706973243
-8.374298607615252
-9.48666935232379
-9.918994706973244
-8.602155684097127
-9.163075215821008
-8.626828990276236
-8.53268802528536
-8.269098261419645
-8.173908671122124
-11.305069578925682
-6.500937507365853
-9.401584387220742
-8.456185161585484
-9.039748021592752
-6.446215039430238
-9.264823227645177
-9.941769578925683
-10.070991768133984
-7.190164671692161
-7.661458014174567
-10.210373987585326
-9.228928985484998
-9.44510325943956
-8.568888591674419
-7.472909945764476
-7.541302084449105
-7.570189455871152
-8.933489455871152
-8.955021780322053
-9.049956441157216
-10.66633478652939
-11.463901621240772
-7.455234792396293
-8.207061403519878
-8.571544661771622
-8.75894641101012
-7.895998394394713
-7.784092264634453
-8.060127593100251
-11.239215809261692
-9.646330049311835
-9.970308774114715
-9.953494193088705
-11.78956957305878
-9.010138168485962
-9.543099999999999
-11.293572641622678
-11.955528985484998
-9.88218119753951
-7.869122055600178
-10.139826137886487
-10.461506320795833
-11.690458864780865
-10.526375215821009
-9.653420836663699
-11.379175379970073
-12.982540593440683
-7.980583648959858
-9.163075215821008
-8.276023178573704
-7.838974803573972
-9.268535300413928
-9.163075215821008
-9.352402841509193
-10.00286224806851
-7.574433729724887
-10.100601621240774
-7.4213928007039565
-14.326426602795735
-11.463901621240772
-9.48666935232379
-11.30044397987374
-8.69342424240054
-8.482246400351977
-8.281622025658528
-8.765326955470687
-10.428906876605035
-7.027677842048563
-10.263288239537246
-7.929560104317405
-7.170463545412497
-7.591721780322053
-12.842581022732302
-13.09048838617741
-10.849969352323791
-10.276012809464353
-10.877512628577954
-7.324512127707127
-7.865628985484999
-7.248601972768976
-10.313952213130175
-5.477351125984149
-5.925475617632203
-5.950049077876397
-6.373172358236423
-6.02127054320147
-6.700710057288775
-6.442173996260951
-8.122293832196656
-7.76146628440682
-6.8165
-10.924434094674828
-10.628123227645178
-9.401584387220742
-8.69342424240054
-9.48666935232379
-8.311917420733883
-10.628123227645178
-7.203672641622678
-10.413256441157214
-7.729623637393636
-9.070916989931444
-12.293869627997156
-8.712039941903257
-12.2697
-12.087646406218882
-10.199509945764476
-10.8398299430359
-12.401817420733883
-12.46419860761525
-12.572146400351977
-11.889675215821008
-8.495215676569126
-8.408140599307588
-8.63956224806851
-11.39248096614638
-11.016720836663698
-11.428543434949876
-10.100601621240774
-10.9064
-9.228928985484998
-9.022296165857682
-9.790912639236094
-11.158728859967692
-10.844611183020149
-9.153799720629701
-11.838937628038583
-10.132731488357614
-6.560137429213857
-6.937339279037899
-7.303658443545073
-11.895940604098824
-9.435152207263272
-9.237700607655373
-9.070916989931444
-6.693932361574668
-10.349846455290354
-9.48666935232379
-9.886395262782447
-7.040848881316626
-8.283030049311837
-7.3166056733227345
-10.408130230198237
-10.213305051329709
-9.148029898841099
-7.140756552932509
-7.344849719224473
-9.661103219640186
-12.147132361574668
-12.161752207263273
-9.522160045450617
-10.3486923141264
-9.182073861891098
-12.2697
-11.495070589579464
-10.131770589579466
-9.875915809261691
-6.733750634245921
-9.930272641622677
-8.738745611389342
-9.100921553586407
-8.69342424240054
-8.017668521172618
-8.693565229106095
-8.587359038426964
-11.002623178573705
-9.450142214681458
-10.496005806911294
-6.811195173069219
-8.138900616105484
-7.0483336694227665
-12.213269352323792
-8.635713434945224
-10.38119047127969
-10.865788014414932
-11.147057583372128
-10.15627368627999
-9.147695814329479
-11.859305806911294
-8.655212683516329
-10.22517660026633
-10.301033729724887
-8.242181186881368
-11.1338705423293
-7.31619245450835
-7.523644700665318
-11.434291768133985
-7.198006821666659
-8.416912221477963
-8.342286829643596
-8.168075385836977
-7.524476024555108
-10.131770589579466
-8.997776801796418
-10.296789455871153
-10.10166527241103
-10.149639738253178
-11.130403043884375
-6.8854966039409895
-5.456773928721843
-10.056724242400541
-9.91676467169216
-10.056724242400541
-12.40926498644374
-8.614363821085862
-10.912350539205159
-11.004716546696146
-10.804901334849205
-6.576434786529389
-9.641556368084725
-11.631202084449106
-11.62919164561697
-10.439575159235085
-7.858704068330939
-12.074727922813592
-10.087390504496307
-8.453359028929931
-10.555106798880841
-9.262975882411142
-8.714518156118949
-9.44812148348042
-11.991423227645177
-9.918994706973244
-8.731260000785195
-11.075152217921413
-11.029702265335505
-7.634688976558472
-9.543099999999999
-10.813442214681459
-12.38719757504528
-10.023822796842738
-11.134740599307587
-8.3994970345979
-10.849969352323791
-7.549412809464353
-6.661161027800089
-10.388058014174566
-12.543259028929931
-8.1798
-12.668369578925683
-9.576343255291732
-10.022490797029695
-9.88008535936103
-8.9343358801285
-9.101005728692655
-7.661458014174567
-11.479281022732302
-11.420024242400542
-8.933489455871152
-12.881208217763579
-12.377884669582125
-8.784692800703956
-11.921686993792662
-11.588101988632712
-9.815719974542471
-11.08467639649076
-13.377353001283648
-10.94366499806361
-13.023389455871152
-8.442187496233732
-10.526375215821009
-10.314387721547885
-9.54905053920516
-9.941769578925683
-10.558386993792661
-11.09273194479778
-10.551844676759947
-9.369818028389258
-11.877339901586122
-10.844611183020149
-8.45245830788364
-9.543099999999999
-9.543099999999999
-9.543099999999999
-9.705586829643597
-9.953494193088705
-14.557018435489248
-10.9064
-11.315374918736264
-6.251450391070371
