-9.30303478652939
-9.865618616375647
-10.352163772014388
-10.290808710366942
-10.686759217744623
-9.531176273858765
-10.979195616776753
-10.340666834711383
-10.655040458537453
-10.663063628013031
-9.06296957305878
-9.189654972882238
-10.954250495487546
-11.18194221933106
-11.023084195939092
-9.437257756960213
-8.809891227686604
-10.521508840228766
-10.06638911624906
-10.105026734331583
-11.038517420733882
-11.101413007107997
-11.62919164561697
-10.252019518453434
-9.855497452528265
-10.100601621240774
-9.072057463700574
-10.426854915480998
-10.103667996612275
-9.410982579266117
-9.116505220888794
-9.095707329927002
-9.246604138853183
-9.897063545412497
-6.8165
-11.288578869250601
-10.4498433619931
-10.560220045058536
-10.950619157019725
-8.80137203513727
-8.034566486983948
-8.85779001995771
-9.24699040755301
-9.828471258793611
-8.980006374527886
-9.339390538256938
-8.675477121320451
-8.871231013783564
-9.567784027489902
-8.104141268879289
-9.508231883073742
-11.003649303807626
-10.20196669707232
-11.776137026446792
-11.151127307201694
-11.687362286606293
-10.768652549037313
-10.002560589135765
-10.26802540743926
-10.265891645616971
-10.400523183364943
-9.297143457651513
-9.09403187106709
-10.64692079588444
-11.072937773829501
-9.649864827973206
-11.166027241037739
-10.834038157999053
-11.69268890006195
-11.096801195641765
-8.831892103186897
-12.365923178573704
-13.633
-11.955528985484998
-10.440187438323232
-9.320820143910508
-9.255805368470602
-9.352995860353486
-7.3972231727068
-8.242181186881368
-11.1260970345979
-9.724815226491609
-9.656183924733373
-9.323107002553058
-9.03952794224562
-8.43607691958552
-10.202387679967773
-11.366162248068509
-10.388058014174566
-9.147695814329479
-9.66416173939047
-8.911816625728612
-10.132636828189021
-11.998444193088705
-11.123681910542931
-10.005109217744623
-8.268538418530891
-10.212002805084154
-9.050865813309109
-8.482246400351977
-11.456359179532447
-9.845546400351978
-9.50674400936375
-10.871900513884539
-10.120257868676855
-9.692593067943601
-7.5549198040547685
-7.506785802167414
-9.790879341448875
-8.789172212026534
-9.171602331632224
-9.47390013828405
-9.574290593440683
-8.92197218671714
-10.188976809514413
-9.48528568421034
-7.614066834711383
-6.576434786529389
-10.628123227645178
-11.394167790274883
-12.170091824479929
-10.713561523923143
-10.13026074453241
-10.013690596374136
-10.205690479927249
-10.177513010041448
-10.862717525875414
-7.139122476287826
-9.92259978459878
-10.934319434924326
-11.149440483073189
-12.13056161382259
-9.878799976591331
-10.707183648959857
-8.626828990276236
-9.066647096544353
-9.48666935232379
-8.533763545412496
-7.649249877185833
-11.599826602795735
-9.398313595852615
-11.038517420733882
-10.566726611009319
-11.402749168904396
-11.294559614754812
-10.658102115768969
-9.908365104871995
-10.970982214370618
-12.104033114112987
-12.029634786529389
-12.064502903455647
-10.882249318966503
-10.552954972882237
-11.6841707614014
-10.314890015897191
-10.294345187405064
-10.592228985484999
-10.114957735043573
-10.933661403519878
-6.298158014174567
-10.47618448362489
-11.202339834401196
-9.095054906889183
-8.65653575371423
-8.769271230225039
-9.83833677797741
-9.608779655953818
-11.148838257397582
-10.33716063785602
-7.226894193088706
-9.900124828693343
-10.169896578531933
-10.132806040444894
-9.726313294548289
-11.104674440902595
-11.675691799944193
-9.89623775239088
-9.636918580531086
-7.865628985484999
-10.034309443327356
-9.385666418823988
-10.968781186881369
-9.754277842048563
-6.912723178573704
-9.059138141521071
-11.639312809464354
-9.844380335124905
-7.93973478652939
-9.385488189434428
-9.471178982551546
-9.722107118122171
-8.862814167631177
-9.122434134991963
-11.41404349689633
-10.786367393264694
-11.739149877185833
-11.049724196959199
-6.620533662743262
-9.959444732293866
-9.793618235721201
-9.265459928480986
-10.296789455871153
-10.667653438302517
-7.649249877185833
-11.262820296720342
-12.186950634245921
-8.478897909475114
-7.226746211664183
-8.087686828189021
-10.31954255249978
-9.02942010790565
-9.71820387077237
-8.872764886819235
-9.362989428401963
-8.868489912407187
-8.9947260790959
-8.46858691863222
-11.111597096544353
-9.801325187528047
-9.48621318397693
-11.020298331941886
-11.427115029752404
-10.307359891257347
-11.603234704454856
-9.470738157999053
-8.564132954322211
-9.79255595455892
-7.446591227686604
-9.666107876337884
-8.760523172706801
-9.540161614867207
-9.89064405012282
-8.970014190626863
-7.438072035137269
-9.440501451727823
-10.461137689985037
-11.427115029752404
-9.345397907164738
-9.146101951711572
-9.294841302204036
-9.362184979989582
-8.89887317803587
-11.316794193088706
-11.448911613822588
-10.756809496451591
-6.166040593440684
-7.32311737166241
-9.897063545412497
-11.585691128287554
-10.656627791206915
-10.6673232242877
-10.752817928111565
-11.326116590462052
-10.554303662383926
-8.242181186881368
-9.473363766147484
-10.237993472360596
-10.19505818016557
-8.924148235672932
-12.186950634245921
-7.916823594079856
-8.924105422040942
-11.776556441157215
-9.845546400351978
-11.239215809261692
-7.529340593440684
-9.644052678203382
-9.425047580136773
-9.620473597186177
-8.805019352323791
-7.645428998214501
-9.132705806911293
-11.463901621240772
-12.680094193088705
-7.649249877185833
-6.3632866475970555
-8.988863772014389
-9.86597083156721
-11.482216949277666
-11.974839705630057
-10.26048993271084
-10.671764719718965
-10.645559266543124
-11.114204193791558
-10.057435820269031
-9.435152207263272
-9.48666935232379
-8.80137203513727
-9.0749310640672
-7.289275379970073
-9.558695296720341
-7.740518435489247
-12.213269352323792
-11.727188386177412
-7.947682203402054
-8.735785426642215
-7.9015232276451774
-9.44563099998826
-11.51945625794303
-9.653420836663699
-9.973074010796376
-9.46401067024981
-8.68641737166241
-9.293248222107232
-9.051053533997283
-10.119889113932633
-10.566726611009319
-10.05697608149152
-9.264823227645177
-9.865970831567212
-10.674336269119234
-9.500280840685761
-11.200735294789734
-11.704405083249732
-10.158691289633058
-11.559834676161895
-11.265297606855487
-10.623533417355691
-9.845546400351978
-11.368409217744624
-7.625563772014388
-9.93318820029617
-11.955528985484998
-9.369818028389258
-7.2698613893251265
-10.246154029018527
-10.968781186881367
-9.042450853900798
-11.374965910577561
-8.533763545412496
-10.96514878752264
-11.41404349689633
-11.262820296720342
-10.315895235313258
-11.376990596374135
-11.796821025266194
-11.316794193088706
-10.748445074104117
-9.680938681367941
-9.460350634245922
-10.558386993792661
-10.085611613822588
-10.232245003709092
-11.248376611009318
-11.027173625479138
-9.751272366146932
-8.012026081491518
-9.048132129701429
-9.544306825334653
-10.438768336034357
-10.739046289984483
-7.699669573058779
-9.702464116503643
-11.194226554663373
-9.331330380123882
-9.798155220888795
-10.222684961397126
-9.965455684097126
-9.022296165857682
-8.62056360199842
-11.083381772706248
-11.360584000020713
-8.1798
-8.714956566851443
-9.345397907164738
-6.596507002553058
-8.784692800703956
-8.184555637352208
-9.750063776805627
-8.06474086215487
-9.615230282122292
-8.038284387220743
-9.999661818696818
-10.682560043315984
-10.091545163338882
-7.899675882411143
-10.057117815986139
-10.13590798670538
-9.211766228225974
-9.023475912414892
-9.064288224831907
-10.352163772014388
-10.601000607655374
-9.15023691863222
-9.748297096544352
-9.224839479982863
-9.36460491308538
-7.529340593440684
-9.846907599442902
-9.357935650124062
-8.533763545412496
-8.51252470698875
-9.000109797763782
-11.562809945764474
-10.595722055600177
-10.248149700817812
-10.04971737166241
-7.539291645616971
-8.157016697072319
-10.363888386177411
-10.841950173295148
-9.200041614062952
-8.934382688574285
-9.605481186881368
-7.60278890006195
-9.076275159235085
-7.740518435489247
-7.959807002553058
-8.482246400351977
-9.089886647597055
-11.202339834401196
-10.629281886007194
-8.482246400351977
-11.559834676161895
-9.274147415107343
-6.733750634245921
-9.76038191054293
-9.246604138853183
-10.288046293741708
-8.305589860845554
-10.633691263151428
-10.238649737011094
-10.624445704159605
-11.195049532888042
-10.798452207263272
-11.161455220888794
-10.015875379970073
-6.4851662282259745
-7.289275379970073
-10.315895235313258
-7.1189464003519785
-10.139826137886487
-9.132705806911295
-8.434855220888794
-8.809891227686604
-8.768470589579465
-6.846869408909714
-10.012230351170633
-8.264363159393035
-10.011941321195907
-10.02049839918595
-7.625563772014388
-9.41145661753168
-9.551507290513005
-9.433870105503598
-9.569802009629733
-11.051978647303331
-10.531745739622131
-11.631839806932007
-9.990182600713469
-11.105734789462842
-10.473222503983614
-9.939050507377683
-8.976013444896404
-7.685314690091513
-9.410982579266117
-9.64868892102428
-9.574272502853617
-6.8165
-9.598420963754862
-9.776395508921683
-9.779487689985036
-11.691684344631106
-9.77556661499779
-7.845102137097461
-9.674034455970363
-9.953494193088705
-9.05159223271066
-9.573126728605551
-9.483984206373794
-10.816922737789891
-11.335899972530811
-11.1249799131455
-9.784647250958278
-8.279166012850704
-9.469304226782786
-8.923010002350397
-10.307457738501203
-11.619240593440683
-8.139069575992231
-11.294010890161026
-11.838585486782282
-9.324872284072399
-12.524755220888794
-12.891272035137268
-8.74494138746106
-8.5089034161624
-8.973019666528494
-10.281699165970943
-10.519085294789733
-10.601594727935577
-9.610828618588261
-9.573469408909714
-9.663873625479138
-8.722311613822589
-7.438072035137269
-11.039885120060397
-9.037066428542932
-11.609454029018526
-12.623663545412496
-7.821020831567212
-6.97357810642917
-7.304845047851856
-7.510389040015919
-8.289051789727734
-10.163466180787335
-10.030023176767319
-7.661458014174567
-10.540566742110514
-8.441014103239446
-11.859305806911294
-8.982052285327057
-8.776526137886488
-10.478058685831204
-10.713287717454225
-10.605854324210243
-8.789528982551547
-10.38346820388508
-10.268539806932008
-10.014823739076933
-10.390530141637402
-9.00058838617741
-8.722311613822589
-9.821850810620386
-8.585786615389516
-8.818855074623347
-11.499207986705379
-10.764957813607575
-7.980583648959858
-8.210169408909714
-10.298303714076033
-7.226894193088706
-10.891956314288976
-8.097050634245921
-11.448911613822588
-8.700515029752404
-9.147695814329479
-10.18176437678429
-8.826044081586511
-9.909556404732175
-10.678296277537811
-8.190253022250591
-8.590194193088706
-9.83575983592982
-8.540258020041472
-10.575066228225975
-11.379175379970073
-8.682252709704342
-9.466937298291045
-8.87802074775208
-10.082803374608673
-8.672647595993743
-8.276023178573704
-9.701704365455074
-9.953494193088705
-8.968888307958771
-6.502328985484999
-8.379861260584686
-9.754277842048563
-12.070483648959858
-11.859305806911294
-9.264823227645177
-8.891704624637352
-9.879214303927807
-9.744400367692533
-9.024758014174568
-8.533763545412496
-10.828730513900044
-6.948617420733883
-8.776526137886488
-10.238439605000123
-8.533763545412496
-9.602200991969546
-8.029754405149687
-11.117577842048563
-9.914705001175198
-9.757925159235086
-9.288591100818365
-10.493793815297913
-8.533763545412496
-10.692563803271254
-8.482246400351977
-8.210169408909714
-8.002115973410758
-10.655040458537453
-9.273476889716285
-9.212640403393543
-10.02806490658191
-10.541516763072845
-9.772981124034255
-8.002115973410758
-8.977366834711383
-10.457866531468678
-7.959807002553058
-8.276023178573704
-8.436612121200271
-11.763823183364941
-12.137582579266116
-12.332081186881368
-11.161455220888794
-11.619240593440683
-11.218797452528264
-10.297545616776755
-9.850501020622268
-8.311917420733883
-8.672647595993743
-7.796667210431173
-6.3632866475970555
-11.708823625479138
-9.713428979618095
-9.263658728540964
-9.675217420733883
-8.350128979618095
-9.406453219087467
-11.52797203513727
-10.070991768133984
-11.117577842048563
-11.344713628013032
-7.351656566851442
-7.170463545412497
-10.82365063424592
-6.617283648959858
-12.064502903455647
-11.043179514464965
-11.294010890161026
-11.341478220578608
-9.882037911738191
-6.8165
-7.500453222018637
-12.2697
-8.1798
-8.66588096614638
-9.845546400351978
-10.47994363732506
-9.543099999999999
-11.58102903455647
-10.22517660026633
-10.968781186881367
-11.117577842048563
-9.993362925033464
-8.719182814930802
-9.120917177863475
-8.79318940605038
-11.228918616375648
-9.639323178573704
-10.298303714076035
-11.759697631391223
-11.24443235108776
-10.320518716672717
-11.35870222242215
-8.590194193088706
-11.055166448868144
-9.798064139638376
-7.529340593440684
-8.707691768133984
-6.661161027800089
-11.038517420733882
-9.675217420733883
-10.60990413885318
-8.084821483480422
-9.563103934783847
-9.349520209833242
-9.664218832004789
-10.344092535688734
-11.293572641622678
-9.103818435489247
-7.491129034556471
-8.467496601535645
-8.590194193088706
-9.57183384213284
-7.7997752158210085
-10.246154029018527
-9.383224042632497
-9.767103043884376
-8.96832736649836
-9.754277842048563
-11.01624851729895
-7.257263601998419
-7.959807002553058
-10.66633478652939
-8.123369352323792
-8.678811273333372
-9.319037751709077
-8.632455142140925
-10.535536017568635
-10.878184676161895
-8.868186906409813
-7.446591227686604
-6.793278448533972
-6.649883093150655
-6.945969591620663
-8.020978201351188
-7.04056614120088
-10.915348386962606
-11.909602179794085
-10.552170081366752
-10.844155021392389
-11.291554138853181
-9.14267812075553
-9.701818203885082
-11.495070589579464
-10.717851931589909
-10.541045701554602
-9.517038761233506
-10.849969352323791
-7.75478596122269
-6.888832239057654
-7.32311737166241
-8.276023178573704
-7.848466228225974
-10.128117094082508
-8.722311613822589
-10.67583413537991
-9.762859220678076
-7.020264788447744
-7.455234792396293
-9.675217420733883
-7.330124242400542
-8.276023178573704
-8.434855220888794
-11.599826602795735
-8.71556370129169
-11.330223472349228
-13.179786647597053
-13.633
-8.600345982228156
-7.509926602795735
-8.1798
-8.343691398286559
-11.17714632213334
-7.344391768133985
-8.892640593440683
-7.337215029752404
-8.123369352323792
-11.177655806911293
-8.311917420733883
-8.210169408909714
-7.865628985484999
-13.222605806911293
-10.849969352323791
-10.496005806911294
-7.7997752158210085
-9.228928985484998
-5.483569408909714
-5.639531944797782
-10.056724242400541
-10.439575159235085
-9.839655071474102
-10.084133276806906
-10.301033729724887
-10.458720086631969
-9.75767082363892
-9.862564059297036
-10.318321780322053
-10.085611613822588
-10.09606463607318
-10.125404144720086
-10.02515780004009
-10.199509945764476
-10.395505579884425
-10.079720284944713
-10.284236187035177
-10.60990413885318
-10.22517660026633
-10.253970296556913
-9.171549248104338
-9.48666935232379
-9.211766228225974
-7.570189455871152
-7.775356346116455
-10.780505086183183
-11.208846400351979
-9.092646902793048
-8.128776455357547
-9.22823205339941
-10.153293718649486
-11.448911613822588
-8.076806827533563
-9.701704365455074
-9.6421159840689
-9.820430211534221
-10.436890013285089
-10.3615248155049
-10.458720086631969
-9.971528287763533
-8.69342424240054
-8.047682579266116
-8.390977842048564
-9.049956441157216
-8.24879660394099
-6.865868054979804
-5.966824242400541
-6.406105806911294
-10.388058014174566
-9.808260680072653
-10.63933000387049
-10.238439605000123
-10.230824404622927
-10.53579833780879
-9.037727290391716
-10.548600429370504
-9.831890059623246
-10.423643964910347
-9.789115752675771
-10.390530141637402
-10.340666834711383
-10.354490194132039
-10.599235856223132
-9.639323178573704
-7.815564782668171
-10.248098443466185
-7.883304138853182
-8.923010002350397
-9.632398261419644
-9.460350634245922
-9.076275159235085
-9.584160355080396
-10.164672035137269
-10.188841663134426
-10.383144511558879
-7.071555220888794
-9.264823227645177
-10.383144511558879
-10.143079298088267
-9.986361806832141
-9.91454300429297
-9.812911714729834
-10.340666834711383
-10.707183648959857
-8.123369352323792
-8.024461027800088
-11.208846400351979
-7.181327587233347
-5.807163545412497
-9.47600106969374
-9.550247857443686
-6.708552207263272
-5.807163545412497
-10.085611613822588
-9.186595995898784
-9.773184558351034
-9.42149586653454
-8.11801118302015
-8.791308217763579
-10.292575390628215
-10.426269573058779
-10.320518716672717
-7.226894193088706
-5.981091768133984
-10.111325111448576
-10.779038216618325
-10.487190651512917
-10.185327862511473
-9.347702123681842
-10.035947595993743
-9.556876741282197
-9.347702123681842
-10.33839399634572
-9.719778355933101
-10.294678674073404
-10.2013068323248
-10.11910542928191
-10.475637628038584
-10.453186647597056
-10.327158864780866
-10.190606414566668
-10.248098443466185
-9.743383043952951
-8.482246400351977
-10.388058014174566
-9.132705806911295
-8.912712809464354
-9.228928985484998
-7.723839201055936
-8.3994970345979
-7.344391768133985
-7.344391768133985
-7.865628985484999
-8.53484102281119
