-9.460350634245922
-9.89596462416614
-9.815746742126018
-11.341478220578608
-8.978506534133903
-9.301064489645618
-10.526375215821009
-9.847609383150646
-9.28362079588444
-11.316794193088706
-8.886749264562807
-9.941769578925683
-9.218571747604514
-8.710586999659567
-11.527274459670977
-6.602663803271254
-7.697484789462841
-10.82365063424592
-10.936769408909713
-12.2697
-10.769564835841226
-9.147695814329479
-11.161455220888794
-13.166175159235085
-9.605481186881368
-9.435152207263272
-11.703966834711384
-10.453186647597056
-9.021069069735168
-9.147695814329479
-8.142514279720674
-9.62216042131468
-9.228928985484998
-9.248401025413505
-11.417211535603949
-9.82613240970703
-10.961720523065384
-7.580857738501202
-10.269465143956445
-12.2697
-8.272619848223137
-10.968781186881367
-10.48138596122269
-9.11808596122269
-9.80089419416436
-11.002623178573705
-9.845546400351978
-8.002335300572806
-9.005499741727203
-9.19180679888084
-8.596144732293865
-9.178864782668171
-8.737301621240773
-11.536491227686605
-6.821255637352208
-7.503279354674189
-9.343883648959858
-6.942359822950309
-10.561850869673613
-8.722311613822589
-10.60990413885318
-8.616216948317534
-11.379175379970073
-10.181834792396293
-8.944157738501202
-11.263060924415878
-10.521928776947947
-10.315587024110416
-11.950327719234396
-5.893963601998419
-7.226894193088706
-10.413256441157214
-9.103818435489247
-9.719007227665891
-11.727188386177412
-7.831786993792662
-10.877512628577954
-11.091730201395965
-9.776802678729206
-9.897063545412497
-11.670757738501202
-8.25886042131468
-6.127829034556472
-10.500010770886227
-11.260363545412497
-11.654108710366941
-11.611129487878438
-11.117577842048563
-10.991564489809047
-10.825890622719166
-7.920320795884441
-11.306231647340297
-7.3893810227323025
-10.43698700895154
-10.13372320310944
-11.283244727935575
-9.775550385353114
-6.568592636554891
-7.972758431235947
-8.646033062937358
-8.931589413946488
-10.44498226226884
-11.49254682798763
-10.27082632111208
-11.161455220888794
-8.276023178573704
-8.652575379970074
-8.713496458424212
-7.962672210820239
-11.859305806911294
-9.639323178573704
-7.827199792462267
-7.1189464003519785
-9.755547932633242
-11.859305806911294
-11.727188386177412
-11.619240593440683
-8.460225489897148
-9.897063545412497
-11.97320413885318
-12.010220795884441
-12.524755220888794
-11.451879407841941
-8.9491087403033
-9.11808596122269
-9.343883648959858
-8.912712809464354
-9.573469408909714
-9.814407795544009
-11.52797203513727
-8.835313543371932
-8.252132239057655
-10.036299811185307
-8.252132239057655
-11.448911613822588
-10.199509945764476
-11.208846400351979
-10.849969352323791
-11.52797203513727
-11.161455220888794
-11.164625187528046
-11.278005001175199
-10.542164782668172
-9.706477405939605
-9.420355328568558
-9.916361199317784
-9.274162332935136
-10.290633667509425
-12.166706827533561
-9.425365642841115
-8.306978232143525
-10.28386002836501
-10.648833798088829
-10.120673837264443
-8.64020615641602
-11.385790797029696
-10.82365063424592
-11.420024242400542
-11.479281022732302
-12.2697
-10.64692079588444
-12.2697
-12.121232366051151
-9.953494193088705
-10.227053222018636
-7.458923069141371
-9.1518115863534
-10.226114167631177
-9.231250890582627
-9.855497452528265
-11.053507428152066
-6.269270642752521
-12.2697
-11.727188386177412
-9.19180679888084
-10.173191227686605
-11.859305806911294
-11.379175379970073
-7.649249877185833
-9.422944070274538
-8.602760149353488
-6.063877237041657
-7.596123835300553
-9.140153372621151
-11.316794193088706
-9.48666935232379
-10.496005806911294
-10.496005806911294
-9.460350634245922
-8.944157738501202
-8.863753222018637
-7.012645545164472
-7.920320795884441
-9.11808596122269
-8.67949245450835
-9.290297600234652
-10.063815029752403
-8.93243312433818
-10.647537539510822
-11.5718494139775
-10.76348743729897
-11.97320413885318
-11.881935580549765
-8.809891227686604
-8.65369479890355
-11.751358014174567
-10.227053222018636
-10.227053222018636
-10.70869790716474
-12.00110054041359
-10.628123227645178
-9.457354307607563
-9.193200965482523
-8.79297368627999
-11.681621780322052
-8.8452494139775
-10.02028565800982
-9.387761027800089
-8.047682579266116
-7.446591227686604
-9.514212628577953
-10.468529815578755
-10.400523183364943
-9.750063776805627
-9.990128990276236
-9.62216042131468
-8.533763545412496
-10.728715973410758
-7.980583648959858
-10.208711175381895
-8.791308217763579
-10.53426999924459
-10.60990413885318
-11.703966834711384
-8.654552255486696
-8.66520853715056
-9.740266011751235
-11.094347353486622
-11.033927610444398
-7.904558250294923
-11.248376611009318
-7.891797329616554
-9.208644937861763
-9.3307923758459
-7.831786993792662
-12.680094193088705
-10.496005806911294
-9.323107002553058
-12.680094193088705
-9.713428979618095
-12.114361027800088
-8.561306821666658
-9.460350634245922
-10.48138596122269
-9.415738216618324
-11.895940604098824
-9.367612909761423
-8.434855220888794
-9.228928985484998
-7.959807002553058
-7.637288386177411
-9.396940648379061
-7.867372944528443
-9.369818028389258
-8.678804396711937
-8.330714988973147
-8.624942402379906
-8.107438157999054
-10.813948476933064
-10.363888386177411
-9.132705806911295
-8.226919874535024
-10.649025438701338
-7.649249877185833
-10.592228985484999
-10.798698956034162
-8.319226373781236
-8.863753222018637
-10.276012809464353
-7.637288386177411
-10.375973200175988
-9.387761027800089
-9.0749310640672
-11.27496446108607
-6.292022480852239
-8.789647420974246
-8.286564827973205
-12.213269352323792
-9.076275159235085
-10.232053780143735
-9.147695814329479
-11.407470973564564
-12.300069408909714
-11.072794920843927
-10.851046829722485
-10.48743679964968
-8.204926352836285
-10.88603182112729
-10.592228985484999
-8.590194193088706
-7.959807002553058
-8.170984844601623
-11.1260970345979
-10.400523183364943
-11.457860000785194
-9.608779655953818
-10.217729034556472
-8.523095262782446
-11.076728979618094
-8.66588096614638
-9.798155220888795
-8.667567790274884
-10.20334042034288
-9.514212628577953
-11.802875159235086
-11.802875159235086
-8.912712809464354
-7.93973478652939
-10.375849877185832
-6.273988386177411
-9.012549877185833
-9.996461389325127
-7.673923183364942
-10.164672035137269
-10.982086773057674
-11.117577842048563
-12.887898386880263
-11.415810177157603
-11.952056402702375
-7.723565219700341
-8.630625726425826
-10.475458052705903
-8.924880250799495
-11.305069578925682
-10.419727256026064
-12.037582203402055
-12.031611662046009
-6.166040593440684
-6.306855999920847
-7.237045982228155
-9.503041095881754
-10.200599318966503
-11.067659308187825
-10.605854324210243
-8.912712809464354
-7.140040314070386
-8.165180154311395
-10.558386993792661
-11.859305806911294
-8.961637197381675
-10.363888386177411
-10.52017543490845
-12.300069408909714
-11.630196011705449
-8.455713201682311
-10.542164782668172
-11.859305806911294
-12.680094193088705
-10.213121434126444
-9.762239546585587
-12.029634786529389
-8.714956566851443
-9.573469408909714
-10.391547683269891
-9.953494193088705
-10.227053222018636
-10.227053222018636
-9.845546400351978
-10.115981022732303
-10.199509945764476
-10.849969352323791
-8.988863772014389
-8.86130201857548
-10.605854324210245
-10.17543819736272
-11.006749194263904
-12.819659179532445
-9.195086993792662
-9.670627610444397
-7.597229482059165
-9.981996841648476
-11.088690470626517
-7.848466228225974
-12.199963766147485
-10.440188902788163
-9.503041095881754
-9.196733931341884
-11.448911613822588
-10.469944568144799
-10.592228985484999
-8.753460580010398
-9.675217420733883
-9.11090922284111
-10.935133842132839
-9.67558769824756
-10.291735273982777
-8.946765507106862
-11.057623200175989
-10.833320324189529
-10.502364391437556
-10.15739158482359
-10.48138596122269
-7.631397057299535
-8.888706534666516
-9.543099999999999
-10.056724242400541
-8.977366834711383
-11.465421708512661
-8.609450318470172
-9.602200991969546
-8.188748386962605
-12.46419860761525
-9.089886647597055
-10.450987671375081
-7.264790063526527
-8.910674688115513
-8.688510739784853
-7.9015232276451774
-7.446591227686604
-7.455234792396293
-7.4448775545158075
-7.625563772014388
-7.673923183364942
-11.038517420733882
-7.686656441157215
-10.64692079588444
-9.264823227645177
-10.728715973410758
-8.897534177170915
-12.070483648959858
-11.4871231727068
-11.602698428962187
-10.050414338979126
-11.448171983911063
-11.379175379970073
-7.9666798810231345
-10.417483597705408
-10.482831807282297
-8.805616308991004
-11.002623178573705
-10.603770113685968
-9.713428979618095
-8.110063766147485
-11.776556441157215
-9.694014988973146
-10.38192248085224
-8.873226602795736
-7.050967062943452
-6.72913505175083
-8.421347250958277
-7.289275379970073
-9.410982579266117
-7.970104195439103
-7.570189455871152
-8.7027320921519
-8.374298607615252
-6.058915696829722
-8.908643558620371
-8.510024673103441
-8.650605083086303
-8.434855220888794
-9.311782844047627
-8.097050634245921
-7.949685838705675
-7.5950202493945005
-12.04970700255306
-9.543099999999999
-10.97245871036694
-10.370110893094479
-10.66633478652939
-10.656627791206915
-10.654092128307617
-7.661458014174567
-9.532828328080669
-8.538085270200632
-8.391400902921998
-8.307126260027333
-8.193273812819625
-7.869647798124449
-7.7843958143294785
-11.715463772014388
-11.241388687234846
-10.98546042131468
-11.105024573212585
-8.150912628577952
-10.737553057869572
-8.047682579266116
-8.1798
-8.912712809464354
-8.071852207263273
-7.282733062937358
-7.337215029752404
-7.7154319105429305
-7.251063821085861
-8.024461027800088
-7.6384143991652795
-11.213801020622268
-10.225969360753384
-10.093059179532446
-10.774282579266117
-10.093059179532446
-10.093059179532446
-10.093059179532446
-10.093059179532446
-10.227053222018636
-10.093059179532446
-7.500453222018637
-7.422234090395985
-9.847982251648936
-11.215078984947166
-9.907395078330897
-10.496005806911295
-11.084730462207938
-11.065118203885081
-10.69101881401929
-11.109179493191284
-7.712975159235086
-7.3972231727068
-8.242181186881368
-6.309364790399881
-11.998592285564083
-11.874295814329479
-7.644364534619273
-9.132705806911295
-10.844611183020149
-10.610878408683211
-10.849969352323791
-8.203969627997157
-10.296789455871153
-10.774282579266117
-7.500453222018637
-7.359011613822588
-8.590194193088706
-7.649249877185833
-9.049956441157216
-8.768470589579465
-7.304602847452783
-8.856110539507796
-9.775566614997787
-8.761313658713444
-7.254900044342316
-9.166207909959917
-9.576602103048621
-10.725056193205493
-7.897834283205778
-11.117577842048563
-10.845116180787334
-9.749260783093787
-10.897649505779718
-11.14776321607318
-9.67445518292281
-10.481033955433785
-11.354690063526526
-8.591379526151632
-8.1571480240153
-7.815884909016699
-7.513854931852462
-9.628965940693218
-9.399257965103095
-12.680094193088705
-12.2697
-12.2697
-10.093059179532446
-9.816659028929932
-10.550220330975193
-9.845546400351978
-9.963826703702981
-9.57973479718753
-11.41301737166241
-10.558386993792661
-12.092015973410756
-9.11808596122269
-11.208846400351979
-10.236526602795736
-10.022490797029695
-9.253824638916084
-9.930272641622677
-9.272270793355036
-8.458076772354822
-7.159795262782446
-8.374298607615252
-9.108062709342981
-8.279516248688884
-8.497236407770163
-6.997985475713688
-8.561306821666658
-7.756231807282297
-7.227486562990223
-11.250733621816105
-9.965455684097126
-9.897063545412497
-8.334547194372355
-10.056724242400541
-9.447617376453646
-7.295890797029696
-11.439165050030185
-11.889675215821008
-10.363888386177411
-10.345238854860328
-9.646330049311835
-10.786367393264694
-8.089377865953933
-11.208846400351979
-12.029634786529389
-8.262253402905037
-8.434855220888794
-10.3615248155049
-6.8905071303221925
-8.854429034556471
-8.390977842048564
-10.246154029018527
-9.264823227645177
-9.024758014174568
-10.66633478652939
-8.933489455871152
-8.590194193088706
-8.904725407439262
-8.533763545412496
-9.775810166499463
-10.022490797029695
-9.460350634245922
-8.454299575064464
-11.545134792396293
-10.68359003318457
-11.77740570187522
-8.48521419437133
-10.442272538238466
-9.602200991969546
-8.323124196959197
-8.873226602795736
-11.859305806911294
-12.029634786529389
-8.892640593440683
-10.9064
-9.897063545412497
-7.4819494139775005
-7.580857738501202
-8.123369352323792
-8.097050634245921
-10.686407002553057
-9.08851133067858
-11.727188386177412
-10.635196181721419
-12.029634786529389
-9.037223183364942
-8.017668521172618
-10.26689601170545
-7.740518435489247
-10.496005806911294
-11.859305806911294
-8.576730741648918
-11.038517420733882
-11.859305806911294
-10.286310002350397
-7.639661430104383
-9.460350634245922
-8.988863772014389
-11.134740599307587
-11.34716360199842
-10.923146907729661
-10.569559520987326
-11.119092100253445
-11.067659308187825
-9.802300598076357
-11.11012060054803
-10.515111586353399
-11.0396760790959
-8.68641737166241
-7.712975159235086
-8.533763545412496
-8.955021780322053
-9.713428979618095
-8.722311613822589
-6.01834138746106
-9.576593815459322
-10.048759313553976
-12.213269352323792
-8.252132239057655
-10.496005806911294
-9.614215783254135
-10.820311837573936
-9.871304972882239
-9.387761027800089
-10.707183648959857
-9.103818435489247
-9.323107002553058
-9.897063545412497
-11.224849365531666
-7.8367416140629516
-9.817176144397237
-9.72137639649076
-7.769405806911294
-9.126814478033419
-9.012549877185833
-8.530007741544742
-9.902470648446252
-10.497042843500765
-10.989193772944407
-11.766348021592751
-11.42355902106191
-10.952239022402871
-12.405529493502634
-10.252987601448037
-9.573469408909714
-9.48666935232379
-9.264823227645177
-9.147695814329479
-9.543099999999999
-10.9064
-7.649249877185833
-11.709687397736849
-12.680094193088705
-11.117577842048563
-12.2697
-12.029634786529389
-10.02049839918595
-8.607008774114716
-8.572693204648145
-6.684382579266117
-10.595021790980192
-10.548438682704514
-10.496005806911294
-8.646033062937358
-9.410982579266117
-9.246604138853183
-7.4819494139775005
-11.223836407770163
-9.953494193088705
-5.981091768133984
-7.673923183364942
-10.375849877185832
-8.412510166499462
-9.767103043884376
-9.639323178573704
-9.570369518453436
-10.951049130709823
-10.9064
-7.6492498771858335
-7.5195540290185265
-10.877512628577954
-9.68266498644374
-9.727287091925163
-8.675375261424637
-9.979306595391563
-9.762479934826898
-10.84632203513727
-11.0396760790959
-10.584145566322922
-9.00058838617741
-10.139826137886487
-9.126814478033419
-9.126814478033419
-8.347765408945586
-9.68266498644374
-8.390977842048564
-7.591721780322053
-7.883304138853182
-9.435152207263272
-11.64970844264759
-8.976229324914463
-7.254155596608585
-11.479281022732302
-11.020298331941886
-12.240812628577952
-12.401817420733883
-10.08984523896512
-10.15627368627999
-9.460350634245922
-8.851660173701113
-11.17995902892993
-9.28362079588444
-8.002115973410758
-11.859305806911294
-8.645382789761417
-11.859305806911294
-12.401817420733883
-9.325152164058704
-12.263808671122122
-10.936769408909713
-10.667653438302517
-10.681865935533544
-10.199509945764476
-9.778896207603275
-9.037223183364942
-8.739583218157419
-8.463160935592722
-12.680094193088705
-8.944157738501202
-8.142514279720674
-11.067330787572722
-9.663492806570861
-9.48666935232379
-9.514212628577953
-7.312076050901457
-8.923010002350397
-10.472073055759537
-12.680094193088705
-11.862273600930648
-11.727188386177412
-10.070991768133984
-9.971528287763533
-7.959807002553058
-9.845546400351978
-10.75106102780009
-10.510995814329478
-12.2697
-6.7820005138845385
-7.60952984954379
-9.67870708982921
-11.325342950038491
-11.038517420733882
-11.50312613788649
-7.836575790320886
-8.288695869267857
-8.458076772354822
-8.868012818293305
-6.831156111311365
-8.787991269776406
-7.980583648959858
-9.953494193088705
-8.122293832196656
-11.117577842048563
-10.115981022732303
-9.326761211907892
-7.817167148104058
-8.944157738501202
-9.343883648959858
-10.00286224806851
-10.64692079588444
-5.863594193088706
-10.236526602795736
-8.729759179532445
-11.007168200994952
-10.936769408909713
-10.800924334726108
-11.859305806911294
-6.986828979618095
-11.041113425939024
-9.105229815578754
-9.450120589579464
-11.009881888402813
-11.401958682897753
-10.15739158482359
-8.793808180663632
-9.103818435489247
-7.740518435489247
-11.545134792396293
-8.315629493502634
-11.299293204648142
-8.013183093150655
-7.344391768133985
-7.9015232276451774
-12.029634786529389
-7.637288386177411
-9.811978580309448
-10.199509945764476
-7.905235300413928
-11.727188386177412
-9.585093305679589
-10.689592127722634
-11.057623200175989
-10.566726611009319
-10.538511287171215
-10.66208928758245
-9.576676701794725
-9.909148359411075
-10.01441706749598
-9.605810299570727
-10.331398087927258
-10.066968753682925
-10.597917204450003
-8.185750539205161
-10.573377001210847
-11.147947250958277
-11.379175379970073
-12.341194508052439
-7.24188420050689
-9.983863601998419
-10.02918096614638
-9.675217420733883
-9.178864782668171
-8.69342424240054
-8.047682579266116
-12.04970700255306
-12.010220795884441
-8.835313543371932
-12.010220795884441
-10.120525990118201
-9.91343528897046
-9.103818435489247
-10.66633478652939
-11.662207789677103
-11.387789922172113
-10.728935300572806
-8.311917420733883
-11.316794193088706
-11.727188386177412
-12.2697
-12.2697
-9.201702410852285
-12.029634786529389
-8.1798
-11.619240593440683
-7.570189455871152
-7.282733062937358
-9.102410411835939
-9.159967210431173
-7.726586647597055
-10.093059179532446
-11.544264735418006
-12.114361027800088
-8.29729757504528
-9.410982579266117
-9.08851133067858
-9.053830437533477
-11.859305806911294
-8.777581455595556
-9.076275159235085
-9.580618078924667
-8.882854029018526
-9.639323178573704
-11.889675215821008
-9.297143457651513
-8.047682579266116
-11.076728979618094
-9.858515676569127
-9.719379518823256
-11.110849659791537
-11.316794193088706
-8.711313025093494
-10.542164782668172
-7.587352213130176
-9.396940648379061
-9.965455684097126
-8.1798
-9.024758014174568
-10.916551789139449
-11.619240593440683
-10.64692079588444
-7.3972231727068
-9.10331539911742
-10.767219986569714
-11.630196011705449
-8.971701014755364
-11.982243607066206
-9.642816248688884
-5.987991314697039
-6.4533859829681255
-5.93928096614638
-7.040503043884376
-6.157225438042307
-8.168075385836978
-10.015875379970073
-11.78956957305878
-11.90546478266817
-8.091924423286942
-8.350128979618095
-12.365923178573704
-9.918994706973244
-11.427115029752404
-10.903447008007353
-6.689138216618325
-7.159795262782446
-10.093059179532446
-11.234559897977967
-10.396926741154218
-10.347757876337884
-11.097153410833329
-9.487097814682286
-11.341478220578608
-10.125723897269022
-10.292757854735601
-8.038284387220743
-8.128776455357547
-11.545134792396293
-10.542164782668172
-12.137582579266116
-10.286310002350397
-11.218797452528264
-11.52797203513727
-11.334828287763534
-12.723061389325125
-8.991190194132038
-9.602200991969546
-6.404627469895611
-11.964300607655373
-10.471362709342982
-9.543099999999999
-9.00058838617741
-10.02918096614638
-10.9064
-10.510995814329478
-9.776444339739705
-9.956469462691285
-10.517489405029504
-8.390977842048564
-10.307457738501203
-10.954511589286852
-7.625563772014388
-7.637288386177411
-8.927179552449735
-11.208846400351979
-11.215295527937911
-10.164672035137269
-8.242181186881368
-10.496005806911294
-9.80272724103774
-10.767219986569714
-10.153113291172048
-11.938366228225975
-7.673923183364942
-7.7009867563988745
-9.06296957305878
-7.75478596122269
-9.865618616375647
-9.422944070274538
-9.138656346116454
-8.659190797029694
-9.713428979618095
-10.467118435489247
-10.146350431642016
-9.472024680374204
-8.604725519762686
-7.9231063172224285
-11.609454029018526
-8.69342424240054
-9.012549877185833
-9.049956441157216
-8.776526137886488
-12.017910172366367
-10.1238231727068
-10.558386993792661
-10.346962785349648
-12.81295216884994
-13.141144958895756
-12.010220795884441
-10.764499197197356
-10.802592650051288
-9.881085986665802
-10.570986207283987
-10.539795613843303
-10.07063976234508
-10.665349638087505
-7.359011613822588
-10.496450028765704
-10.558386993792661
-10.302123597186178
-7.027677842048563
-8.827306414566667
-8.059644070274539
-9.376483093150656
-9.082633743761347
-9.185462220235612
-11.002623178573705
-7.1189464003519785
-8.883890099220404
-9.072175070866361
-9.345397907164738
-9.14517633670853
-10.88361669707232
-9.211766228225974
-10.592228985484999
-9.625553402905037
-9.258199587397282
-7.249831617379555
-9.210077001210848
-9.754277842048563
-12.982540593440683
-10.2085494139775
-9.169340604098826
-10.81755798670538
-9.559572926374067
-7.6220911892317655
-9.74504617332511
-9.287068662635178
-8.633161389325126
-8.283030049311837
-6.686755623193088
-8.544627587233347
-11.859305806911294
-10.400523183364943
-6.3363695730587795
-9.140153372621151
-9.91343528897046
-8.024461027800088
-7.452628447759673
-9.343883648959858
-10.9064
-10.009333062937358
-11.52797203513727
-12.333848785715803
-11.007168200994952
-7.890524638916084
-9.120981192748273
-11.727188386177412
-10.882893866136195
-10.894789224266987
-7.446591227686604
-11.859305806911294
-9.132705806911295
-7.28403575579991
-11.859305806911294
-7.337215029752404
-8.8452494139775
-7.559710002350398
-8.350128979618095
-6.166040593440684
-9.990128990276236
-9.897063545412497
-8.533763545412496
-10.542164782668172
-8.882854029018526
-11.33266492814348
-12.092015973410756
-7.576567330834438
-8.415661869538466
-8.550966464528893
-6.466844624730722
-8.013183093150655
-7.63374655906196
-8.93666980550836
-11.305069578925682
-12.480877842048564
-11.260363545412497
-11.076728979618094
-8.203969627997157
-8.458076772354822
-10.96514878752264
-11.185150810620385
-7.649249877185833
-8.266801659876911
-11.660089455871152
-11.038517420733882
-10.467118435489247
-8.533763545412496
-12.696908774114716
-11.38181268351633
-10.10172288189328
-10.03187834514976
-10.196847993083127
-10.304052182727535
-10.747145715030893
-11.28589978459878
-8.017668521172618
-7.3259101771576045
-7.455234792396293
-8.08180325943956
-9.410982579266117
-8.69342424240054
-8.809891227686604
-8.523095262782446
-9.418130436709802
-11.121822115902297
-10.66633478652939
-8.884798443466186
-11.824437689985036
-10.227053222018636
-10.496005806911294
-9.387761027800089
-7.049210166499463
-9.854224538856052
-10.558386993792663
-10.718734015176572
-8.539170648446254
-11.966991011204254
-12.019848222107232
-11.234044827334627
-7.421392800703957
-7.4819494139775005
-7.4296736862799895
-11.117577842048563
-12.761188069180136
-10.357997057299533
-10.47994363732506
-10.952558975756876
-10.113124683777698
-7.455234792396293
-7.686656441157215
-9.04828233584608
-8.223722924720263
-7.909158188092215
-10.575066228225975
-10.686407002553057
-9.315802368427716
-8.617455596608584
-9.680726544609605
-10.913895003709092
-8.817664735418006
-10.951910956161552
-10.043433574052028
-10.473051235923535
-8.98308739773685
-7.5950202493945005
-12.680094193088705
-11.859305806911294
-12.029634786529389
-11.727188386177412
-8.533763545412496
-7.9015232276451774
-10.00286224806851
-9.595694622459211
-7.203672641622678
-8.793808180663632
-10.009333062937358
-7.573369805508362
-10.163826819194758
-10.601594727935575
-12.2697
-11.468017393264695
-9.891705376108854
-12.2697
-12.2697
-12.029634786529389
-8.150912628577952
-8.390977842048564
-11.619240593440683
-8.207061403519878
-9.886395262782447
-8.408140599307588
-9.051244958895758
-12.029634786529389
-12.2697
-11.448911613822588
-8.618390275157978
-8.47831315304781
-11.161455220888794
-8.866579354674188
-9.277918597711633
-7.828832283017382
-12.300069408909714
-9.132705806911295
-8.482246400351977
-10.71779713314901
-9.947457797890687
-8.084317376453647
-7.495772773398155
-7.113055071474102
-11.060100510311134
-9.30303478652939
-8.276023178573704
-10.340666834711383
-11.038517420733882
-10.199509945764476
-12.680094193088705
-11.52797203513727
-12.029634786529389
-9.353798862410478
-8.728561255669714
-8.892640593440683
-8.412510166499462
-10.096818390047902
-11.117577842048563
-11.727188386177412
-9.483984206373794
-10.32938890006195
-12.029634786529389
-7.286649771821642
-9.660597575045278
-9.842608015219186
-9.975201972768977
-10.45181133067858
-7.559710002350398
-11.90546478266817
-8.608228287763533
-9.477990126450424
-10.915949782308552
-9.605481186881368
-9.089886647597055
-10.17931984516666
-8.9583202493945
-12.128184387220744
-9.773625382903525
-12.166706827533561
-10.128181178254984
-6.708552207263272
-8.533763545412496
-9.28362079588444
-11.316794193088706
-6.874620466765299
-9.343883648959858
-9.894914455331783
-10.38434665404082
-11.567312428809908
-10.246154029018527
-10.66633478652939
-10.707183648959857
-7.446591227686604
-10.41158233584608
-10.812125965794955
-10.226382696627581
-8.507444827334627
-6.038678810059009
-12.278648386962606
-9.71527674115422
-10.115981022732303
-10.007977711211298
-7.424691269776406
-8.649295185058252
-11.161455220888794
-8.80137203513727
-7.4640064145666685
-6.538223227645177
-9.943513537969128
-9.845546400351978
-8.60271519358522
-9.965455684097126
-9.605481186881368
-8.653476508931528
-10.60990413885318
-8.809891227686604
-10.02918096614638
-10.76024064837906
-9.34177286716211
-9.775810166499463
-8.999996903795651
-10.04279245450835
-11.859305806911294
-10.877512628577954
-11.859305806911294
-9.664218832004789
-10.9064
-12.029634786529389
-9.564193913718407
-11.199059835929821
-8.586652365973254
-11.633219373171242
-10.23748233127958
-8.80137203513727
-12.029634786529389
-10.181834792396293
-8.176847008007353
-10.58358542077531
-7.675131772706249
-10.954511589286852
-11.002623178573705
-11.406092454508348
-11.260363545412497
-9.918994706973244
-9.713428979618095
-9.308010312617533
-8.434855220888794
-12.092015973410756
-10.173191227686605
-10.628123227645178
-12.029634786529389
-11.52797203513727
-11.379175379970073
-7.767927469895611
-11.448911613822588
-10.774282579266117
-10.48138596122269
-12.010220795884441
-9.810116711897216
-7.014808616988363
-11.619240593440683
-7.244928287763534
-11.362313434945225
-8.396928381253725
-8.368163074292923
-9.284767855333653
-9.132705806911295
-7.302580966146381
-11.52797203513727
-10.352163772014388
-8.7885442551084
-10.227053222018636
-10.093059179532446
-10.227053222018636
-9.953494193088705
-9.845546400351978
-8.004312909761422
-10.375849877185832
-11.134740599307587
-11.161455220888794
-10.227053222018636
-7.740518435489247
-8.854429034556471
-9.28362079588444
-9.941769578925683
-12.2697
-9.019844511558878
-10.728715973410758
-8.486207607496798
-8.808177554515808
-8.857210904985921
-8.54189283102171
-7.883304138853182
-7.9015232276451774
-7.661458014174567
-10.100601621240774
-9.492076455357548
-9.89149205466278
-10.459833007386685
-7.918413954728417
-10.147992800703957
-7.838402410852285
-11.630196011705449
-11.52881845939462
-12.81592368659134
-7.295890797029696
-9.78331325039279
-9.738833381091316
-6.810608671122123
-11.824437689985036
-8.752681022732302
-11.237659767190816
-12.029634786529389
-10.48138596122269
-5.903386723986201
-12.891272035137268
-11.379175379970073
-8.793808180663632
-11.448911613822588
-13.336504138853181
-7.718382262268841
-9.543099999999999
-8.350128979618095
-12.166706827533561
-10.774282579266117
-10.227053222018636
-11.714303979935053
-7.010998607615252
-11.023897575045279
-9.639323178573704
-6.923264827973205
-9.163075215821008
-6.545670793355036
-12.680094193088705
-11.076728979618094
-7.265421608831398
-10.078256566851442
-9.558090007418183
-10.022490797029695
-9.246604138853183
-8.912712809464354
-7.841738045968949
-10.635570793355036
-8.23336603148299
-8.388445805400474
-10.934281700765908
-10.958671173302202
-7.690994151791069
-12.029634786529389
-6.445898337808791
-7.677714489812925
-9.817176144397237
-9.817176144397237
-8.52947410230058
-10.276012809464353
-10.199509945764476
-10.526375215821009
-9.28745300128365
-8.175215746062303
-12.926517991085577
-8.819406129812096
-9.435152207263272
-10.728715973410758
-9.516639173586748
-11.859305806911294
-12.2697
-9.573469408909714
-11.124274577074393
-9.590861341192763
-9.094447994078605
-8.679630162071984
-8.656072342758584
-7.752767690132583
-10.9417310362287
-11.328755684097127
-10.542164782668172
-7.488360173701114
-9.051244958895758
-8.982223625479138
-9.093430112285848
-10.255940593440684
-10.66633478652939
-11.991423227645177
-9.543099999999999
-10.093059179532446
-10.686407002553057
-9.195086993792662
-11.727188386177412
-11.206876103468206
-10.558386993792661
-11.727188386177412
-10.015875379970073
-9.34177286716211
-9.935993204648144
-10.2085494139775
-10.878184676161895
-9.365010165487597
-11.859305806911294
-9.30303478652939
-8.944157738501202
-8.633161389325126
-8.729759179532445
-8.200893913718406
-8.482246400351977
-11.850490651512917
-10.455946902793048
-11.52797203513727
-9.508600513884538
-10.340666834711383
-9.089886647597055
-12.332081186881368
-11.117577842048563
-7.813488363067139
-9.953494193088705
-7.914618597711632
-9.751272366146932
-7.9015232276451774
-8.024461027800088
-7.865628985484999
-10.832742691160234
-11.36103603710953
-9.855965562331757
-11.955528985484998
-6.902365940693219
-10.255940593440684
-8.245479655953817
-9.128281823684532
-11.619240593440683
-8.80137203513727
-11.208846400351979
-8.276023178573704
-7.769405806911294
-7.491129034556471
-7.712975159235086
-7.93973478652939
-10.64692079588444
-10.496005806911294
-8.557372762892491
-9.887983302180196
-11.002623178573705
-9.910675033774465
-11.316794193088706
-9.798155220888795
-8.96608890006195
-9.076275159235085
-9.798155220888795
-10.95899462245921
-10.008547629488321
-10.833899086511877
-8.047682579266116
-12.2697
-11.379175379970073
-11.52797203513727
-7.980583648959858
-10.32938890006195
-12.029634786529389
-12.2697
-10.040797858406085
-10.712517790274884
-9.953494193088705
-7.593918716672717
-7.446591227686604
-7.31619245450835
-7.580857738501202
-10.592228985484999
-13.09048838617741
-9.675217420733883
-7.4819494139775005
-11.368409217744624
-10.967868900077455
-11.275419510211666
-11.439802069426591
-10.747145715030893
-9.567558867720791
-10.078256566851442
-8.717153503202107
-10.093059179532446
-12.029634786529389
-10.227053222018636
-9.91343528897046
-7.690530437533479
-10.628123227645178
-10.161666559235638
-9.62216042131468
-6.923264827973205
-8.892640593440683
-9.200041614062952
-10.426269573058779
-12.04970700255306
-12.161752207263273
-7.920320795884441
-8.533763545412496
-7.3415106253820275
-10.413256441157214
-9.365415973410759
-12.240812628577952
-12.2697
-11.776556441157215
-11.208846400351979
-6.217557738501203
-8.760523172706801
-12.114361027800088
-8.847073987585325
-12.2697
-13.349198394394712
-10.9064
-9.953494193088705
-9.246604138853183
-9.435152207263272
-8.350128979618095
-8.1798
-11.97320413885318
-11.955528985484998
-8.071852207263273
-11.938366228225975
-11.50312613788649
-8.768470589579465
-9.605481186881368
-8.977366834711383
-11.4871231727068
-9.875915809261691
-6.179312540023381
-6.944928476294485
-9.024758014174568
-9.228928985484998
-9.410982579266117
-8.917839020423331
-11.208846400351979
-11.816486647597054
-10.496005806911294
-8.955021780322053
-6.9092505957910815
-7.637288386177411
-8.706970166987771
-8.776526137886488
-9.05253628692603
-8.071852207263273
-7.60278890006195
-6.288371449752409
-9.195086993792662
-11.43357016698777
-12.680094193088705
-10.035947595993743
-9.430238704647584
-8.43942724103774
-8.194790007418185
-8.213293815459322
-7.6689055798844254
-7.965963803271253
-12.300069408909714
-8.789296887805367
-9.11808596122269
-8.482246400351977
-9.543099999999999
-8.892640593440683
-8.390977842048564
-10.093059179532446
-8.988863772014389
-8.722311613822589
-9.555061491008422
-8.145300513884537
-10.286310002350397
-11.619240593440683
-9.659155251147649
-10.093059179532446
-11.012456181967389
-9.897063545412497
-9.639323178573704
-7.625563772014388
-10.337537845165874
-9.154106574053092
-12.2697
-11.52797203513727
-10.496005806911294
-9.953494193088705
-9.675217420733883
-10.82365063424592
-8.074324334726109
-8.555694706973243
-8.308228476294484
-7.384725111448576
-11.859305806911294
-10.265891645616971
-11.727188386177412
-11.260363545412497
-10.592228985484999
-9.354551931589908
-9.531375385836979
-9.775810166499463
-8.458076772354822
-10.022490797029695
-9.62216042131468
-8.980792535688733
-9.605481186881368
-12.114361027800088
-10.426269573058779
-11.830418435489246
-10.1238231727068
-10.352163772014388
-10.60990413885318
-8.276023178573704
-10.921390007418184
-7.555569610182548
-10.015875379970073
-8.67949245450835
-10.363888386177411
-12.680094193088705
-9.228928985484998
-10.542164782668172
-11.002623178573705
-11.208846400351979
-10.628123227645178
-8.47245983592982
-8.276023178573704
-10.9064
-10.015875379970073
-10.093059179532446
-8.022188189434427
-10.303167330834437
-9.686424196959196
-10.56168546286511
-7.502335810781785
-9.82613240970703
-7.699669573058779
-12.365923178573704
-13.844177842048563
-8.323124196959197
-12.78332424240054
-9.460350634245922
-11.175278580309449
-10.939893815459321
-8.892640593440683
-8.531084460760676
-9.627673007427287
-7.2388556840971265
-11.62919164561697
-7.170463545412497
-7.570189455871152
-10.9064
-11.859305806911294
-11.448911613822588
-7.646597537038969
-11.038517420733882
-9.253824638916084
-7.4819494139775005
-12.300069408909714
-10.128865607334857
-7.649249877185833
-9.11808596122269
-9.195086993792662
-8.533763545412496
-10.227053222018636
-11.271227587233346
-12.240812628577952
-10.29657803874083
-10.526375215821009
-11.275629642211845
-8.188705624850257
-9.089886647597055
-9.143610966386744
-6.125981689322438
-8.523095262782446
-9.555061491008422
-7.914618597711632
-10.849969352323791
-8.66588096614638
-7.680255582413832
-8.512615809261693
-9.057729948888616
-6.948617420733883
-7.380105527540996
-7.900949933924431
-10.413256441157214
-12.944329034556471
-11.859305806911294
-10.344092535688734
-8.917839020423331
-11.076728979618094
-7.959807002553058
-10.199509945764476
-6.23948890006195
-11.495070589579464
-10.798452207263272
-7.920320795884441
-7.438072035137269
-12.137582579266116
-9.039118836588933
-7.617034805665436
-11.753830141637405
-9.72137639649076
-9.078972538238466
-9.656998331941887
-8.700515029752404
-10.82365063424592
-9.605481186881368
-11.619240593440683
-8.926134408900007
-11.84468596122269
-7.2698613893251265
-12.300069408909714
-11.166027241037739
-9.988870597311177
-7.421392800703957
-9.365415973410759
-9.00058838617741
-12.2697
-9.35670885079567
-9.489366731327172
-9.717389353362252
-9.210077001210848
-7.549412809464354
-7.815564782668171
-11.739149877185833
-9.713428979618095
-9.675217420733883
-11.52797203513727
-8.507444827334627
-11.52797203513727
-8.652575379970074
-8.350128979618095
-8.892640593440683
-10.48138596122269
-12.139955623193089
-10.363888386177411
-6.691530436709803
-8.002115973410758
-8.544627587233347
-9.47600106969374
-8.002115973410758
-10.709964419760876
-9.049956441157216
-8.366131944797782
-8.047682579266116
-8.737301621240773
-6.998790470626516
-10.676285838705676
-10.774282579266117
-9.295153685621212
-8.390977842048564
-10.510995814329478
-6.641012909761423
-10.936769408909713
-10.762557965103094
-12.2697
-12.029634786529389
-11.002623178573705
-9.897063545412497
-12.029634786529389
-12.2697
-11.161455220888794
-10.592228985484999
-11.316794193088706
-7.612020887962669
-9.68266498644374
-11.619240593440683
-10.453186647597056
-10.363888386177411
-8.492147278919727
-8.872918712145424
-9.379129604908165
-9.862467396198145
-9.659455083249732
-9.990128990276236
-6.527224638916084
-8.533763545412496
-10.255940593440684
-9.587341844020825
-10.296789455871153
-10.439575159235085
-9.602200991969546
-8.370201195641764
-8.539170648446254
-9.163075215821008
-9.435152207263272
-9.675217420733883
-8.784692800703956
-8.43942724103774
-8.24879660394099
-11.900683542683922
-10.82365063424592
-10.82365063424592
-8.533763545412496
-7.0909995750644645
-9.49918033169386
-10.00286224806851
-10.276012809464353
-8.779779298088268
-11.117577842048563
-7.976369583716921
-8.659856422358013
-10.542164782668172
-11.727188386177412
-10.707183648959857
-9.713428979618095
-9.039748021592752
-8.785845175784901
-7.883304138853182
-7.60278890006195
-10.063815029752403
-10.272450688130759
-9.74180738650976
-7.366459179532446
-10.469944568144799
-9.497533394144641
-8.873226602795736
-9.022296165857682
-9.006538925382571
-7.027677842048563
-9.387761027800089
-8.875139605000122
-8.765278810059009
-7.359011613822588
-9.713428979618095
-11.448911613822588
-12.2697
-9.996461389325127
-10.496005806911294
-10.849969352323791
-11.271227587233346
-9.667862373762738
-9.745879493191284
-10.035947595993743
-9.494798637933005
-11.920044624730721
-8.170984844601623
-10.62997635487685
-11.076728979618094
-11.105024573212585
-9.28362079588444
-8.434855220888794
-10.783832361574667
-9.741724573212586
-8.242181186881368
-7.405170589579465
-11.161455220888794
-9.852993966061836
-10.485734134991963
-10.124613131019023
-9.940030741648917
-10.690504414526547
-9.675217420733883
-11.836522503983614
-11.379175379970073
-8.714372091318117
-10.91836149100842
-12.06417374553844
-10.050276375058875
-8.79297368627999
-10.413256441157214
-6.543800100907245
-11.448911613822588
-10.988853402905038
-11.076728979618094
-10.04279245450835
-11.619240593440683
-9.615432239057654
-9.570361403519879
-6.7904387612335055
-12.680094193088705
-6.295696165857682
-11.590353222018637
-7.239460149353488
-11.117577842048563
-11.208846400351979
-9.435152207263272
-9.993362925033464
-11.161455220888794
-10.66633478652939
-11.456359179532447
-10.375849877185832
-10.255940593440684
-11.037152570212232
-7.879726643574993
-11.991423227645177
-10.968781186881367
-8.696959021061911
-9.941769578925683
-9.268535300413928
-10.936769408909713
-10.453186647597056
-10.75106102780009
-10.453186647597056
-10.375849877185832
-10.798452207263272
-11.217186017568634
-8.752681022732302
-11.117577842048563
-11.955528985484998
-9.246604138853183
-8.873226602795736
-10.106705527540996
-11.065004365455072
-10.849969352323791
-11.660089455871152
-10.296789455871153
-7.815564782668171
-9.590540520991373
-9.872807803871858
-9.93945226220165
-9.725793378887849
-10.968781186881367
-11.260363545412497
-10.32938890006195
-10.190606414566668
-9.210077001210848
-8.22276719623642
-8.315629493502634
-9.531375385836979
-9.134187844398962
-9.147695814329479
-8.26566594069322
-9.410982579266117
-8.210169408909714
-10.402795052707392
-7.069086888338131
-7.438072035137269
-10.164672035137269
-10.276012809464353
-9.065606876605035
-11.859305806911294
-11.448911613822588
-11.111267938627146
-9.024758014174568
-10.303701934633448
-9.43762433472611
-10.879398219880098
-8.497742670021768
-11.751358014174567
-11.117577842048563
-12.087646406218882
-11.316794193088706
-13.633
-9.615432239057654
-9.798155220888795
-10.369838925382572
-11.065004365455072
-10.532640604098825
-10.66811367720311
-11.135176107725297
-11.04249659865126
-8.771156038727941
-8.776526137886488
-9.139149946534522
-8.978506534133903
-9.754277842048563
-7.257263601998419
-7.181327587233347
-10.936769408909713
-11.316794193088706
-10.9064
-9.953494193088705
-10.877512628577954
-11.420024242400542
-10.363888386177411
-7.8400678793686955
-9.54905053920516
-9.241245969549539
-9.667862373762738
-11.260363545412497
-10.9064
-9.193444624730722
-10.955768054979803
-10.992265940693219
-11.776556441157215
-11.562809945764474
-10.965500991969545
-11.316794193088706
-7.428840366413815
-10.131770589579466
-10.891780154311396
-9.965455684097126
-9.037223183364942
-9.06296957305878
-10.04279245450835
-10.686407002553057
-11.368409217744624
-11.34798478652939
-10.73862608149152
-10.471173797996872
-9.608235037749925
-9.029961457170595
-8.839989726654654
-8.739430837853611
-8.486206774096136
-8.351314312681021
-8.33608704873104
-8.202429773638471
-8.126878347173495
-12.420233129129418
-11.17951184329567
-11.260363545412497
-7.378573641389718
-8.22076517403893
-9.06296957305878
-8.596144732293865
-10.056724242400541
-8.760523172706801
-7.740518435489247
-7.920320795884441
-11.404717137589873
-7.922233798088828
-9.30303478652939
-11.057314988973147
-8.759734266970923
-8.931378674073404
-9.725390470626516
-8.262253402905037
-8.255486773057676
-7.807617365795506
-11.076728979618094
-9.983614360291021
-9.343883648959858
-7.21132489068472
-8.463788138190873
-11.784329948888615
-11.134740599307587
-9.80272724103774
-11.830418435489246
-9.653420836663699
-8.704092525030592
-11.002623178573705
-11.373284051092195
-9.533410504791467
-10.085611613822588
-7.5195540290185265
-11.260363545412497
-9.798155220888795
-10.64692079588444
-12.293869627997156
-11.038517420733882
-9.766614495138118
-9.323107002553058
-9.11808596122269
-8.533763545412496
-11.100898607615251
-10.453186647597056
-12.200109993284856
-10.376212482280668
-8.900288048979307
-8.74095640856928
-8.594412910357304
-8.569826014215995
-8.546824523584013
-8.375121503741017
-10.98546042131468
-11.562809945764474
-8.210169408909714
-11.727188386177412
-12.401817420733883
-11.715463772014388
-9.28362079588444
-11.234044827334627
-7.682807628033929
-9.605481186881368
-9.996461389325127
-11.776556441157215
-12.161752207263273
-11.434291768133985
-11.002623178573705
-6.514645969549539
-6.547547415107343
-6.572108755766606
-10.9064
-11.076728979618094
-11.208846400351979
-10.82365063424592
-10.628123227645178
-11.536491227686605
-11.260363545412497
-12.070483648959858
-11.42569006235656
-10.1238231727068
-7.93973478652939
-7.170463545412497
-7.699669573058779
-9.006658560394744
-11.62919164561697
-9.293248222107232
-8.002115973410758
-8.482246400351977
-8.978620624830311
-8.672375440775355
-11.599826602795735
-9.891705376108854
-11.208846400351979
-11.681621780322052
-7.027677842048563
-9.639323178573704
-8.912712809464354
-11.316794193088706
-8.631148801844137
-8.1798
-7.9015232276451774
-6.576434786529389
-9.653420836663699
-8.818534792396292
-9.06296957305878
-9.310982203402054
-9.240890476493421
-9.221316010534526
-8.937946744178408
-8.828190766735831
-8.695542576206494
-8.65819376002645
-8.115350173295148
-8.066449589653077
-8.938799569197561
-10.645013954728418
-11.100898607615251
-11.161455220888794
-9.644922025658527
-8.350128979618095
-10.318321780322053
-11.727188386177412
-9.830926554663375
-9.709494920843927
-10.64692079588444
-9.029712634444856
-10.530597071558189
-11.117577842048563
-11.260363545412497
-9.014971449752409
-8.366131944797782
-7.4640064145666685
-11.166027241037739
-9.149215901601368
-11.316794193088706
-9.175673003147715
-10.786367393264694
-11.02275508324973
-6.217557738501203
-10.426269573058779
-12.06837286716211
-9.312985838705675
-9.025992787650631
-8.943619734223223
-8.639304880680333
-8.598721966478006
-8.5968628326453
-8.390977842048564
-8.090649775502536
-7.850839272152946
-7.867372944528443
-7.682807628033929
-11.002623178573705
-10.164672035137269
-10.265891645616971
-7.3280134606027945
-7.350926062542636
-9.205198892965228
-12.184381980901744
-10.471362709342982
-10.849969352323791
-11.184676772354821
-11.130403043884375
-11.1260970345979
-10.6027706348845
-10.849969352323791
-11.038517420733882
-12.405529493502634
-9.870744827334626
-10.798452207263272
-14.043394193088705
-6.576434786529389
-7.760590651512917
-7.226894193088706
-8.390977842048564
-9.261134283205779
-12.2697
-8.979648431628029
-8.497742670021768
-8.561306821666658
-8.182767794019354
-12.029634786529389
-11.448911613822588
-9.771440599307587
-11.362953168845582
-8.024461027800088
-6.398750759940148
-7.629056842129569
-10.022490797029695
-10.60990413885318
-10.596247798124448
-10.899922749582787
-8.900488006315614
-9.235446380139923
-10.375849877185832
-12.147132361574668
-10.63933000387049
-10.786244070274538
-9.733501195641763
-10.246154029018527
-7.980583648959858
-11.619240593440683
-11.859305806911294
-9.147695814329479
-9.924606821666659
-7.5195540290185265
-10.60454596954954
-8.80137203513727
-9.410982579266117
-8.809891227686604
-7.744762709342981
-12.029634786529389
-7.928010172366368
-9.595694622459211
-9.447617376453646
-11.727188386177412
-12.04970700255306
-11.619240593440685
-10.558386993792661
-10.160541957931521
-10.302953624401084
-9.149977411246125
-9.127547696290813
-8.74378911917552
-8.326148845515077
-8.230134180296997
-8.170984844601623
-11.02751883200479
-7.90337635487685
-10.226114167631177
-8.181204880032421
-10.369838925382572
-12.070483648959858
-12.04970700255306
-11.156918235721204
-10.781430436709803
-10.287349640312305
-9.757245636067916
-6.696344070274538
-10.05371876649891
-9.836616326609303
-11.302350507377682
-8.517832351087758
-12.029634786529389
-10.015875379970073
-8.434855220888794
-8.74494138746106
-11.399247595993742
-9.953494193088705
-9.533701807954628
-9.018988825300667
-8.97976274259801
-8.555136410216008
-8.223722924720263
-7.976369583716921
-12.2697
-8.67674500796723
-11.161455220888794
-10.015875379970073
-10.877512628577954
-10.173279287024027
-8.311917420733883
-9.620808654364078
-11.208846400351979
-8.691313460602794
-10.934437385179358
-9.881132351087759
-9.246604138853183
-9.297143457651513
-10.190606414566668
-11.727188386177412
-11.727188386177412
-10.526375215821009
-9.48666935232379
-10.936769408909713
-11.97320413885318
-10.375849877185832
-11.619240593440683
-11.134740599307587
-11.282294706973245
-10.936769408909713
-9.860536407770164
-12.524755220888794
-9.264823227645177
-11.161455220888794
-9.713428979618095
-9.201702410852285
-8.319364986443741
-10.400523183364943
-9.352402841509193
-11.117577842048563
-12.602515809261693
-10.063815029752403
-11.187049816281794
-10.960614524063898
-11.62919164561697
-8.67949245450835
-8.1798
-9.918994706973244
-8.8452494139775
-7.4474499278620385
-10.575066228225975
-10.352163772014388
-8.858141107325222
-9.646330049311835
-11.816486647597054
-7.7843958143294785
-11.310902864210828
-9.57973479718753
-9.070916989931444
-11.542528447759672
-12.2697
-12.804856566851441
-6.658888189434427
-10.66633478652939
-11.938366228225975
-8.354089353362252
-8.959423835300552
-10.877512628577954
-7.170463545412497
-10.400523183364943
-11.727188386177412
-10.728715973410758
-11.948604068330937
-8.667228119553915
-9.789115752675771
-8.338404365455073
-9.62216042131468
-10.372134248686498
-11.24916709701596
-10.759086507215105
-9.264823227645177
-12.181824423286942
-11.316794193088706
-9.432690358946388
-11.025670887528323
-12.071542815862834
-11.599826602795735
-8.68641737166241
-9.675217420733883
-8.350128979618095
-12.365923178573704
-10.32938890006195
-11.448911613822588
-6.587370100766474
-8.380914024674874
-9.573469408909714
-9.897063545412497
-8.892640593440683
-11.553906414566669
-6.127829034556472
-7.340864295885542
-11.161455220888794
-10.164672035137269
-6.896915281556197
-12.2697
-12.135219008593605
-7.812691407923971
-11.62919164561697
-10.085611613822588
-11.859305806911294
-10.877512628577954
-7.883304138853182
-9.365415973410759
-7.93973478652939
-8.652575379970074
-9.798155220888795
-8.203969627997157
-7.7211044448443
-12.029634786529389
-11.859305806911294
-11.619240593440683
-9.733501195641763
-10.139826137886487
-9.343883648959858
-10.217729034556472
-10.347538172962446
-10.739783093150654
-11.448911613822588
-10.316132965750922
-9.503041095881754
-10.413256441157214
-9.675217420733883
-11.208846400351979
-10.254954625407372
-10.115981022732303
-10.194151776460833
-11.04596498644374
-11.609454029018526
-7.910847415107343
-11.90546478266817
-12.240812628577952
-11.684920249394501
-12.094212909761422
-10.628123227645178
-10.728715973410758
-8.718696223475735
-8.710151811350977
-10.686407002553057
-8.66999940383649
-8.641431514914112
-11.316794193088706
-10.774282579266117
-10.686407002553057
-7.554641998711648
-7.067010749073502
-10.739467095788942
-11.316794193088706
-8.131771545827755
-10.426269573058779
-11.859305806911294
-11.117577842048563
-10.340666834711383
-11.448911613822588
-10.936769408909713
-6.658888189434427
-10.798452207263272
-8.55013528897046
-9.301064489645618
-10.542484909016698
-10.270525902506012
-10.86939231384984
-7.085378580309449
-8.908643558620371
-8.084317376453647
-9.798155220888795
-8.602155684097127
-9.758522115902297
-10.08984523896512
-10.047284426841696
-10.509934070565956
-8.434855220888794
-11.076728979618094
-9.567269627997156
-10.467118435489247
-10.961588596672712
-10.60990413885318
-10.686407002553057
-9.595694622459211
-8.944157738501202
-9.004151528328553
-9.033455999920847
-9.088828635750037
-10.296789455871153
-12.2697
-8.82001682988396
-9.284194047825798
-11.276735288970459
-9.195086993792662
-10.349268540488806
-9.240659520414297
-11.002623178573705
-11.17995902892993
-9.114649816539355
-9.35757382343626
-10.363888386177411
-10.66633478652939
-11.649610002350398
-11.334828287763534
-8.517832351087758
-11.34841138679572
-12.96981651337844
-10.47520874452314
-11.694927366498359
-9.618786773057675
-11.536491227686605
-8.583716942671494
-8.577309786846346
-10.00350615641602
-10.907882037487667
-10.08984523896512
-9.281713954728417
-9.73965799635996
-11.955528985484998
-10.199509945764476
-10.388058014174566
-9.28362079588444
-11.038517420733882
-7.509926602795735
-7.815564782668171
-7.93973478652939
-9.264823227645177
-10.04971737166241
-11.28589978459878
-10.093059179532446
-9.905301979084916
-9.156875434908452
-10.231770965443529
-9.62216042131468
-8.706970166987771
-10.25990096718484
-9.483984206373794
-8.662526432146361
-7.104326554663374
-7.1189464003519785
-11.859305806911294
-11.117577842048563
-9.57973479718753
-10.139826137886487
-6.986828979618095
-10.131770589579466
-9.717389353362252
-10.020166983746467
-11.260363545412497
-10.177475156089145
-8.75894641101012
-9.886395262782447
-10.015875379970073
-11.161455220888794
-9.789115752675771
-12.332081186881368
-9.845546400351978
-10.611701025413506
-8.131498637933005
-9.918994706973244
-11.105024573212585
-11.503937753732812
-10.641218597711632
-9.561134094674827
-11.161455220888794
-9.598938869848652
-10.130172549021808
-9.810116711897216
-11.448911613822588
-10.66633478652939
-8.350128979618095
-6.438035358139232
-7.865628985484999
-10.363888386177411
-9.044830230198237
-8.737301621240773
-9.678929493502633
-11.080702688054426
-9.474764661797678
-10.490114478033417
-11.177001363678599
-10.75106102780009
-11.379175379970073
-8.041322466779286
-7.500359249529403
-7.920320795884441
-10.296789455871153
-8.350918937930317
-9.468124141977322
-9.61209660394099
-8.677430675290159
-6.8165
-7.673923183364942
-12.154397160292126
-11.802875159235086
-10.641218597711632
-10.9064
-10.550275888230416
-8.955021780322053
-11.980424638916084
-9.146179619730919
-7.7843958143294785
-7.75478596122269
-11.117577842048563
-11.78956957305878
-12.04159627753781
-10.500926458376028
-9.82613240970703
-10.778949184069035
-7.559710002350398
-7.773863095218551
-10.24324932817775
-10.15627368627999
-9.32106888120422
-10.426269573058779
-10.849969352323791
-11.002623178573705
-9.754277842048563
-8.094994820836087
-8.079299772973132
-7.9746923200819815
-7.567657419223063
-9.484788472289422
-9.331951762374912
-8.63169892879043
-8.293698331941886
-9.592468054979804
-10.148815696829722
-8.188748386962605
-9.477059289219733
-10.654610172366368
-11.679432965750923
-13.39293478652939
-12.680094193088705
-7.623246455290356
-9.228928985484998
-9.585748962599531
-10.575066228225975
-10.255940593440684
-8.189650709210673
-8.138083399043818
-10.707183648959857
-9.962442580051311
-9.945262649040863
-12.680094193088705
-8.266008278758367
-9.150434787605045
-10.079720284944713
-12.114361027800088
-10.560033931341883
-11.053507428152066
-10.058488993832785
-8.880432456451949
-8.564699803257016
-9.845546400351978
-10.728715973410758
-10.173191227686605
-10.575066228225975
-9.812444963686994
-11.609454029018526
-11.894368030353148
-10.483121400668935
-6.708552207263272
-7.446591227686604
-8.96787899565741
-8.959423835300552
-8.890277022768174
-8.61857259998037
-8.492197452528265
-11.62919164561697
-7.96740964933086
-7.686656441157215
-8.793808180663632
-9.603183143702386
-11.002623178573705
-9.27603000387049
-10.324389557087684
-7.381641387461061
-7.686656441157215
-10.352163772014388
-10.64692079588444
-11.358489479776523
-10.795990358946387
-10.952558975756876
-9.301261224542653
-8.820104124195534
-8.74725267341706
-8.368163074292923
-8.554021393564094
-11.859305806911294
-11.562809945764474
-11.448911613822588
-7.926464287239648
-9.014971449752409
-11.379175379970073
-11.271227587233346
-10.635570793355036
-11.379175379970073
-11.619240593440683
-10.66633478652939
-8.482246400351977
-9.147695814329479
-9.211766228225974
-9.801810008217302
-11.18897069373053
-9.576593815459322
-9.737598607615253
-11.727188386177412
-12.742475379970074
-7.176414084617657
-7.2292672370156765
-11.941759209816333
-7.675184256615233
-8.089377865953933
-9.741724573212586
-9.164635358139233
-9.675217420733883
-10.510995814329478
-10.265891645616971
-10.022490797029695
-9.48666935232379
-12.972754029018526
-11.900683542683922
-12.186950634245921
-11.698301014755364
-7.443168827017601
-8.67949245450835
-7.108190018076326
-9.91343528897046
-11.90546478266817
-9.460350634245922
-10.02918096614638
-12.332081186881368
-11.859305806911294
-11.619240593440683
-10.236526602795736
-10.774282579266117
-12.029634786529389
-11.619240593440683
-11.420024242400542
-10.426269573058779
-8.382579493191285
-9.741724573212586
-8.980792535688733
-10.316435752011913
-10.64692079588444
-11.299293204648142
-7.931308641438815
-11.938366228225975
-10.173191227686605
-9.135673600930646
-12.186950634245921
-10.296789455871153
-11.727188386177412
-9.313990204794155
-11.589414167631178
-10.300927251230366
-10.06653195268842
-11.50312613788649
-10.8710632660422
-9.862564059297036
-6.830549509478498
-9.947602864210829
-11.260363545412497
-10.496005806911294
-9.132705806911295
-11.703966834711384
-10.628123227645178
-7.233443088754271
-8.988863772014389
-12.029634786529389
-11.316794193088706
-7.2388556840971265
-11.802875159235086
-8.680870973564565
-8.42581575267577
-10.774282579266117
-9.619123369834801
-10.798452207263272
-10.467118435489247
-10.352163772014388
-11.870524593475315
-9.705586829643597
-10.575066228225975
-10.45733187106709
-11.24443235108776
-10.585304068330938
-11.316794193088706
-10.66633478652939
-11.379175379970073
-9.48666935232379
-11.52797203513727
-10.227053222018636
-10.44498226226884
-7.31619245450835
-10.75106102780009
-11.353428990276235
-7.75478596122269
-11.24443235108776
-10.592228985484999
-9.807334841467766
-9.537208671122123
-6.623661523923143
-7.539291645616971
-12.456031944797783
-13.729223178573704
-7.290592563310169
-7.198006821666659
-12.524755220888794
-10.286310002350397
-11.553906414566669
-12.46419860761525
-9.784647250958278
-7.502335810781785
-9.722978761926647
-9.323107002553058
-7.295890797029696
-11.448911613822588
-7.034483361427102
-11.619240593440683
-11.619240593440683
-8.311917420733883
-10.10824138746106
-9.365415973410759
-6.829973812819626
-6.78479992178136
-9.639323178573704
-11.619240593440683
-9.675217420733883
-9.754277842048563
-5.863594193088706
-7.539291645616971
-9.907927587233347
-9.195086993792662
-10.678296277537811
-8.819406129812096
-10.566667879368696
-11.334828287763534
-10.936769408909713
-11.316794193088706
-11.859305806911294
-11.619240593440683
-9.771440599307587
-10.00286224806851
-10.968781186881367
-10.75106102780009
-10.728715973410758
-12.398128476294485
-8.762896216633772
-11.448911613822588
-8.793808180663632
-7.431343852880244
-9.049956441157216
-10.936769408909713
-11.448911613822588
-11.581077223517534
-11.434291768133985
-11.859305806911294
-11.619240593440683
-11.379175379970073
-11.208846400351979
-11.619240593440683
-11.41301737166241
-9.780212221477964
-10.00286224806851
-8.43942724103774
-8.166626000371002
-8.504363777881293
-8.673328531856239
-9.602200991969546
-7.071555220888794
-10.32938890006195
-10.936769408909713
-9.22028542077531
-9.61209660394099
-10.340666834711383
-9.897063545412497
-10.21865487316136
-10.20763923137369
-11.08467639649076
-8.961637197381675
-9.195086993792662
-8.245479655953817
-8.458076772354822
-11.830418435489246
-10.375849877185832
-11.213801020622268
-10.931495466602042
-9.200041614062952
-11.117577842048563
-11.859305806911294
-10.849969352323791
-11.727188386177412
-11.52797203513727
-8.219592530897497
-7.0234637768056265
-12.380020836663698
-12.332081186881368
-10.388058014174566
-10.75106102780009
-7.778354193873899
-7.405170589579465
-7.685370721504999
-9.531375385836979
-10.57236577352322
-7.970311977040526
-11.859305806911294
-11.053507428152066
-10.995698261419642
-8.24879660394099
-7.291120258235634
-6.910637185809316
-12.623663545412496
-6.576434786529389
-9.754277842048563
-9.646330049311835
-9.043555582413832
-7.286387850265865
-7.9015232276451774
-7.920320795884441
-7.295890797029696
-7.529340593440684
-7.549412809464354
-7.438072035137269
-8.914757970969998
-9.354551931589908
-9.02180502218192
-11.776556441157215
-9.665673559191607
-12.332081186881368
-12.742475379970074
-8.961637197381675
-9.873324673103442
-8.82827927464648
-9.897063545412497
-10.48138596122269
-9.953494193088705
-10.085611613822588
-9.264823227645177
-8.944157738501202
-8.55013528897046
-10.66633478652939
-9.112337628038585
-6.592437751709077
-10.381312410043828
-10.779038216618325
-12.332081186881368
-9.754277842048563
-11.2019788574571
-11.340963821085861
-9.410982579266117
-9.737598607615253
-9.53195613494404
-9.468124141977322
-11.727188386177412
-9.460350634245922
-10.515567834478423
-12.04970700255306
-11.928302410852284
-7.8406086504802746
-9.992021608831397
-9.244812689174267
-10.035947595993743
-10.056724242400541
-9.22200406833094
-8.15943182112729
-10.240358808194944
-11.070222413667313
-7.311392757499388
-8.596144732293865
-10.628412467368811
-10.98546042131468
-9.973974876646464
-11.117577842048563
-9.924606821666659
-7.502335810781785
-9.897063545412497
-11.328755684097127
-11.776556441157215
-12.092015973410756
-10.900508671122124
-9.04610762803393
-9.680831649979885
-12.547976772354822
-8.955021780322053
-10.849969352323791
-11.727188386177412
-8.1132299430359
-11.619240593440683
-11.427115029752404
-9.582892530897498
-7.370444703486542
-7.944291507814826
-9.887983302180196
-7.625563772014388
-8.928226544176464
-9.269411908645917
-8.289407924275121
-7.433857969894332
-9.244812689174267
-8.888706534666516
-6.498856402702376
-11.859305806911294
-10.510995814329478
-9.403919986569713
-9.891705376108854
-12.029634786529389
-6.35372585006693
-9.190173491176973
-8.607008774114716
-9.767103043884376
-11.265770648446253
-11.128344004274012
-11.50312613788649
-8.24746759402903
-12.029634786529389
-10.9064
-9.991390063526527
-10.255940593440684
-10.9064
-9.365415973410759
-9.460350634245922
-8.722311613822589
-11.002623178573705
-10.353325840429003
-9.804565980612407
-10.453462094760516
-11.063844573375736
-11.316794193088706
-11.184676772354821
-11.08467639649076
-10.921390007418184
-8.1798
-7.920320795884441
-8.071852207263273
-12.572146400351977
-7.366459179532446
-11.161455220888794
-9.430238704647584
-11.84468596122269
-6.349675159235085
-9.277918597711633
-10.400523183364943
-7.235241794949353
-9.83575983592982
-10.068110625382028
-9.385488189434428
-9.897063545412497
-9.377825157194522
-8.467626554663374
-11.556563443710274
-11.761309066350853
-11.038517420733882
-9.320697848575765
-11.991423227645177
-11.4871231727068
-9.953494193088705
-8.694058947125086
-11.619240593440683
-9.789115752675771
-10.849969352323791
-12.186950634245921
-11.04596498644374
-11.379175379970073
-11.379175379970073
-11.727188386177412
-10.199509945764476
-11.892799622370616
-10.06025902106191
-11.619240593440683
-9.642816248688884
-12.2697
-11.013164827973204
-10.767219986569714
-11.316794193088706
-11.55126125603216
-8.097050634245921
-9.30303478652939
-10.627014128974595
-9.657716432293322
-8.071852207263273
-7.421392800703957
-8.299830127437206
-7.5195540290185265
-7.7843958143294785
-10.728715973410758
-6.828461491008421
-7.168850996978993
-7.237106216590807
-9.246604138853183
-10.286310002350397
-10.9064
-12.029634786529389
-10.798452207263272
-9.84063289773629
-9.737598607615253
-8.482246400351977
-9.195086993792662
-8.8452494139775
-12.23520051388454
-9.595694622459211
-8.575574347400101
-7.328716218747233
-9.237700607655373
-7.436382808122142
-12.161752207263273
-11.62919164561697
-11.479281022732302
-10.686407002553057
-12.070483648959858
-11.727188386177412
-6.3363695730587795
-9.709494920843927
-11.871267297919715
-11.213801020622268
-9.460350634245922
-11.379175379970073
-9.109484255445267
-12.243848930411156
-8.234663727711377
-12.029634786529389
-8.687812127707128
-11.076728979618094
-11.076728979618094
-7.726586647597055
-10.131770589579466
-12.2697
-8.991190194132038
-10.190606414566668
-8.842523053056397
-9.211766228225974
-11.859305806911294
-12.2697
-11.44669549021028
-12.401817420733883
-12.547976772354822
-9.924606821666659
-9.037223183364942
-6.641012909761423
-7.699669573058779
-6.262263772014388
-8.507444827334627
-11.771430230198236
-8.022188189434427
-9.065606876605035
-8.751124980661428
-10.467118435489247
-11.859305806911294
-10.728715973410758
-10.355890447840698
-9.97110117220214
-10.375849877185832
-7.60278890006195
-9.798155220888795
-10.248098443466185
-11.79303905255649
-11.002623178573705
-11.619240593440683
-10.190606414566668
-7.767927469895611
-10.860833394144642
-10.545373861891099
-9.365415973410759
-13.222605806911293
-11.260363545412497
-10.02582643214636
-12.987495213710973
-7.592380005700773
-6.421095814329479
-5.981091768133984
-11.52797203513727
-9.68266498644374
-10.592228985484999
-8.964972832498338
-10.48138596122269
-10.056724242400541
-9.798155220888795
-10.709514233589799
-9.903993528459178
-10.936769408909713
-9.886395262782447
-9.158883251538045
-8.985737532422208
-8.9684395122828
-8.499264059297035
-8.36008003179438
-9.264823227645177
-9.049956441157216
-11.161455220888794
-10.070991768133984
-9.492076455357548
-7.935800727755222
-9.953494193088705
-10.255940593440684
-9.190336619340886
-9.123453320211107
-8.80306609542655
-8.724090504496308
-8.427612639236095
-8.393945636067917
-8.042729932578007
-7.661704762945456
-9.132705806911295
-9.935993204648144
-10.109781241819745
-10.068829597743818
-10.413256441157214
-10.422335514284612
-10.60990413885318
-10.877512628577954
-8.933489455871152
-10.936769408909713
-9.953494193088705
-10.968781186881367
-11.316794193088706
-8.412510166499462
-12.680094193088705
-11.208846400351979
-11.002623178573705
-10.581871747604513
-10.877512628577954
-6.436475215821008
-7.7997752158210085
-10.869114279720673
-9.644725418986152
-10.730917000900007
-11.830418435489246
-11.44155656685144
-8.43942724103774
-9.860536407770164
-8.752681022732302
-7.491129034556471
-10.240358808194944
-10.76024064837906
-11.076728979618094
-9.855497452528265
-8.590194193088706
-11.161455220888794
-11.859305806911294
-10.265891645616971
-10.217729034556472
-9.30501166204601
-9.983863601998419
-11.256073137745732
-10.48138596122269
-12.945254873161359
-11.002623178573705
-11.74400296720342
-10.686407002553057
-9.30303478652939
-11.038517420733882
-11.52797203513727
-11.379175379970073
-8.00873139047038
-10.255940593440684
-10.496005806911294
-11.52040818066363
-10.188841663134426
-10.707183648959857
-11.399247595993742
-9.845546400351978
-9.845546400351978
-10.9064
-7.575606258749554
-11.038517420733882
-9.930272641622677
-9.342827317426886
-7.980583648959858
-10.653064287239648
-10.308103989611949
-8.271167245472103
-11.117577842048563
-11.727188386177412
-9.243026643574993
-10.02918096614638
-9.514212628577953
-9.849506774096135
-9.943513537969128
-8.523095262782446
-7.7419298155787555
-10.75106102780009
-8.67949245450835
-7.1480706486194245
-11.316202415261149
-10.575066228225975
-10.628123227645178
-6.745712125254342
-10.9064
-9.22200406833094
-10.15710818066363
-7.563879552449736
-10.426269573058779
-10.453186647597056
-11.727188386177412
-10.558386993792661
-11.52797203513727
-10.046244788879788
-10.88603182112729
-9.798155220888795
-9.754277842048563
-8.024461027800088
-8.944157738501202
-8.350128979618095
-9.387761027800089
-9.543099999999999
-9.314593643270559
-10.866617895185312
-7.2553968416484755
-11.547752661070247
-10.199509945764476
-8.071852207263273
-10.9064
-11.134740599307587
-7.874400607655374
-8.467626554663374
-10.764884387220745
-11.344675893854612
-11.161455220888794
-10.575066228225975
-10.877512628577954
-9.182073861891098
-11.223836407770163
-6.635972089253521
-6.556257322320007
-6.462432850760816
-6.4642262736765925
-9.1416541938739
-10.144712605792135
-11.751358014174567
-10.592228985484999
-11.076728979618094
-9.410982579266117
-10.365073719240337
-9.652707924275122
-10.245184211165032
-9.555665956264782
-10.9064
-10.592228985484999
-9.317013566259948
-10.035947595993743
-8.663195820196384
-9.816659028929932
-8.993525793481007
-10.276012809464353
-8.482246400351977
-10.9064
-10.287453704583102
-7.1189464003519785
-8.276023178573704
-7.712975159235086
-7.661458014174567
-10.204720547940877
-10.82365063424592
-9.947602864210829
-6.848117193707014
-10.217729034556472
-10.173191227686605
-9.410982579266117
-8.26566594069322
-6.637282953996774
-6.714004577598337
-10.890049786785035
-7.3893810227323025
-6.3363695730587795
-8.350128979618095
-10.66633478652939
-10.9064
-10.100601621240774
-10.115981022732303
-9.628965940693218
-10.659563756584303
-11.51957368627999
-11.58102903455647
-9.793618235721201
-11.326945982228155
-10.526375215821009
-12.401817420733883
-6.3165228265271605
-8.459974445989554
-9.713428979618095
-7.673923183364942
-6.079527672489477
-7.033201353707496
-7.444022574342429
-7.249216475851827
-9.953494193088705
-9.087139201055935
-7.9015232276451774
-6.745974860411607
-11.379175379970073
