-9.076275159235085
-6.878060002350398
-9.28362079588444
-11.316794193088706
-10.66633478652939
-10.9064
-9.264823227645177
-8.464299279271888
-8.1798
-9.072627842048565
-9.543099999999999
-9.00058838617741
-9.027257885459349
-9.853886017568634
-7.736304370246311
-10.71593367158512
-9.228928985484998
-11.316794193088706
-9.211766228225974
-10.085611613822588
-9.574290593440683
-8.533763545412496
-8.490586017568635
-8.094481980901746
-8.678932611619597
-8.722311613822589
-8.210990593440684
-9.87582470698875
-8.097050634245921
-8.590194193088706
-9.639323178573704
-11.316794193088706
-9.30303478652939
-9.30303478652939
-9.00058838617741
-9.798155220888795
-9.323459217744624
-9.30303478652939
-9.543099999999999
-9.471178982551546
-8.844200256942269
-8.350128979618095
-8.512615809261693
-9.845546400351978
-10.375973200175988
-10.164672035137269
-8.955021780322053
-8.76184182447993
-8.596144732293865
-9.798155220888795
-9.00058838617741
-7.860427719234396
-10.164672035137269
-10.9064
-10.085611613822588
-9.897063545412497
-9.343883648959858
-9.343883648959858
-9.343883648959858
-7.978262202272082
-8.022869125296923
-7.937174676878417
-8.502318616375648
-7.90337635487685
-7.746184255445266
-7.804468030353148
-7.305143199366272
-7.342229597743818
-7.982097907164739
-8.652575379970074
-8.892640593440683
-9.953494193088705
-8.123369352323792
-8.722311613822589
-7.60952984954379
-8.220226442988945
-7.273181198615176
-7.545343558620371
-9.132705806911295
-9.543099999999999
-10.255940593440684
-10.255940593440684
-8.434855220888794
-10.085611613822588
-9.435152207263272
-8.7043644927425
-8.614363821085862
-8.590194193088706
-10.255940593440684
-10.255940593440684
-11.316794193088706
-9.460350634245922
-10.363888386177411
-9.11808596122269
-9.45064968875002
-10.9064
-9.675217420733883
-8.768470589579465
-7.368711840463592
-9.09456653146868
-9.814355806911294
-8.80137203513727
-10.9064
-10.9064
-10.496005806911294
-9.953494193088705
-9.953494193088705
-9.049956441157216
-8.06105003381875
-8.123369352323792
-10.66633478652939
-9.387761027800089
-8.136155267230345
-9.897063545412497
-9.605481186881368
-9.984684786529389
-9.953494193088705
-7.9338434576515136
-10.104717393264695
-8.8452494139775
-10.085611613822588
-10.085611613822588
-9.543099999999999
-8.590194193088706
-9.11808596122269
-9.543099999999999
-9.28362079588444
-9.573469408909714
-7.865628985484999
-8.892640593440683
-8.434855220888794
-8.752681022732302
-10.64692079588444
-8.892640593440683
-9.460350634245922
-10.66633478652939
-9.049956441157216
-8.300555708002497
-8.73502878287511
-9.798155220888795
-8.590194193088706
-8.590194193088706
-10.309914489809048
-10.085611613822588
-8.123369352323792
-7.673923183364942
-7.920320795884441
-8.80137203513727
-8.45713021153422
-8.301282178850913
-10.164672035137269
-9.460350634245922
-8.334547194372355
-8.722311613822589
-8.988863772014389
-9.953494193088705
-8.912712809464352
-10.059083114112987
-7.9338434576515136
-9.48666935232379
-7.637288386177411
-8.276023178573704
-9.410982579266117
-8.533763545412496
-9.195086993792662
-8.80137203513727
-8.412510166499462
-8.390977842048564
-8.590194193088706
-8.892640593440683
-7.939932177318742
-8.535380497716103
-9.410982579266117
-9.754277842048563
-9.675217420733883
-8.434855220888794
-9.543099999999999
-8.760523172706801
-9.343883648959858
-8.409011936723392
-9.147695814329479
-8.80137203513727
-8.528405376108855
-8.1024813545703
-9.283929007087284
-9.30303478652939
-10.9064
-8.882854029018526
-9.543099999999999
-8.153738761233505
-9.897063545412497
-9.845546400351978
-9.132705806911295
-11.316794193088706
-8.776526137886488
-8.326907428152067
-8.614363821085862
-7.687300700026486
-8.156578448533972
-10.496005806911294
-10.019552903455647
-8.711413321787496
-8.1798
-7.31619245450835
-8.319364986443741
-7.970104195439103
-7.229869462691285
-7.769405806911294
-8.51003031829816
-10.164672035137269
-10.363888386177411
-10.9064
-8.482246400351977
-7.11403289773629
-10.9064
-8.784692800703956
-10.496005806911294
-10.164672035137269
-10.429947096544353
-9.713428979618095
-9.48666935232379
-10.164672035137269
-8.225958975756877
-8.96608890006195
-8.80137203513727
-8.194790007418185
-10.255940593440684
-10.66633478652939
-10.164672035137269
-9.713428979618095
-10.9064
-9.48666935232379
-8.276023178573704
-8.912712809464352
-9.246604138853181
-9.897063545412497
-8.80137203513727
-7.322421223825387
-9.410982579266117
-8.923010002350397
-9.435152207263272
-8.714956566851443
-8.722311613822589
-9.024758014174568
-8.700515029752404
-7.812373003147715
-8.784692800703956
-8.902591645616969
-10.015875379970073
-9.845546400351978
-9.713428979618095
-9.48666935232379
-8.66588096614638
-8.722311613822589
-7.615206534133903
-8.150912628577952
