-8.571162432107691
-7.918417015473901
-7.957768881204219
-10.112873017342467
-12.39081883200479
-10.40097352675506
-7.170463545412497
-10.60990413885318
-9.754277842048563
-7.697043964910348
-7.223352365973254
-6.3295670610461885
-11.987734283205778
-10.070991768133984
-7.387252601797243
-12.489397034597898
-8.646033062937358
-6.151517027720936
-7.895998394394713
-6.85659955349009
-8.590194193088706
-7.93973478652939
-9.246604138853183
-8.944157738501202
-8.539170648446254
-7.542309869657832
-6.878552348401835
-8.222024579952429
-7.3972231727068
-7.4828609979407625
-10.576760288515256
-8.590194193088706
-7.226894193088706
-7.666412634444857
-7.890524638916084
-13.358435300413928
-10.498973600930647
-7.8060406040988255
-6.436475215821008
-11.862124857388306
-7.065979644027849
-11.034474645093907
-9.190924909939707
-8.070642824867512
-9.39229142319747
-8.839510864410421
-12.007217186963336
-9.31186362377697
-7.352387973574694
-11.328755684097127
-5.988356566851443
-6.642986104761425
-12.963465652774957
-10.349580037369163
-11.78956957305878
-8.613131617379555
-8.468590059623246
-6.90854713459448
-7.226894193088706
-7.455234792396293
-7.109159835929821
-13.870112221477962
-6.5863858387056755
-9.573469408909714
-7.507876995814841
-7.5750197039810905
-8.099630480014735
-7.040503043884376
-10.226740203889483
-11.894803671452998
-10.722853666329247
-7.5823454657819
-9.480164494998725
-9.778230561789481
-10.490579168537685
-6.825448386962605
-6.853134797187531
-10.06040085210036
-6.526252132131901
-7.4640064145666685
-11.648101322746584
-10.33017140101041
-10.534149482465327
-10.725027420629146
-10.499635922044009
-11.23638654395781
-9.573469408909714
-10.240143533619623
-10.558386993792661
-10.153061259404256
-7.226894193088706
-8.502318616375648
-10.850397814682287
-8.8508892544344
-8.733518390047902
-8.319364986443741
-10.592228985484999
-6.912723178573704
-9.39601625526829
-9.622837463889518
-6.738921616172987
-7.6267258404290015
-12.380020836663698
-9.817176144397237
-12.339362229269307
-8.350128979618095
-11.000884341296938
-8.845222088131145
-6.538223227645177
-7.591721780322053
-7.649249877185833
-9.898950419611444
-6.573089172727144
-9.858061960934968
-10.60793384196941
-12.17573098699383
-9.907379624522157
-9.819957498002381
-8.19219233187875
-6.368125571986727
-9.683414921524596
-9.665309542169885
-9.952311228325183
-10.871900513884539
-9.975816475851827
-10.722173656378041
-8.482246400351979
-7.834430197366494
-6.846869408909714
-6.869094622459211
-10.641234367698438
-10.693802883598995
-7.42800821776358
-7.650459425445473
-8.115350173295148
-7.6435843504055345
-8.555694706973243
-7.226894193088706
-5.863594193088706
-8.722311613822589
-6.576434786529389
-6.0637111807603326
-6.348331064067201
-5.973915029752404
-8.150912628577952
-7.837465814912122
-9.675217420733883
-10.022528173058227
-9.361046406218883
-7.226894193088706
-7.1299018186167435
-8.628721608831398
-8.912712809464354
-9.33757374553844
-10.173191227686605
-8.071852207263273
-10.063815029752403
-9.543099999999999
-11.26252046461826
-6.201626544176465
-10.413900349504726
-6.846869408909714
-7.106255135089045
-9.00794002873476
-7.575499569197561
-8.714956566851443
-10.869859012414906
-5.972490062356562
-11.334371275990568
-7.197443210327402
-7.097625568551007
-11.255308271382685
-9.503041095881754
-7.330829511890939
-6.540076354876851
-8.84376768908037
-5.9926849854058455
-7.119475867030518
-10.333311787740238
-10.338053821865133
-9.605481186881368
-11.722596882097726
-10.526375215821009
-9.335485300102578
-11.159182382523133
-12.085473656378042
-12.502410166499462
-7.28147807969288
-7.4640064145666685
-8.827306414566667
-7.07429419416436
-7.841704596424171
-11.265770648446253
-8.390977842048564
-6.392931807282296
-9.049956441157216
-11.316794193088706
-10.703389643094013
-8.704092525030592
-10.265891645616971
-9.543099999999999
-10.400523183364943
-6.870066031482991
-8.654222317519295
-9.691765567653617
-8.366131944797782
-8.753788300389637
-12.243638761233505
-9.798155220888795
-8.123369352323792
-6.092743624447674
-8.925091107013873
-6.422615901601367
-10.388058014174566
-10.181834792396293
-8.147819384620377
-6.832705764862156
-9.581578239642653
-5.93928096614638
-5.912962248068509
-6.26284452112145
-9.37182814749385
-5.937265965901406
-7.825244676759947
-7.287961120457775
-10.66633478652939
-8.176847008007353
-8.462832409707032
-8.354089353362252
-6.5589337980888285
-8.894248567617764
-7.365858324074194
-6.767075442901791
-7.776853372621152
-8.47733289773629
-7.040503043884376
-6.78536139519203
-9.246604138853183
-8.871605396605698
-10.39750752149479
-8.635532583326635
-9.376706559342091
-7.625563772014388
-11.342412611516304
-6.6388159734107575
-9.210077001210848
-11.316794193088706
-11.406092454508348
-9.44259977297313
-12.858370589579465
-9.11808596122269
-8.909658252385741
-6.514645969549539
-7.7843958143294785
-8.334547194372355
-5.897088008548028
-8.344800681451176
-10.189723381342318
-11.202941783775673
-5.920214334659051
-7.708951993128795
-7.562834408900006
-7.888711241886937
-10.779339932274908
-6.8998554811692046
-10.236526602795736
-9.03596479039988
-11.002623178573705
-9.167768030353148
-12.759154614403386
-9.470738157999053
-11.768795337198151
-8.47733289773629
-8.58430286421083
-8.269098261419645
-7.247988106807113
-10.628123227645178
-8.602899035919492
-12.265800647559308
-10.740901268491841
-10.183578751439738
-8.682252709704342
-8.296575973899067
-9.045954380204217
-6.6582080358074425
-6.815612554916773
-6.874293985550972
-5.962330303048315
-8.040619986569713
-6.4506667421105135
-7.175870648446253
-7.462241663134426
-7.629056842129569
-8.555694706973243
-8.097050634245921
-5.925975379970073
-9.98544229344241
-10.008683146466467
-9.382062515368265
-8.590194193088706
-8.031793303145026
-9.554155948644016
-7.964315719626226
-12.04970700255306
-11.370684382076195
-8.38174617332511
-7.226894193088706
-7.125061433376564
-10.9064
-7.991251931589908
-9.780212221477964
-7.8569854207753105
-9.639323178573704
-10.093809114613302
-9.71348819290634
-13.255058078844309
-7.997311217910293
-8.908643558620371
-11.559834676161895
-7.475607324767856
-7.90337635487685
-7.989102841509194
-8.120684206373793
-7.531817903575828
-6.71251258100743
-6.468486993792662
-6.171991132645844
-9.675217420733883
-9.713428979618095
-8.873226602795736
-12.2697
-7.057157583372128
-9.837606877847506
-7.485402805084155
-8.283030049311837
-6.5164266435749925
-6.5164266435749925
-7.964233207676401
-7.524427090824995
-7.163507335551197
-12.548848434913236
-6.9748941185384465
-5.863594193088706
-6.8165
-9.845546400351978
-9.211766228225974
-9.410982579266117
-7.920320795884441
-6.275292383168419
-6.814136429327489
-8.692719812017412
-6.546608360719882
-6.176895498392725
-10.46290437024631
-7.918413954728417
-7.089589315563623
-6.2716248155049
-6.311884256615233
-7.113055071474102
-9.367282849174684
-8.638919039241342
-7.874400607655374
-9.11808596122269
-9.366881747014707
-7.8220004293705045
-6.78479992178136
-10.347883842136717
-10.0074492348795
-10.42155182963389
-9.690207428152068
-9.68164690379565
-6.003159179532446
-10.04004500796723
-9.272270793355036
-10.33230775483185
-7.635109931633654
-10.438552103067416
-6.003159179532446
-7.0900590289299315
-6.6068041954391035
-11.751358014174567
-7.462241663134426
-5.988356566851443
-6.2408309641058155
-9.392333047949034
-12.349863639808433
-8.315629493502634
-7.103364615106239
-7.788967834478424
-7.491129034556471
-6.912723178573704
-6.452264782668172
-7.0784265591398565
-7.226894193088706
-7.7708878443989615
-8.126066731327171
-12.027664489645618
-12.338547146997975
-11.117577842048563
-9.649864827973206
-5.863594193088706
-9.357048155528163
-9.465521616172987
-12.213269352323792
-7.398804144720086
-10.66633478652939
-10.164672035137269
-7.027677842048563
-7.895998394394713
-8.714956566851443
-9.103818435489247
-11.163279794496619
-5.946047595993743
-6.273988386177411
-9.272270793355036
-6.661161027800089
-6.79613182112729
-6.700393655099537
-9.178864782668171
-6.667272603498004
-7.726586647597055
-10.448745157665332
-6.85946719623642
-11.064230918359872
-9.567269627997156
-7.1110068778475055
-7.716754940125265
-9.534284844601622
-7.194633173409653
-7.43050818066363
-12.108360644648052
-7.260727990103222
-7.330124242400542
-7.446591227686604
-7.5195540290185265
-8.024461027800088
-7.446591227686604
-7.1390186163756475
-7.500453222018637
-7.133936407770163
-7.5195540290185265
-6.8076848446016225
-7.31619245450835
-6.869094622459211
-6.389899597994054
-6.834534094674828
-6.82245053920516
-7.215169578925683
-7.613748347968546
-7.4986240382655645
-9.860536407770164
-9.97766382108586
-9.974287922049163
-10.798452207263272
-11.78956957305878
-9.198550869673612
-6.7415241419773215
-6.206889455871152
-11.947849528405513
-6.427199720629702
-8.44867858030945
-10.358700929386213
-8.829173946984898
-8.544627587233347
-9.737598607615253
-10.67548357074122
-7.456978751439737
-9.060343964910347
-8.664536870978496
-8.07892527977507
-7.191278639409633
-9.11808596122269
-9.924606821666659
-7.170463545412497
-6.7073200035569664
-6.721017376453647
-6.971247194372355
-6.375388656861073
-11.380492563310169
-6.228092941842521
-8.052438216618325
-7.565660541555558
-9.004151528328553
-8.79883999848918
-10.236526602795736
-6.035504144720085
-8.197834094674828
-6.204778674073404
-7.456106129812097
-9.215159209816331
-9.037223183364942
-9.485029965257107
-8.750736608284644
-8.079299772973132
-11.97320413885318
-6.354132447542342
-7.027255083253609
-7.968651762374911
-9.432420179508002
-8.911693748789933
-9.323107002553058
-8.219592530897497
-7.018862686650186
-7.104808111149603
-10.333874328083912
-7.699669573058779
-12.128147680855712
-11.780300895104961
-10.744268521172618
-12.39373186945393
-12.638929642211846
-8.704092525030592
-7.518584211165032
-7.961852164058703
-8.760523172706801
-7.888711241886937
-8.633161389325126
-7.002831944797782
-8.818534792396292
-8.026742624716734
-9.478650173295147
-9.739118664319173
-7.665170086943317
-6.6788430818339775
-7.019279493191284
-11.31561240775245
-11.076728979618094
-11.519221540916988
-11.68070949351814
-11.69268890006195
-8.276023178573704
-10.100601621240774
-7.562834408900006
-7.7997752158210085
-10.542164782668172
-9.460350634245922
-12.487444018899422
-7.141576173990451
-7.380240666066484
-6.106032450486287
-10.510995814329478
-8.873226602795736
-10.15627368627999
-6.779214279720674
-7.109159835929821
-9.52559901155944
-7.350196458424212
-8.952832965750924
-8.701943434949879
-11.316794193088706
-7.203672641622678
-8.591379526151632
-8.631889479776522
-8.045319008593605
-9.18496081239309
-8.104824141977321
-7.8285067988808406
-7.846271171477237
-7.436889070373747
-7.808881805501236
-7.654712410043827
-8.354089353362252
-9.26515636278601
-6.813547008007354
-7.926078445800656
-10.21167122543146
-6.770933394144642
-6.971247194372355
-10.136127354506147
-7.625563772014388
-9.30303478652939
-5.973202117363827
-7.352387973574694
-6.260328188303801
-9.473363766147484
-8.792557026346902
-6.7820005138845385
-6.9193777293566745
-9.863682234638222
-7.388602490513383
-7.815564782668171
-9.00058838617741
-11.485546411010118
-10.098934020512461
-8.555694706973243
-8.462832409707032
-9.147695814329479
-6.603902883598995
-7.983763998597066
-7.8001928741505395
-8.390977842048564
-6.99477639649076
-8.099630480014735
-7.682807628033929
-7.928010172366368
-7.929948222107233
-10.242968211379438
-7.257399305613379
-9.22200406833094
-9.28362079588444
-9.742138755577976
-6.267159860954773
-6.574858024832708
-6.208477495268901
-8.442648792452765
-10.078256566851442
-7.209393204648144
-7.989102841509194
-6.0632132911720475
-6.46881601501101
-8.642144493031926
-6.54925714871143
-7.25168088593294
-7.965963803271253
-7.972185300102579
-10.48138596122269
-8.529473137745732
-7.879013731186416
-9.152267834478424
-12.100803691831569
-5.9773164232703975
-8.275003484704495
-9.00058838617741
-7.620938172962447
-8.672647595993743
-8.311917420733883
-8.390977842048564
-7.036197034597899
-9.543099999999999
-11.554856918592394
-9.354551931589908
-9.635850595791082
-10.588756402702376
-10.04073067529016
-10.426269573058779
-7.133936407770163
-6.967414988973147
-7.7211044448443
-7.203672641622678
-10.968781186881367
-7.922233798088828
-7.823620330975194
-8.276636466480037
-11.660089455871152
-7.690530437533479
-7.578708648420489
-6.004209354816075
-10.267700733089512
-6.978597435570253
-8.142514279720674
-6.971247194372355
-7.699669573058779
-9.011535762749187
-11.208846400351979
-9.394632366051152
-8.830851776460833
-6.706336083650965
-11.298718654707688
-7.181327587233347
-7.823620330975194
-8.074324334726109
-7.883304138853182
-7.831786993792662
-8.853504641445701
-7.1189464003519785
-7.848466228225974
-6.79613182112729
-8.627837633905488
-8.84424829002228
-9.526103740112207
-9.784647250958278
-9.589258975756877
-7.024304193791559
-7.421392800703957
-10.510995814329478
-7.74760922284111
-7.671409066350853
-8.752681022732302
-8.185750539205161
-7.104326554663374
-9.649864827973206
-7.276292328953657
-8.787684185508501
-11.859305806911294
-7.529340593440684
-10.035947595993743
-9.367323221744329
-8.952832965750924
-8.762900991382905
-10.190606414566668
-7.639661430104383
-8.173908671122124
-7.209393204648144
-8.299467670329358
-9.483984206373794
-6.574267820098161
-6.912723178573704
-10.861930843332214
-8.577256790407088
-6.906831849695828
-6.202675390628215
-7.661458014174567
-7.4640064145666685
-7.4296736862799895
-9.06296957305878
-10.015875379970073
-7.488360173701114
-7.94568532573455
-6.7235422146814585
-8.38718383618272
-9.924606821666659
-8.412510166499462
-8.923010002350397
-8.17066488868854
-7.529340593440684
-9.38781358338213
-7.736584376715081
-7.565975390628215
-10.469944568144799
-8.311917420733883
-8.076806827533563
-8.245479655953817
-6.080210178233272
-9.492103615323018
-6.406105806911294
-11.234961777641459
-10.182706129812097
-5.895836266713542
-9.474730773360662
-6.971631782672451
-7.031922115902297
-7.769405806911294
-7.31619245450835
-8.408140599307588
-8.873226602795736
-8.590194193088706
-8.216434797187532
-7.810783542683922
-9.649864827973206
-7.249523966727177
-7.390941165050527
-7.580857738501202
-7.037055734773333
-10.067105528579418
-9.79497568454015
-9.908476057552493
-9.808260680072653
-6.200579552449735
-6.375810411835939
-6.0630474209742475
-6.090195955119528
-8.283030049311837
-8.912712809464354
-10.621897902514242
-11.333854533175426
-11.288931028611165
-8.102221616172987
-7.405170589579465
-8.590194193088706
-7.823620330975194
-8.102221616172987
-9.435152207263272
-8.134233394144642
-7.908970793355036
-12.480877842048564
-7.817167148104058
-7.226894193088706
-8.65719839918595
-9.974588106807113
-6.06637368627999
-6.696344070274538
-12.070483648959858
-7.226894193088706
-7.68408778781304
-9.495945697382217
-11.01387432316557
-9.725390470626516
-10.434216989931445
-8.347529569999157
-7.5061190419746575
-7.627890194132039
-6.601221479373624
-7.424691269776406
-7.3893810227323025
-9.363448944023673
-10.989534338767532
-5.931925919175234
-6.511100607655374
-7.32311737166241
-5.9710685162542765
-7.309347595993743
-6.8619807498625
-8.148380591929863
-7.556085578552612
-10.921390007418184
-6.923264827973205
-10.467118435489247
-9.325152164058704
-7.93973478652939
-7.612134366385092
-11.479633852959477
-7.423039738253178
-6.415505183105186
-9.754277842048563
-10.815166484865198
-10.120673837264443
-8.008801993597391
-8.716420284944713
-7.459604359588169
-9.30086782009816
-8.47733289773629
-9.210583263462453
-8.403803043884377
-7.50706863907826
-8.013183093150655
-6.838924531349665
-7.564926544176465
-8.963858864780866
-8.421347250958277
-10.015875379970073
-7.8400678793686955
-9.365415973410759
-12.811251054178722
-9.327204414526546
-8.96608890006195
-9.323107002553058
-11.017077722582254
-11.24771948125317
-9.027460197118362
-8.176494421232617
-9.791362714261323
-8.832632450486287
-9.164635358139233
-9.024758014174568
-9.024758014174568
-10.598701408441269
-8.004312909761422
-9.656998331941887
-10.849969352323791
-7.272413434945224
-10.292949573353063
-6.6388159734107575
-6.846869408909714
-7.435287389369009
-8.06376665598332
-7.305954614403386
-9.522731821127289
-7.137336660179149
-6.37272449613702
-6.3800445681447995
-6.386882838583595
-7.226894193088706
-9.543099999999999
-6.888163606951384
-10.244215979277662
-7.618638854860328
-9.336006721243438
-7.406692733666111
-7.687429215250621
-8.087095291696288
-8.3994970345979
-8.673328531856239
-7.024051943414735
-9.378721559587065
-10.143895388730469
-10.409407628033929
-10.291421761649481
-10.894095205812915
-6.273988386177411
-8.794445484248389
-10.255940593440684
-7.2388556840971265
-8.425367381834821
-9.410982579266117
-7.909350510365363
-9.051977944841022
-10.9064
-6.757384206373794
-8.74725267341706
-6.513225276205183
-10.116186105410119
-9.264823227645177
-8.873226602795736
-10.286310002350397
-7.455234792396293
-7.127374071678861
-10.04279245450835
-8.65059296825182
-11.776556441157215
-9.928340173296386
-11.727188386177412
-7.282733062937358
-7.351656566851442
-7.337215029752404
-7.154532351087759
-7.848466228225974
-8.390977842048564
-6.87039018898749
-7.818773861891098
-9.537237692918488
-7.8569854207753105
-7.612929324914464
-8.722311613822589
-7.038776880366715
-10.05305500650427
-8.80137203513727
-8.67949245450835
-6.928964738827013
-7.714322312642621
-7.697043964910348
-8.150912628577952
-8.071852207263273
-7.226894193088706
-6.059492405380189
-7.226894193088706
-7.226894193088706
-8.847006314288976
-8.210169408909714
-9.675217420733883
-9.076275159235085
-9.460350634245922
-9.926244335117905
-7.413226137886488
-6.686755623193088
-6.793278448533972
-7.275619039241342
-7.920320795884441
-7.831786993792662
-9.410982579266117
-8.047682579266116
-6.273633248507753
-8.094069511118454
-10.75815206942659
-7.838402410852285
-7.807617365795506
-7.963904414526547
-7.695735514284611
-7.393289113932632
-7.965963803271253
-9.543099999999999
-9.897063545412497
-8.308228476294484
-9.07795000151413
-10.448125957126635
-6.677319986569714
-7.249216475851827
-7.66022581046826
-9.410982579266117
-7.920320795884441
-7.573369805508362
-7.788967834478424
-8.8452494139775
-8.097050634245921
-10.14226433076458
-8.512615809261693
-9.546067794019352
-7.167778399462499
-12.029634786529389
-7.732120086631968
-7.226894193088706
-8.590194193088706
-9.06296957305878
-10.62204873599177
-6.879868799566041
-8.741109182061852
-8.396501353707496
-7.493910904985921
-9.381081093407424
-7.795119304537282
-8.729759179532445
-9.959444732293866
-10.22517660026633
-10.471483789653043
-9.656998331941887
-7.739110411835939
-6.557020795884441
-8.627459191152317
-8.831741444046983
-9.567269627997156
-7.067018235721202
-6.892186773057675
-10.00350615641602
-10.999150595791082
-9.707146971961821
-8.860426298590381
-10.309938874380492
-6.95944720002371
-6.378629815578755
-9.195086993792662
-7.578708648420489
-9.066929946802937
-7.995573656378042
-6.29692581046826
-9.122434134991963
-8.150912628577952
-6.013745708497417
-9.394540221678204
-6.1976577871476985
-9.543099999999999
-8.358076396490759
-7.387048490494816
-8.699260877475458
-9.754277842048563
-9.713428979618095
-6.42254726156387
-6.477079175122878
-12.443989353362253
-7.266053828504047
-9.44510325943956
-6.994376481806742
-8.221495286687817
-8.784692800703956
-9.155335580549766
-7.324512127707127
-7.337215029752404
-6.541935300413928
-8.079299772973132
-11.316794193088706
-9.639950412227165
-6.7904387612335055
-7.251063821085861
-6.760069352323791
-9.420938666067388
-11.121822115902297
-7.275002996159647
-8.487201020622267
-9.672853850061372
-9.367282849174684
-6.460644843818164
-10.130731372722735
-11.589414167631178
-12.011025284532034
-11.875815901601367
-12.734633229995575
-6.319891385420495
-10.448264495138119
-8.628962455937911
-6.8712982623256
-8.523095262782446
-7.489281689322437
-8.050055623193089
-6.837593913718408
-12.433008014174566
-9.507497308135116
-10.64692079588444
-6.596507002553058
-6.796417916164109
-10.029854159700632
-9.675217420733883
-10.354494840075898
-9.136579519794036
-6.352372538238466
-9.798155220888795
-7.133936407770163
-10.849969352323791
-6.145958509604793
-10.881975470657087
-9.701162846416834
-7.807617365795506
-11.52712681919476
-7.56152164857266
-6.049926137886488
-8.379667990541508
-10.728715973410758
-7.772373600930647
-8.62056360199842
-8.66588096614638
-8.497236407770163
-6.576434786529389
-7.071555220888794
-6.708552207263272
-8.217162717112469
-7.438072035137269
-11.392710422429868
-9.983863601998419
-9.327204414526546
-8.967207075403136
-8.578128326053786
-7.75478596122269
-13.375755473072994
-11.982243607066206
-12.092015973410756
-9.514212628577953
-7.609981986768649
-13.09048838617741
-6.367709253909915
-8.188748386962605
-7.867372944528443
-7.593918716672717
-7.98270198276581
-7.600002926901823
-9.203367879368695
-9.947602864210829
-11.060100510311134
-10.429947096544353
-10.23330961201551
-10.347757876337884
-10.74067746441918
-7.804468030353148
-9.953494193088705
-8.722311613822589
-8.292880671599232
-11.5801046414457
-10.9064
-9.97766382108586
-11.109179493191284
-7.8400678793686955
-7.663930141637403
-7.142602298453841
-11.198090018076325
-8.942674032444643
-11.888119173750132
-11.448911613822588
-6.588799185799142
-12.081151931589908
-9.508956414566669
-7.515684252711952
-10.226865291952885
-9.600730812429592
-7.93973478652939
-6.520004138853181
-9.674034455970363
-9.016976730164366
-7.002426553705479
-10.117228807529603
-9.921737996802902
-7.98270198276581
-8.342286829643596
-9.871672277355374
-7.7997752158210085
-8.262253402905037
-8.642788815547917
-8.350128979618095
-7.577119570073644
-10.255940593440684
-7.838439786880817
-8.019924042632496
-8.110063766147485
-10.982086773057674
-7.4640064145666685
-10.574152330679693
-10.630533425954965
-7.133936407770163
-8.319364986443741
-8.596144732293865
-6.163520179405402
-6.8165
-6.169008387460036
-7.722470243990162
-9.639323178573704
-8.467626554663374
-9.576593815459322
-7.407575766890461
-9.752082785299825
-8.765298063861078
-7.828692100142238
-5.8871473986801774
-7.363673707553671
-8.892640593440683
-10.534217365795506
-7.4003893495952155
-6.204778674073404
-6.834534094674828
-10.877512628577954
-10.115981022732303
-9.438616083144224
-11.8682541938739
-7.918413954728417
-7.734906320795832
-12.432186829643596
-8.123369352323792
-9.569119938994882
-9.869150949972203
-7.618638854860328
-10.246154029018527
-6.834534094674828
-9.546067794019352
-10.858607506269502
-6.731181980901746
-9.264823227645177
-7.7843958143294785
-8.42581575267577
-9.573469408909714
-10.115981022732303
-7.833433931341883
-10.735997015798697
-8.1798
-9.081804491926112
-8.533763545412496
-9.053830437533477
-8.598541794949352
-9.308184306285614
-8.633161389325126
-8.544627587233347
-8.089377865953933
-8.01428039946692
-6.814136429327489
-9.967055791814223
-8.435135625203948
-8.664536870978496
-8.507444827334627
-7.071555220888794
-6.846869408909714
-6.576434786529389
-8.292883924733374
-6.909168602483928
-6.294346499883333
-8.395222115902298
-8.909861399983267
-8.245479655953817
-6.173058624402724
-6.642997146585845
-7.186282207503637
-7.851859209816332
-8.869419041974657
-7.226894193088706
-6.708552207263272
-9.570361403519879
-11.532038124862774
-7.529340593440684
-6.8165
-8.779844543960522
-10.60990413885318
-8.248131726086529
-8.995870642752521
-9.63758434129694
-8.66520853715056
-9.771440599307587
-7.218020708182652
-6.86301112426216
-7.817167148104058
-7.529340593440684
-6.9208941948900256
-7.351656566851442
-9.51196139519203
-8.823606492688159
-6.765476455357548
-6.0483062362818
-7.553818673472522
-11.241818335066027
-11.316794193088706
-6.689138216618325
-9.186920330975193
-10.254954625407372
-8.074324334726109
-7.2388556840971265
-8.047682579266116
-7.438072035137269
-9.571757987316316
-11.91661040794576
-7.390160580010398
-8.636993594724334
-8.877058808194944
-7.9015232276451774
-8.873226602795736
-7.767927469895611
-8.22276719623642
-8.019924042632496
-6.698765642841115
-6.919730049311836
-7.273693594724334
-8.194790007418185
-9.281713954728417
-10.287349640312305
-9.930272641622677
-9.941769578925683
-8.67949245450835
-9.605481186881368
-8.168075385836978
-7.788967834478424
-8.15943182112729
-11.340963821085861
-9.754277842048563
-8.392671902337844
-7.330829511890939
-6.491800652771022
-10.955768054979803
-8.902591645616969
-7.860427719234396
-7.650459425445473
-6.090195955119528
-5.958425893543263
-7.533300967184841
-7.374761177043698
-8.378424573212587
-9.841122417125215
-8.944157738501202
-9.52559901155944
-7.263528990276237
-7.4819494139775005
-6.770933394144642
-8.168075385836978
-6.814434961397126
-7.4819494139775005
-8.602155684097127
-7.232874938592916
-5.863594193088706
-8.069390358946388
-5.863594193088706
-7.170463545412497
-7.226894193088706
-7.226894193088706
-7.226894193088706
-7.2388556840971265
-9.897063545412497
-7.413226137886488
-6.982894920843927
-6.56085300128365
-8.710586999659567
-7.508972414567974
-9.602200991969546
-8.242181186881368
-7.3196447888797875
-7.037915682153527
-8.26566594069322
-11.379175379970073
-11.161455220888794
-10.60990413885318
-8.1798
-8.383831676246341
-8.009397015798697
-6.676548219785861
-9.702246380227804
-8.592602905178415
-11.05769709525758
-9.608779655953818
-12.476663776805625
-8.374298607615252
-10.004150765807053
-11.161455220888794
-8.637818593401107
-10.935213366838838
-9.52559901155944
-9.990128990276236
-9.149215901601368
-10.44362585006693
-9.994554548169102
-9.037223183364942
-8.868470965443528
-9.293248222107232
-9.138656346116454
-10.426269573058779
-8.338404365455073
-8.094481980901746
-9.713428979618094
-7.207499301902368
-7.11110425037748
-7.02388383618272
-10.585304068330938
-8.939867330834437
-9.634467245472104
-6.917268200994951
-8.903756868506596
-8.123369352323792
-6.398750759940148
-7.649249877185833
-7.914618597711632
-7.94171166204601
-8.912712809464354
-9.211766228225974
-7.693878936921472
-9.785092586569478
-7.959807002553058
-10.199509945764476
-7.769405806911294
-11.670757738501202
-8.362090470626516
-8.79297368627999
-8.512615809261693
-9.62828185781275
-6.182956704719395
-6.9416279641832315
-10.494822842147771
-11.379175379970073
-9.30303478652939
-9.547557288307257
-8.707691768133984
-8.43942724103774
-7.4296736862799895
-8.659523516154596
-9.517038761233506
-11.225976437162645
-10.962238869848653
-7.951696277537811
-6.868124804605715
-9.2394706348845
-9.228928985484998
-8.350128979618095
-9.163075215821008
-8.706970166987771
-8.635074391529512
-5.9994236865913395
-6.3800445681447995
-6.905798261419644
-8.403803043884377
-9.11664363732506
-8.150912628577952
-8.737301621240773
-12.928248284297966
-11.260363545412497
-11.938366228225975
-7.823620330975194
-6.643218028389258
-7.776853372621152
-8.69342424240054
-8.091924423286942
-7.778354193873899
-7.850160288515256
-8.191761491008421
-7.2992264321463605
-9.514212628577953
-8.104824141977321
-9.750063776805627
-7.257263601998419
-7.2388556840971265
-7.726586647597055
-6.770933394144642
-6.053342426252182
-7.005677481116212
-9.019991324883723
-10.631463044087816
-9.025128175904147
-12.582097452528263
-7.085378580309449
-7.144144827334626
-9.564193913718407
-7.642044023529619
-7.542309869657832
-7.226894193088706
-7.7211044448443
-10.9064
-10.927565449959067
-8.96608890006195
-7.957768881204219
-8.040619986569713
-6.9560649864437405
-7.31413067529016
-6.364554766938765
-9.518456902431687
-8.074324334726109
-10.745846483526877
-10.524819173750133
-7.60278890006195
-7.491129034556471
-6.428735580549766
-6.166040593440684
-8.329951515408712
-8.07954964580536
-7.226894193088706
-7.3259101771576045
-9.852993966061836
-9.738833381091316
-8.497236407770163
-11.821186766765795
-6.541935300413928
-9.605481186881368
-9.675217420733883
-6.801591408308512
-9.329263803271253
-8.943082218374066
-8.170110504791467
-9.144667297919716
-11.366162248068509
-6.504072944528443
-11.256073137745732
-10.855376455357547
-8.350128979618095
-8.637634714080079
-6.684382579266117
-9.024758014174568
-10.728715973410758
-8.905912540023381
-6.43618018735867
-7.567719535472751
-7.848466228225974
-9.293248222107232
-6.360991652384978
-10.739783093150654
-10.400523183364943
-10.149639738253178
-9.00058838617741
-6.762766731327172
-8.555694706973243
-8.736543038603783
-9.821376772354823
-8.791187945700912
-10.255940593440684
-7.4640064145666685
-5.863594193088706
-10.66633478652939
-6.125981689322438
-7.226894193088706
-9.496437975391508
-9.678929493502633
-7.002831944797782
-6.841817883459346
-6.708552207263272
-12.555565515919275
-9.565422282763121
-10.570684222642335
-9.880033058343622
-10.400523183364943
-10.66633478652939
-10.75106102780009
-8.789564503297873
-10.415128668131088
-7.062515752675771
-7.031922115902297
-7.619714855417482
-8.150912628577952
-7.337215029752404
-8.776526137886488
-9.065606876605035
-10.11011469584166
-8.578469578925683
-10.75106102780009
-8.512615809261693
-6.568592636554891
-6.366462053213595
-6.359170243990162
-6.518212689174268
-6.902365940693219
-6.580395160273547
-6.9268208366636985
-8.79297368627999
-8.31905682460011
-7.0900590289299315
-7.337215029752404
-7.154532351087759
-8.047682579266116
-6.491971747604514
-6.402416862471895
-12.994040051113354
-9.877034093353375
-9.663855708002497
-11.495070589579464
-10.790853558697586
-9.022099659494383
-12.128184387220744
-5.0478599437239104
-6.22514158541023
-10.03662853185624
-8.940404108809023
-9.720048115927586
-9.688312790800339
-10.413256441157214
-9.392333047949034
-7.4962391567757
-9.13716309521855
-7.718382262268841
-6.948247490283125
-7.067470372946061
-10.989534338767532
-8.964972832498338
-10.190606414566668
-6.259946455290356
-6.604730380123882
-6.24531814824357
-10.248149700817814
-10.770122244139618
-6.963724231007633
-6.752050173295148
-7.5342952137109735
-9.113769487665534
-10.009333062937358
-10.296789455871153
-7.729346902793048
-8.678804396711937
-9.064286756398875
-7.976369583716921
-9.105229815578754
-8.727515056818616
-7.848466228225974
-7.159795262782446
-9.82613240970703
-8.370201195641764
-8.679175848608308
-7.38395267341706
-8.87418233127958
-8.976567279606924
-10.2085494139775
-12.213269352323792
-6.4047751376023685
-9.494798637933005
-8.92197218671714
-7.440614946707689
-9.646330049311835
-6.34846533635878
-8.21580526638162
-11.379175379970073
-11.449374533125031
-10.628123227645178
-6.106032450486287
-11.208846400351979
-11.495070589579464
-11.208846400351979
-11.58102903455647
-8.076806827533563
-7.943695160273546
-7.812373003147715
-6.129960631809981
-9.131227469895611
-11.038517420733882
-10.66102995959861
-8.131498637933005
-6.512870634884499
-7.726586647597055
-10.20410282863712
-12.109824042632496
-11.624195213710973
-7.109645341219165
-7.636105421413889
-7.047458467981542
-7.165105376108855
-8.752681022732302
-6.882179655953817
-6.172659336766206
-7.225888522432566
-6.65362608074258
-7.7997752158210085
-6.621527922813592
-7.551457970969998
-8.291197100604872
-6.760069352323791
-8.743543591901576
-7.957768881204219
-6.97278704873104
-9.22200406833094
-8.795480706259394
-9.064286756398875
-9.28362079588444
-9.798155220888795
-8.015421559587065
-7.907100100907245
-6.836363281667
-7.395646411010119
-9.012549877185833
-7.804468030353148
-9.146179619730919
-9.372697015798698
-9.087824868378865
-8.608570202195365
-7.539291645616971
-11.150177286239359
-7.59944698902278
-8.421347250958277
-6.476767879368696
-7.226894193088706
-7.359011613822588
-7.383181241819745
-10.352163772014388
-6.722026020082899
-11.690458864780865
-9.466873501835114
-9.169797432854596
-7.949443037941992
-11.453145238965119
-8.279516248688884
-5.9619107397848525
-9.492076455357548
-9.460350634245922
-9.754399861896717
-9.243026643574993
-7.831786993792662
-6.331521316315345
-7.404371030150487
-8.242768122371222
-5.966824242400541
-7.181327587233347
-7.456978751439737
-11.117577842048563
-7.073568797698604
-9.861840288655308
-10.968781186881367
-8.928226544176464
-9.358873656378043
-7.712975159235086
-6.7235422146814585
-9.262975882411142
-11.002623178573705
-9.505203063830535
-8.1798
-7.531317468957305
-10.456638981968492
-10.287453704583102
-11.42355902106191
-11.123101353707495
-6.7235422146814585
-8.019924042632496
-11.859305806911294
-11.642480144493387
-9.218571747604514
-9.255643607066206
-8.890119786366458
-11.085076581478742
-10.318728145291267
-7.209644450030975
-5.994233276806906
-7.252916948317535
-7.0580472509582775
-6.042511015458217
-10.282479137243973
-10.557401025759349
-9.743216987671628
-8.502318616375648
-7.4819494139775005
-6.68013492214395
-7.793575434908451
-9.132705806911295
-6.8245474377643935
-7.380872959491836
-11.002623178573705
-11.260363545412497
-11.619240593440683
-8.057232361574668
-7.676448021592752
-8.985391189231766
-6.878881186881368
-6.912723178573704
-9.593756572718346
-9.558090007418183
-6.478438045968949
-6.772305523767286
-7.35532266938319
-9.534045433851723
-11.874334743494318
-9.240523372089203
-7.874400607655374
-6.2228562141303465
-10.686407002553057
-10.255940593440684
-8.8452494139775
-7.071555220888794
-6.206889455871152
-7.691431332311492
-7.226894193088706
-5.932590797029695
-6.058092800703958
-6.398750759940148
-6.602663803271254
-11.020570299653794
-9.971528287763533
-9.639323178573704
-8.017108383715566
-6.520004138853181
-8.032023906328925
-6.505244277516479
-9.440106827533562
-7.016492476017071
-10.936769408909713
-8.015421559587065
-7.929948222107233
-8.045319008593605
-6.841595466602043
-6.7235422146814585
-6.865868054979804
-8.75083756059785
-11.156014995779161
-9.884495220857783
-6.54473470831075
-10.728715973410758
-8.115350173295148
-9.845546400351978
-9.460350634245922
-10.625915347562547
-8.671648039874523
-8.112181433154369
-8.572693204648145
-9.457730721331377
-8.238900991969546
-8.482246400351977
-10.525907973655096
-8.626199459470326
-10.02918096614638
-6.6657330479490335
-8.544627587233347
-9.764515682153528
-8.966670087685415
-9.130784687623562
-8.517832351087758
-9.403452129044634
-6.51535759663903
-12.994502084449104
-12.365923178573704
-7.673923183364942
-7.203672641622678
-7.980583648959858
-6.643218028389258
-6.452264782668172
-7.4296736862799895
-7.491129034556471
-6.66734163254814
-6.60142731065231
-8.208470416177645
-7.445733771103461
-8.722541086831887
-10.328272832498339
-6.773680840685762
-7.5195540290185265
-8.229168054979803
-10.32938890006195
-11.619240593440683
-7.959807002553058
-6.058092800703958
-5.946047595993743
-9.307174001475913
-7.361979407841941
-10.189723381342318
-8.238900991969546
-9.478650173295147
-10.9064
-10.147992800703957
-10.15627368627999
-10.936769408909713
-8.66588096614638
-9.178544829314166
-8.951414563216234
-6.684382579266117
-6.156254029018527
-6.118649413977501
-8.659190797029694
-8.386763776805626
-9.902470648446252
-7.570189455871152
-6.6102837438352555
-7.726586647597055
-12.742475379970074
-8.737301621240773
-8.099630480014735
-7.226894193088706
-11.34798478652939
-5.910201394213905
-8.123369352323792
-11.364001640045434
-10.9064
-10.454631124034254
-11.577865910563645
-9.514212628577953
-9.089886647597055
-6.377218435489247
-6.274462234675835
-12.83484138746106
-12.037582203402055
-10.44498226226884
-7.226894193088706
-9.2394706348845
-6.772030843332214
-5.9454354225800685
-6.846869408909714
-7.008946357147409
-6.1038962834047155
-6.3128950527073915
-6.835756125381467
-7.192394706973244
-11.619240593440683
-8.282677729356674
-7.203672641622678
-11.01743460850081
-8.945397006765004
-11.398567442366756
-6.701197160292127
-6.262263772014388
-8.738061177043699
-6.3106231833649415
-8.15244712930967
-8.80137203513727
-8.408140599307588
-7.198006821666659
-5.889616948317535
-7.0234637768056265
-10.045872054273627
-11.322774938592916
-7.697043964910348
-7.678983672865228
-8.038284387220743
-8.963858864780866
-8.453359028929933
-8.67674500796723
-8.704810625382027
-11.139110166499464
-9.830926554663375
-8.960529482059165
-10.068110625382028
-8.245479655953817
-10.175082014701848
-9.531868986255045
-10.102121708512662
-8.142899510604263
-11.161455220888794
-8.031332366051153
-8.518881197539509
-8.352105855134715
-11.456359179532447
-6.641012909761423
-10.496005806911294
-10.453186647597056
-9.231809278777497
-9.147695814329479
-8.107438157999054
-8.252132239057655
-6.1262584239230256
-8.434855220888794
-7.91972377970742
-8.242181186881368
-6.895222190133143
-6.770111640137392
-6.63640872177123
-6.205622083998331
-6.543800100907245
-7.91708281054469
-8.590194193088706
-9.897063545412497
-8.079299772973132
-6.878881186881368
-10.02617813082428
-9.06296957305878
-9.169340604098826
-7.993408850795671
-7.30869191434439
-11.038517420733882
-8.659302939274962
-7.464890766735832
-6.277313317234141
-6.620038963641858
-8.944157738501202
-9.639323178573704
-7.8285067988808406
-7.580857738501202
-9.595694622459211
-10.056019812017412
-10.286310002350397
-10.24863067059638
-11.703966834711384
-6.078250090895051
-8.617202853631392
-6.229519229509625
-11.04409429399595
-8.189650709210673
-7.089354598546802
-9.772311936723392
-7.611793996345721
-7.740518435489247
-7.067018235721202
-9.589258975756877
-7.673229482834568
-8.207061403519878
-9.845546400351978
-12.240812628577952
-9.809147243563082
-8.378838900549063
-8.531099008382665
-12.974749700817814
-8.8452494139775
-7.508972414567974
-6.171991132645844
-10.457886766765794
-8.113039494205486
-7.831786993792662
-7.8060406040988255
-6.937982178850914
-7.226894193088706
-7.559710002350398
-8.978506534133903
-7.704955980206442
-8.807322574342429
-6.87527396977555
-8.685025893543262
-9.845546400351978
-11.112053344669377
-7.7009867563988745
-7.881512689174268
-10.471362709342982
-9.03596479039988
-9.40828886036581
-9.968666405052774
-7.0724668048520565
-7.383181241819745
-7.743344568144799
-7.049210166499463
-7.947682203402054
-6.322456144324628
-6.587993643270559
-7.337215029752404
-7.446591227686604
-7.3893810227323025
-13.558024141977322
-7.508019761639711
-9.237700607655373
-11.808282262268841
-9.559305764862156
-9.742967990541507
-11.208846400351979
-9.11808596122269
-10.296789455871153
-10.968781186881367
-9.514212628577953
-7.861810261992618
-9.180467148104057
-7.337215029752404
-6.840669627997156
-7.59944698902278
-6.923264827973205
-11.377205083086302
-10.939893815459321
-7.517615979277662
-7.7620507599401485
-8.00873139047038
-6.963607428152068
-7.931892636554891
-9.037223183364942
-7.179138772662217
-12.070483648959858
-7.3567954902102795
-6.218635215899894
-6.721017376453647
-8.971915327817714
-8.00397624983936
-12.62582046461826
-12.229139894528767
-10.280727286284918
-12.420997095257581
-11.984799587397283
-8.421347250958277
-9.897063545412497
-9.143158829161885
-9.354551931589908
-10.635196181721419
-7.509926602795735
-6.85946719623642
-6.816204037150959
-7.066114995779162
-10.66475802483271
-5.863594193088706
-10.056724242400541
-11.35304729666862
-6.298158014174567
-10.255940593440684
-11.117577842048563
-7.152440215811301
-8.416912221477963
-7.8761706348845
-8.524609520987328
-5.95981737166241
-8.063186552365735
-7.815564782668171
-9.632398261419644
-8.528405376108855
-8.539170648446254
-8.245479655953817
-7.860427719234396
-6.752050173295148
-6.14376863907826
-11.921686993792662
-7.366459179532446
-6.5378532971944185
-6.0989416631344255
-7.637288386177411
-9.845546400351978
-8.841327419995988
-10.82365063424592
-11.379175379970073
-5.95289245450835
-12.475405383840565
-10.66633478652939
-9.188544676759946
-11.78956957305878
-5.863594193088706
-8.050055623193089
-7.522473050545807
-7.197443210327402
-8.464266581584326
-9.626302475446034
-9.660597575045278
-8.626199459470326
-6.037883546450958
-10.744268521172618
-8.911692871800968
-9.564193913718407
-9.897063545412497
-11.67383614763581
-10.38682581046826
-9.623515281556196
-8.502318616375648
-7.359011613822588
-12.489397034597898
-9.343883648959858
-9.415738216618324
-7.409990754605126
-7.368711840463592
-8.24879660394099
-8.086842214681457
-6.268097057299534
-8.517832351087758
-6.537483597733653
-9.343883648959858
-7.201399803257016
-10.255940593440684
-11.426402117363827
-9.981996841648476
-6.760069352323791
-8.857210904985921
-9.430238704647584
-10.774282579266117
-10.117686006680488
-9.754277842048563
-8.902591645616969
-6.126904641445702
-8.308228476294484
-8.032023906328925
-8.955021780322053
-9.435152207263272
-8.123369352323792
-7.226894193088706
-9.713428979618095
-10.093059179532446
-9.875915809261691
-8.892640593440683
-6.920788268837828
-8.784692800703956
-7.848466228225974
-7.364332299223719
-7.970311977040526
-12.103083093150657
-6.929681101488123
-8.65653575371423
-9.653420836663699
-5.87858420050689
-9.367813442070844
-8.194790007418185
-10.18471695401459
-12.004372610612426
-9.122434134991963
-9.713428979618095
-9.277918597711633
-9.223727719234397
-8.497236407770163
-10.400523183364943
-8.222111328552124
-9.958249830440915
-12.597860122214236
-12.210386442016128
-11.006015167079598
-8.404668016524965
-8.319364986443741
-9.450825771040446
-6.576434786529389
-10.925962027567127
-9.953494193088705
-6.967414988973147
-6.937618832004789
-7.079210365845617
-7.152805806231795
-8.283030049311837
-8.854429034556471
-7.508972414567974
-10.510995814329478
-8.867524404622927
-10.352163772014388
-6.776441095881753
-7.769405806911294
-7.3893810227323025
-7.446591227686604
-7.2210028642108295
-7.32311737166241
-7.186835288970459
-9.953494193088705
-9.573469408909714
-7.965963803271253
-7.7843958143294785
-7.787439901586123
-7.961852164058703
-10.273974688115512
-9.335485300102578
-9.430238704647584
-12.476663776805625
-10.637447415107342
-11.58102903455647
-6.861060935199219
-10.66633478652939
-7.943695160273546
-11.402618008784316
-7.5352911326458445
-7.279443912652513
-8.787164928166792
-10.592228985484999
-7.635884469082543
-6.104251776460833
-11.536491227686605
-10.936769408909713
-6.180727051163843
-9.029078609397105
-7.2698613893251265
-6.917238036819583
-7.9924640013306165
-8.015425807161638
-8.722644842736806
-7.199356222302528
-10.686407002553057
-10.1238231727068
-6.9293228118147505
-10.849700289075727
-7.894168180674031
-9.675217420733883
-8.23531364398649
-8.331479448301012
-7.128395907672201
-7.067018235721202
-6.765476455357548
-8.835313543371932
-10.728715973410758
-8.831652417106408
-9.798155220888795
-10.139826137886487
-6.16970301850766
-6.497127719234396
-8.793808180663632
-7.769405806911294
-6.645431390470381
-10.417130437533478
-8.122831592260223
-11.406092454508348
-11.62919164561697
-7.769405806911294
-8.799935885136971
-9.713428979618095
-7.711631064067202
-8.944157738501202
-7.123877189790624
-7.54041550150731
-7.93965585389765
-8.795865327898621
-10.105173641389717
-8.004312909761422
-11.425832404866485
-11.439513421777216
-9.61266233775252
-12.284690007418185
-9.544493010547093
-11.859305806911294
-9.61209660394099
-8.862851701224468
-6.028970526018691
-8.47733289773629
-6.760607845919054
-7.687944958895757
-8.323124196959197
-9.514212628577953
-7.226894193088706
-7.823620330975194
-6.905798261419644
-8.311917420733883
-5.932590797029695
-5.893963601998419
-8.866749352378525
-10.107472959491837
-10.450439201055936
-10.204193242268994
-6.3332202376164215
-6.721773698038945
-9.024758014174568
-7.804468030353148
-11.260363545412497
-11.316794193088706
-8.507444827334627
-10.935213366838838
-9.092646902793048
-6.566648222107232
-7.935800727755222
-7.63300566610008
-9.996461389325127
-10.643551483601708
-9.713428979618095
-12.010220795884441
-11.412251654038904
-11.657662704840336
-11.72576911182497
-10.457886766765794
-7.500453222018637
-7.614066834711383
-6.564903692115493
-9.897063545412497
-9.047504314810643
-9.272270793355036
-6.463410407945759
-6.90019152860199
-5.953386538831972
-9.119675187528046
-7.541302084449105
-7.966170136664935
-7.549914843100419
-9.697847194372356
-6.959824196959197
-8.350918937930317
-6.538223227645177
-7.888711241886937
-8.854429034556471
-8.64714335905965
-6.844692093259086
-7.274334714080079
-8.191761491008421
-7.296556422358012
-6.1236805839495165
-6.382315227369581
-9.810116711897216
-7.043405690147366
-7.359011613822588
-6.787612628577953
-6.520004138853181
-6.684382579266117
-9.228928985484998
-6.982894920843927
-9.387761027800089
-7.968030380123881
-10.04279245450835
-10.66633478652939
-6.889501627107678
-8.497236407770163
-7.214009786846346
-7.445733771103461
-11.557451776460834
-6.239483314487663
-8.2604527011836
-7.411526136223053
-6.5294080722468
-7.078887496233731
-7.991251931589908
-9.949716995798347
-10.027184571089728
-12.2697
-9.00058838617741
-8.458076772354822
-11.249166861437978
-11.259825541134516
-8.945235215899894
-9.62216042131468
-7.702306876605035
-8.458076772354822
-6.936530127437205
-9.163075215821008
-6.705108478676283
-10.936769408909713
-8.923010002350397
-7.423039738253178
-8.15943182112729
-7.421392800703958
-7.896181727316809
-12.137582579266116
-11.260363545412497
-9.816659028929932
-6.036296216633772
-7.366459179532446
-7.561791107013873
-6.795845864267261
-7.540942685553938
-6.08003947802532
-5.995193775884881
-10.968781186881367
-8.089377865953933
-8.602155684097127
-9.628965940693218
-11.316794193088706
-9.897063545412497
-9.244615960219898
-6.273988386177411
-5.863594193088706
-9.814355806911294
-11.90546478266817
-8.91681022143784
-11.649610002350398
-6.339006876605035
-11.921686993792662
-6.483477001210848
-8.616216948317534
-10.471855125877797
-10.352163772014388
-10.180964735418005
-10.400523183364943
-9.28362079588444
-7.226894193088706
-11.16009047114774
-7.181327587233347
-7.067018235721202
-7.686656441157215
-8.382579493191285
-8.84270442039345
-8.430318235721202
-9.107211417079604
-10.921390007418184
-7.158243105722135
-8.059644070274539
-8.523095262782446
-8.308228476294484
-7.2881580735007345
-8.864245559025784
-9.754277842048563
-10.027762554772368
-11.161455220888794
-8.80137203513727
-8.326907428152067
-12.554029649109268
-7.883304138853182
-6.88916683848288
-8.390977842048564
-8.783050431642016
-7.027677842048563
-7.226894193088706
-6.872338869848653
-9.492076455357548
-7.844756270009811
-11.34966180683214
-10.045552709704342
-6.627951931589908
-8.076806827533563
-7.226894193088706
-6.558742219485901
-6.280657025734006
-8.066938704647583
-6.103185936988159
-7.995573656378042
-8.99862595743452
-11.78825531354648
-6.273988386177411
-7.334368516254276
-8.558494114870067
-8.241195218848056
-8.517832351087758
-7.886903381956573
-9.378721559587065
-9.167768030353148
-11.161455220888794
-12.197338157999054
-9.150739901586123
-8.047682579266116
-9.211766228225974
-9.463965574102112
-12.812211613822589
-9.211766228225974
-9.57906586233948
-7.539291645616971
-8.242181186881368
-9.33757374553844
-9.076275159235085
-7.036197034597899
-7.226894193088706
-11.161455220888794
-10.340666834711383
-10.063102117363828
-9.875915809261691
-9.789115752675771
-8.350128979618095
-7.263528990276237
-7.295890797029696
-10.246154029018527
-8.121756803890287
-8.350128979618095
-7.359011613822588
-6.736330480014735
-6.457084947693832
-6.279819326620993
-6.061308583697481
-7.006901195641763
-7.740518435489247
-7.221589366157925
-6.419428213601166
-6.998387836359264
-7.337357715297661
-8.284441429401344
-6.842213497625988
-8.517308623793832
-8.532150996978993
-7.226894193088706
-7.009356238553311
-6.757652173641178
-5.978210625382028
-7.719840367102774
-9.713428979618095
-7.226894193088706
-7.226894193088706
-7.128897452528265
-8.350128979618095
-8.533763545412496
-6.698765642841115
-6.13809376815317
-8.555694706973243
-9.675217420733883
-8.659190797029694
-6.859775407439262
-8.95174158541023
-8.622436266713544
-9.215159209816331
-8.086842214681457
-8.62056360199842
-11.649610002350398
-7.206526014215995
-6.978597435570253
-7.708017174919426
-6.7568486354036
-8.12455468538672
-8.21520783147199
-10.35917064275252
-10.190606414566668
-8.496911732092615
-11.952056402702375
-6.6657330479490335
-9.737598607615253
-6.40182875845813
-9.953494193088705
-9.81431417965842
-6.787612628577953
-7.984827922813592
-7.740518435489247
-8.58430286421083
-7.0844469142365165
-6.339800363881064
-8.700515029752404
-9.543099999999999
-10.48138596122269
-7.226894193088706
-8.668578345149761
-9.215159209816331
-8.315629493502634
-6.719256374233294
-6.975104365455072
-10.173191227686605
-9.798155220888795
-6.9243293898431855
-8.434855220888794
-9.163075215821008
-7.364364400662813
-9.30303478652939
-9.897063545412497
-6.173988010313349
-6.015273641389718
-5.863594193088706
-7.468441444046983
-7.194633173409653
-8.412510166499462
-7.226894193088706
-10.742021559587064
-12.432186829643596
-12.2697
-8.069390358946388
-8.150912628577952
-6.470793991239876
-8.927179552449735
-7.085378580309449
-6.862658975756877
-7.351656566851442
-7.244928287763534
-11.599826602795735
-10.078256566851442
-12.332081186881368
-12.161752207263273
-10.798452207263272
-7.872019433817447
-10.44362585006693
-8.210169408909714
-7.779858829161886
-6.179009869657832
-7.403572549021807
-7.11403289773629
-7.31619245450835
-8.622673894111381
-8.914768214547662
-7.165105376108855
-7.690012437791619
-12.664611973148531
-8.771679668802394
-9.43762433472611
-11.78206084852144
-12.354200139730375
-10.094560000785195
-8.561306821666658
-7.587352213130176
-9.024758014174568
-10.139826137886487
-11.092676397967036
-8.374298607615252
-10.936769408909713
-7.441635177288411
-7.849312652483324
-10.728715973410758
-7.390255149139049
-8.097050634245921
-6.229475292463322
-5.973487179317903
-12.670496217904228
-6.3702115647511155
-6.828461491008421
-6.118649413977501
-7.4819494139775005
-7.2698613893251265
-8.150912628577952
-6.32078778781304
-8.760523172706801
-8.933489455871152
-7.302580966146381
-7.597229482059165
-7.4474499278620385
-8.973440316403815
-7.877408725753622
-7.209393204648144
-9.300474676878418
-9.47838472892075
-10.628123227645178
-10.189723381342318
-7.0081274446141215
-11.076334395353454
-9.84544772962978
-7.159795262782446
-11.97132326557184
-7.666412634444857
-8.050055623193089
-9.875915809261691
-9.543099999999999
-12.300069408909714
-12.524755220888794
-8.276023178573704
-8.386763776805626
-7.3717287828751115
-6.876583143702387
-5.863594193088706
-6.438035358139232
-7.468441444046983
-8.123369352323792
-7.257263601998419
-6.529043607066206
-8.590194193088706
-9.019844511558878
-8.142514279720674
-10.04971737166241
-9.675217420733883
-9.798155220888795
-9.103818435489247
-8.74494138746106
-6.7904387612335055
-8.255486773057676
-6.081577554515808
-7.1816180813412265
-6.621527922813592
-9.713428979618095
-7.0900590289299315
-8.335316620948708
-10.286310002350397
-12.432186829643596
-7.131658528355998
-8.944480775883324
-7.404243200783729
-8.330714988973147
-9.78420225006008
-7.559710002350398
-8.578469578925683
-7.529340593440684
-7.381641387461061
-7.9338434576515136
-8.229168054979803
-7.226894193088706
-7.0580472509582775
-8.902591645616969
-8.15943182112729
-8.059644070274539
-9.540147008007354
-6.509335856223131
-6.027641165050527
-9.893307741544742
-9.871259897977966
-7.858704068330939
-8.99846074842979
-7.326981918103181
-10.615311241886937
-8.01539913297896
-7.935800727755222
-7.717025850066929
-7.432180706259393
-7.414037753732811
-8.097050634245921
-11.757118576080982
-7.492054873161359
-7.226894193088706
-7.00388726250685
-6.61940198276581
-6.978986829643597
-6.990789353362252
-6.856292530897497
-7.133936407770163
-7.036197034597899
-6.738921616172987
-7.175870648446253
-6.806228328080668
-6.937618832004789
-6.452264782668172
-7.4819494139775005
-8.43942724103774
-8.29729757504528
-7.955737751709076
-7.295890797029696
-6.810608671122123
-7.848466228225974
-7.309347595993743
-7.94171166204601
-10.115981022732303
-8.892640593440683
-8.064497160292126
-7.27626224806851
-8.892640593440683
-10.190606414566668
-8.13698084068576
-9.096811564751116
-9.365415973410759
-7.209393204648144
-6.9268208366636985
-12.94902385762569
-5.959121223825386
-5.931261787117736
-7.165105376108855
-9.365415973410759
-9.259298394394712
-11.545134792396293
-7.894168180674031
-9.754277842048563
-7.9015232276451774
-8.071852207263273
-8.350128979618095
-8.26566594069322
-9.178864782668171
-8.75580542928191
-7.897834283205778
-7.727965166653271
-8.315629493502634
-7.818773861891098
-6.933997575045279
-7.246150318470172
-11.28341288231443
-8.590194193088706
-8.150912628577952
-8.54189283102171
-6.273988386177411
-9.410982579266117
-6.599782660519296
-7.522473050545807
-8.047682579266116
-7.650459425445473
-9.598938869848652
-8.145859337585465
-8.22276719623642
-7.392505429281911
-5.863594193088706
-8.210169408909714
-7.820384947693832
-8.64955693292599
-8.029033047949033
-6.865868054979804
-8.453359028929933
-9.400284090337015
-8.60518420050689
-8.603365232356769
-6.273988386177411
-10.52017543490845
-6.828461491008421
-9.28362079588444
-10.32938890006195
-9.041014489812925
-10.184540123019913
-11.478502490513383
-8.92197218671714
-8.78223095238707
-7.027677842048563
-10.101361177043698
-9.552048386962605
-8.78223095238707
-10.9064
-8.200893913718406
-6.509335856223131
-6.328527423084281
-8.852581689322438
-8.824661256032158
-6.986828979618095
-9.798155220888795
-8.754241165050527
-7.627890194132039
-7.235241794949353
-9.095420086631968
-9.532566535204822
-6.247360840655951
-7.816846327902668
-9.085770243990162
-11.859305806911294
-9.232422055600178
-8.207061403519878
-6.684382579266117
-9.492076455357548
-7.077965980612408
-6.815612554916773
-10.115981022732303
-7.099532409707031
-6.167028206125357
-8.913734507159091
-8.533763545412496
-11.58102903455647
-9.089886647597055
-6.521621091156786
-6.521621091156786
-9.089886647597055
-9.089886647597055
-9.089886647597055
-8.58430286421083
-9.264823227645177
-10.75106102780009
-9.528656314288977
-12.2697
-5.483257873166046
-7.257263601998419
-6.944928476294485
-9.323311201095237
-11.076728979618094
-6.267862619099212
-6.476767879368696
-8.211286778391443
-11.50312613788649
-7.405490715927993
-10.798452207263272
-8.572693204648145
-7.2210028642108295
-11.52797203513727
-9.23646472956529
-9.974526755201735
-6.596507002553058
-7.1189464003519785
-8.884798443466186
-7.6918274230842805
-8.079299772973132
-6.95009945822155
-7.529340593440684
-8.150912628577952
-9.817176144397237
-6.118649413977501
-8.434855220888794
-8.242181186881368
-9.108062709342981
-6.793278448533972
-9.022296165857682
-9.830926554663375
-9.333404195439103
-9.664218832004789
-6.160149264562808
-6.209007789677105
-9.30303478652939
-6.303112634444856
-6.9452963381684985
-7.552483207013497
-8.818534792396292
-8.902591645616969
-9.739039427262588
-6.306105431047231
-6.1765940607957965
-9.02352581046826
-9.855497452528265
-9.150739901586123
-8.1798
-7.256640694347929
-8.80137203513727
-10.815373203109441
-9.365415973410759
-10.592228985484999
-10.015875379970073
-7.266528436679503
-7.807617365795506
-8.362291890484618
-7.6315494919241065
-7.87087634923081
-8.869419041974657
-6.75471118302015
-6.944928476294485
-7.036197034597899
-8.242181186881368
-7.831786993792662
-8.467626554663374
-7.218662649040863
-7.186282207503637
-6.543053475755116
-9.930272641622677
-10.139826137886487
-9.30303478652939
-8.330714988973147
-8.173030006107268
-9.902470648446252
-11.2534955310618
-7.896915627215151
-8.72009549021028
-9.865618616375647
-10.318321780322053
-9.363231189814819
-5.863594193088706
-6.118558332727082
-7.226894193088706
-10.867726064155796
-10.26689601170545
-9.860536407770164
-10.363888386177411
-5.89017401939565
-8.517832351087758
-9.228928985484998
-8.33592951280342
-8.330714988973147
-8.98585302518902
-7.968030380123881
-8.66588096614638
-11.511292800703956
-9.855497452528265
-6.41056309521855
-9.497533394144641
-9.897063545412497
-10.363888386177411
-8.880915979277662
-6.891682379728423
-7.786829830777711
-8.019924042632496
-9.383224042632497
-7.427177237041658
-7.5205254380423066
-9.049956441157216
-8.652575379970074
-7.051407102850128
-7.801335358139233
-8.695542576206494
-10.078301690978286
-11.038517420733882
-8.63956224806851
-7.022205383840566
-8.533763545412496
-9.897063545412497
-7.541302084449105
-9.500280840685761
-8.115350173295148
-9.543099999999999
-8.102221616172987
-10.871900513884539
-6.813547008007354
-7.049210166499463
-10.217729034556472
-7.228079526151632
-9.35670885079567
-12.742475379970074
-10.170652780641479
-9.804565980612407
-9.948424129708654
-9.514212628577953
-8.80137203513727
-7.040503043884376
-9.080325850066929
-8.977366834711383
-9.268535300413928
-7.295890797029696
-7.726586647597055
-7.0580472509582775
-8.722311613822589
-9.218571747604514
-10.063815029752403
-6.090195955119528
-9.801351924119263
-9.859020213171604
-7.413226137886488
-6.107818496085562
-10.421029948888616
-10.923519224031022
-6.213267330834437
-8.737301621240773
-9.163075215821008
-6.114237293981006
-9.627940112540822
-9.961841794949352
-9.835274728432646
-10.798452207263272
-7.823620330975194
-7.278196077769765
-6.297048915503984
-10.093059179532446
-9.077622312642621
-10.289313804692206
-9.500280840685761
-8.380914024674874
-6.071398386880264
-7.421392800703957
-7.295890797029696
-7.094776772354822
-7.2388556840971265
-10.246154029018527
-6.514645969549539
-6.590413566259948
-9.941769578925683
-5.25610198276581
-7.383181241819745
-5.482013366838839
-11.603658808194943
-11.357220296724218
-8.047682579266116
-10.877512628577954
-8.840622042783142
-10.388058014174566
-7.344391768133985
-6.8062301152193
-6.728624423286942
-8.142514279720674
-7.7997752158210085
-6.078505386766997
-6.930670299653794
-6.175089170549426
-5.863594193088706
-6.780132288268665
-8.458076772354822
-7.097863588118908
-5.863594193088706
-6.089328447759672
-9.535830514216538
-8.79297368627999
-7.314817137589874
-8.074324334726109
-9.649864827973206
-9.870744827334626
-6.963607428152068
-6.963607428152068
-6.912723178573704
-7.251063821085861
-8.92197218671714
-8.583131600392303
-7.018487811474651
-8.645382789761417
-7.8077752731620045
-9.897063545412497
-6.328397596602634
-7.60952984954379
-6.853134797187531
-6.473441614062952
-6.0394751432889136
-9.246604138853183
-9.897063545412497
-8.210169408909714
-7.686218983139529
-6.287014149118606
-7.020970566716703
-10.556744624730722
-7.226894193088706
-9.767103043884376
-9.615432239057654
-7.614066834711383
-8.492197452528265
-6.933997575045279
-7.315504396711938
-7.226894193088706
-6.596507002553058
-9.0695849901184
-6.497127719234396
-10.66633478652939
-9.460350634245922
-7.21458939890162
-8.517832351087758
-8.074324334726109
-7.883304138853182
-6.186112809464354
-7.9015232276451774
-9.564193913718407
-8.051722431319968
-8.168656134944039
-9.941769578925683
-6.963607428152068
-10.035947595993743
-11.70606111892761
-6.079868827017601
-10.413256441157214
-5.5022463632211815
-7.226894193088706
-9.67669945822155
-11.161455220888794
-8.610674876646463
-8.809891227686604
-5.900103030555055
-7.172080497716102
-6.595894829139385
-11.859305806911294
-10.341806534133903
-7.480130445827378
-7.274976528416293
-7.186835288970459
-8.024461027800088
-7.649249877185833
-7.959807002553058
-7.883304138853182
-7.438072035137269
-6.7225309869938314
-7.109159835929821
-6.166040593440684
-9.646330049311835
-11.208846400351979
-8.263275100599776
-7.4019231068236335
-7.388602490513383
-6.649883093150655
-9.335485300102578
-9.628965940693218
-8.44867858030945
-9.953494193088705
-7.995573656378042
-6.214337021581011
-7.178047392321525
-6.923264827973205
-7.395646411010119
-11.088690470626517
-8.883825438042306
-7.071555220888794
-6.811488642055242
-10.383144511558879
-6.872338869848653
-9.11664363732506
-9.138656346116454
-8.55013528897046
-8.204895466602043
-9.845546400351978
-7.31619245450835
-8.444034841467765
-9.450142214681458
-8.577163573705459
-8.434855220888794
-8.512615809261693
-9.216393800724017
-9.514212628577953
-10.467118435489247
-10.707183648959857
-12.114361027800088
-8.737301621240773
-8.655873849042523
-8.655873849042523
-9.870744827334626
-9.953494193088705
-5.993790494534857
-8.957218716672717
-6.555113954728418
-8.590194193088706
-6.779214279720674
-6.87527396977555
-8.276023178573704
-10.181834792396293
-8.134233394144642
-11.208846400351979
-9.387761027800089
-8.23239462245921
-9.101005728692655
-11.859305806911294
-8.852581689322438
-9.129752814918648
-8.1798
-12.631628528216673
-9.365415973410759
-8.655873849042523
-9.870744827334626
-6.963607428152068
-6.963607428152068
-7.449171073455421
-9.089886647597055
-7.795119304537282
-7.179138772662217
-8.094481980901746
-7.455234792396293
-5.978929597743818
-9.573469408909714
-8.416912221477963
-7.044840599307587
-10.575066228225975
-6.7384024809646474
-6.514823796151621
-6.2456651631231335
-8.98308739773685
-6.952329493502633
-6.728624423286942
-10.75106102780009
-8.62306180683214
-7.8060406040988255
-7.984827922813592
-8.126066731327171
-8.528405376108855
-7.963904414526547
-8.042964835841227
-7.530328206125357
-7.179138772662217
-9.754277842048563
-6.711024334726109
-8.11801118302015
-6.840669627997156
-7.796667210431173
-12.2697
-9.081410731116557
-8.847073987585325
-8.323878911742305
-9.363227158839628
-10.236526602795736
-6.8245474377643935
-6.48028068724656
-8.26566594069322
-6.69803813056382
-6.587189195229441
-8.219592530897497
-8.395222115902298
-8.386763776805626
-7.445733771103461
-7.198570970034428
-6.825448386962605
-10.707183648959857
-9.264823227645177
-10.575066228225975
-8.547926056305796
-9.097369072953494
-9.184815321873332
-9.98511138679572
-9.789115752675771
-8.555694706973243
-7.35532266938319
-8.359646966433145
-8.59554697992893
-9.33966958371692
-6.770933394144642
-6.959824196959197
-10.772959296197417
-11.076728979618094
-11.117577842048563
-11.763823183364941
-8.024461027800088
-6.9689448959411475
-6.156933847951616
-12.623663545412496
-7.472909945764476
-6.912723178573704
-6.696344070274538
-7.5195540290185265
-9.30303478652939
-8.382579493191285
-11.379175379970073
-8.75580542928191
-8.863753222018637
-9.953494193088705
-12.572146400351977
-8.96608890006195
-11.316794193088706
-10.592228985484999
-10.375849877185832
-12.30319381545932
-9.54905053920516
-6.521621091156786
-10.307457738501203
-10.686407002553057
-9.306995160273546
-7.226894193088706
-9.155335580549766
-8.839809188867868
-9.30898532573455
-8.878984252711952
-9.870744827334626
-6.963607428152068
-6.521621091156786
-6.541935300413928
-7.31619245450835
-7.7419298155787555
-7.578708648420489
-7.865628985484999
-5.863594193088706
-8.238900991969546
-8.578469578925683
-9.195086993792662
-6.502328985484999
-8.593161987108058
-9.875915809261691
-8.365321439993348
-9.870744827334626
-9.947602864210829
-9.175673003147715
-10.04279245450835
-10.32938890006195
-6.963607428152068
-8.706249444236354
-9.47351935428135
-6.452264782668172
-10.75106102780009
-11.955528985484998
-11.038517420733882
-10.524819173750133
-7.387048490494816
-7.454712604797683
-7.636933248507753
-8.347372396208167
-7.083981630387677
-8.68641737166241
-6.521621091156786
-6.521621091156786
-8.472062310915623
-8.818534792396292
-8.96608890006195
-9.918994706973244
-7.436382808122142
-7.224530622416195
-6.547547415107343
-8.67949245450835
-8.86000590781854
-6.069048218968724
-10.265891645616971
-8.196310094690073
-9.30303478652939
-8.854429034556471
-5.973915029752404
-8.047682579266116
-9.343883648959858
-10.296789455871153
-8.24912932306589
-9.460350634245922
-10.877512628577954
-7.965963803271253
