-8.590194193088706
-12.029634786529389
-10.056724242400541
-7.9015232276451774
-10.093059179532446
-9.30303478652939
-8.720833276806905
-9.754277842048563
-7.93973478652939
-7.851130918807907
-8.66588096614638
-10.035947595993743
-7.621684496873808
-8.939867330834437
-6.982894920843927
-10.400523183364943
-8.123369352323792
-9.343883648959858
-8.279516248688884
-7.5983371973816745
-7.795119304537282
-8.768470589579465
-7.792035580549766
-9.845546400351978
-8.213293815459322
-7.793575434908451
-7.957768881204219
-5.881659752591494
-11.5718494139775
-9.039748021592752
-12.401817420733883
-11.69268890006195
-12.332081186881368
-7.154532351087759
-10.80155209771955
-9.187420722023493
-8.22276719623642
-9.2394706348845
-8.19461099916611
-7.820384947693832
-7.099532409707031
-9.387761027800089
-8.311917420733883
-7.1189464003519785
-9.00058838617741
-7.438072035137269
-12.2697
-12.680094193088705
-11.619240593440683
-10.542164782668172
-8.248131726086529
-8.461878221479267
-8.366943560644104
-9.00058838617741
-9.068255980206443
-8.219909232518944
-10.82365063424592
-11.52797203513727
-10.968781186881367
-8.737301621240773
-9.037223183364942
-8.123369352323792
-7.865628985484999
-9.460350634245922
-9.193444624730722
-12.2697
-10.849969352323791
-10.877512628577954
-12.2697
-8.276023178573704
-8.827306414566667
-7.737705728692655
-8.512615809261693
-8.492197452528265
-8.216434797187532
-11.222936208107564
-11.117577842048563
-6.206889455871152
-7.289275379970073
-12.2697
-10.936769408909713
-10.728715973410758
-10.66633478652939
-9.228928985484998
-8.79297368627999
-7.775356346116455
-8.390977842048564
-9.30501166204601
-7.9015232276451774
-8.590194193088706
-9.108062709342981
-8.961637197381675
-11.639312809464354
-11.859305806911294
-13.222605806911293
-12.401817420733883
-9.605481186881368
-8.156578448533972
-8.25886042131468
-11.619240593440683
-7.109159835929821
-11.859305806911294
-11.448911613822588
-8.814197236973081
-10.66633478652939
-8.59914258005131
-8.704092525030592
-8.727515056818616
-9.365415973410759
-7.944689406799679
-11.448911613822588
-11.316794193088706
-10.352163772014388
-12.029634786529389
-10.375849877185832
-11.448911613822588
-8.642788815547917
-8.717887630595825
-9.312985838705675
-9.185300429370505
-9.534284844601622
-7.862156402702376
-9.717389353362252
-8.502318616375648
-6.708552207263272
-11.379175379970073
-10.75106102780009
-10.217729034556472
-9.264823227645177
-11.727188386177412
-9.959444732293866
-9.713428979618095
-10.968781186881367
-9.343883648959858
-8.818534792396292
-8.741873641389718
-7.972185300102579
-8.512615809261693
-8.071852207263273
-8.382579493191285
-8.778150483671242
-10.265891645616971
-12.524755220888794
-9.068255980206443
-6.982894920843927
-7.760590651512917
-8.354089353362252
-7.991251931589908
-8.706970166987771
-8.293698331941886
-8.885773050545806
-9.983863601998419
-12.2697
-6.273988386177411
-7.895998394394713
-9.159967210431173
-8.097050634245921
-7.661458014174567
-6.661161027800089
-8.873226602795736
-8.729759179532445
-11.84468596122269
-12.480877842048564
-7.841738045968949
-8.628721608831398
-8.533763545412496
-8.63956224806851
-7.405170589579465
-6.557020795884441
-8.827306414566667
-7.170463545412497
-8.672647595993743
-8.799682808122142
-9.505814279720674
-12.010220795884441
-11.874295814329479
-13.09048838617741
-10.558386993792661
-12.812211613822589
-8.990025840429002
-12.029634786529389
-8.818534792396292
-8.847073987585325
-7.685370721504999
-10.453186647597056
-8.032023906328925
-10.64692079588444
-10.453186647597056
-8.913734507159091
-9.264823227645177
-12.742475379970074
-9.675217420733883
-8.798965218354901
