-6.538223227645177
-9.139703867094934
-9.218400652771022
-8.962191833176032
-9.754277842048563
-8.242181186881368
-11.002623178573705
-9.347063998597065
-9.719778355933101
-9.195086993792662
-9.46786337400694
-8.909658252385741
-7.111591353380832
-8.089377865953933
-8.518516606367141
-9.32066209749383
-9.195745219171384
-10.078256566851442
-8.089522077866409
-9.686424196959196
-9.06296957305878
-8.988863772014389
-9.387761027800089
-8.533763545412496
-8.966647723762877
-8.784692800703956
-6.850620680173442
-12.132976737877556
-11.316794193088706
-8.533763545412496
-8.1798
-7.225490275993837
-10.0884306642996
-10.0884306642996
-8.588786731975965
-9.679451045876416
-9.952074918736264
-9.952074918736264
-8.7251157920004
-8.316128684206275
-8.452457508135764
-7.907141192619206
-8.588786731975965
-9.815719974542471
-8.043467842166917
-10.633700100907244
-8.588786731975965
-8.7251157920004
-9.134098817458387
-8.997776801796418
-8.861445817325126
-8.7251157920004
-9.134098817458387
-8.316128684206275
-9.27043745689118
-8.997776801796418
-9.134098817458387
-7.634479158876101
-8.997776801796418
-8.452457508135764
-8.997776801796418
-8.997776801796418
-8.043467842166917
-7.907141192619206
-7.361820253650936
-9.815719974542471
-6.134849936373283
-9.952074918736264
-8.588786731975965
-5.725860041739037
-8.7251157920004
-8.043467842166917
-7.498149561913176
-9.543099999999999
-8.1798
-10.770034922143951
-7.225490275993837
-9.27043745689118
-8.316128684206275
-7.770810686943716
-5.589530025882667
-9.952074918736264
-10.633700100907244
-8.588786731975965
-9.27043745689118
-9.406781951308531
-9.27043745689118
-10.361053231515669
-7.770810686943716
-9.474940975654265
-7.361820253650936
-9.27043745689118
-10.0884306642996
-8.588786731975965
-8.452457508135764
-7.498149561913176
-9.543099999999999
-10.224801988632713
-7.634479158876101
-7.361820253650936
-9.406781951308531
-7.225490275993837
-9.543099999999999
-9.815719974542471
-10.770034922143951
-8.588786731975965
-10.0884306642996
-10.497487844398961
-8.7251157920004
-8.043467842166917
-6.680170193667171
-6.407510093463798
-9.27043745689118
-9.406781951308531
-7.225490275993837
-8.1798
-8.861445817325126
-7.634479158876101
-11.042751045876416
-5.99851995620652
-9.27043745689118
-9.406781951308531
-9.543099999999999
-8.861445817325126
-8.452457508135764
-9.134098817458387
-11.315374918736264
-9.27043745689118
-8.452457508135764
-8.043467842166917
-7.907141192619206
-8.043467842166917
-9.27043745689118
-8.316128684206275
-8.997776801796418
-5.589530025882667
-10.497487844398961
-8.316128684206275
-8.7251157920004
-9.543099999999999
-8.452457508135764
-11.72435323151567
-9.543099999999999
-8.997776801796418
-8.452457508135764
-9.134098817458387
-6.680170193667171
-8.997776801796418
-8.7251157920004
-7.498149561913176
-10.361053231515669
-9.134098817458387
-8.588786731975965
-9.543099999999999
-9.679451045876416
-8.7251157920004
-8.997776801796418
-8.1798
-9.406781951308531
-9.406781951308531
-7.634479158876101
-9.27043745689118
-6.271180101710602
-9.815719974542471
-9.815719974542471
-8.997776801796418
-8.1798
-7.907141192619206
-8.997776801796418
-5.99851995620652
-7.361820253650936
-9.134098817458387
-8.316128684206275
-8.7251157920004
-8.316128684206275
-9.406781951308531
-9.952074918736264
-7.361820253650936
-10.224801988632713
-7.634479158876101
-8.1798
-10.0884306642996
-11.860787844398962
-5.589530025882667
-8.861445817325126
-11.042751045876416
-9.543099999999999
-9.27043745689118
-8.1798
-5.725860041739037
-5.589530025882667
-8.043467842166917
-8.588786731975965
-9.134098817458387
-7.361820253650936
-8.452457508135764
-8.043467842166917
-5.4532
-8.588786731975965
-8.452457508135764
-8.316128684206275
-8.997776801796418
-9.952074918736264
-9.134098817458387
-6.134849936373283
-9.543099999999999
-9.543099999999999
-9.134098817458387
-7.498149561913176
-9.406781951308531
-6.680170193667171
-11.315374918736264
-7.089160323251182
-8.588786731975965
-5.589530025882667
-8.861445817325126
-9.134098817458387
-8.997776801796418
-10.224801988632713
-9.27043745689118
-9.406781951308531
-5.725860041739037
-8.997776801796418
-8.043467842166917
-9.679451045876416
-10.633700100907244
-9.952074918736264
-7.361820253650936
-7.498149561913176
-8.316128684206275
-5.862190039725319
-10.497487844398961
-8.997776801796418
-8.861445817325126
-8.1798
-10.224801988632713
-8.997776801796418
-8.7251157920004
-6.271180101710602
-6.9528301749580095
-8.1798
-5.862190039725319
-8.1798
-10.268290725961025
-6.543840071898324
-8.043467842166917
-10.361053231515669
-10.0884306642996
-9.815719974542471
-6.8165
-9.815719974542471
-9.679451045876416
-8.043467842166917
-7.225490275993837
-6.9528301749580095
-7.770810686943716
-9.679451045876416
-8.316128684206275
-7.225490275993837
-6.407510093463798
-8.1798
-8.316128684206275
-11.042751045876416
-8.452457508135764
-7.770810686943716
-7.225490275993837
-8.997776801796418
-9.27043745689118
-9.679451045876416
-7.361820253650936
-8.997776801796418
-8.452457508135764
-9.679451045876416
-9.815719974542471
-8.043467842166917
-6.543840071898324
-8.7251157920004
-12.2697
-7.634479158876101
-6.8165
-8.043467842166917
-10.0884306642996
-7.498149561913176
-8.316128684206275
-7.361820253650936
-9.406781951308531
-9.134098817458387
-9.27043745689118
-8.997776801796418
-7.770810686943716
-7.361820253650936
-8.861445817325126
-9.679451045876416
-10.361053231515669
-8.1798
-8.588786731975965
-10.497487844398961
-10.361053231515669
-10.633700100907244
-7.634479158876101
