-11.88347543490845
-13.034057738501202
-9.435152207263272
-9.713428979618095
-10.352277610444396
-7.105290059623246
-12.515715752675769
-12.629070648446254
-8.097050634245921
-7.980583648959858
-10.774282579266117
-10.99553819824538
-11.316794193088706
-8.533225541134517
-6.576434786529389
-11.739273200175989
-6.596507002553058
-7.614750391070371
-7.237045982228155
-7.27626224806851
-11.34798478652939
-8.390977842048564
-7.1189464003519785
-7.226894193088706
-9.675217420733883
-7.158738931249475
-7.23129182962349
-7.7843958143294785
-10.542164782668172
-10.798452207263272
-7.1189464003519785
-7.226894193088706
-6.576434786529389
-7.61134047379028
-8.325391233553509
-7.93973478652939
-7.743344568144799
-7.080272464507774
-7.642282811057428
-6.901681857812751
-8.187547425765484
-10.044367517936195
-6.576434786529389
-11.243714517278235
-7.363767251174797
-7.062515752675771
-8.96608890006195
-10.363888386177411
-6.760069352323791
-7.980583648959858
-8.210169408909714
-7.37880317179274
-7.21169699614306
-11.260363545412497
-9.52559901155944
-7.1189464003519785
-7.831786993792662
-12.480877842048564
-12.592218616375648
-9.544177042535804
-12.096418028389257
-9.363227158839628
-12.070483648959858
-12.72946224806851
-12.698128287763533
-7.620132395513249
-7.221589366157925
-12.692055684097127
-12.469137259814316
-7.60278890006195
-8.533763545412496
-7.883304138853182
-6.576434786529389
-6.872989858003492
-7.225120631101969
-7.685756144324627
-6.986828979618095
-6.760069352323791
-7.404610784625186
-7.354734565369425
-8.29477580934058
-6.997583388318146
-7.695343542295997
-7.484779904938878
-7.442571935533297
-7.363245238965121
-10.286310002350397
-11.97320413885318
-12.440028979618095
-13.20798596122269
-8.579530248388137
-8.739583218157419
-10.60990413885318
-9.58606719623642
-11.545134792396293
-11.751358014174567
-7.347940382474279
-7.596786975560855
-6.869742051356067
-7.840735380755269
-7.735923635822558
-7.7519048184707335
-7.579137842833759
-7.580319734223222
-7.62754064753101
-7.6077247455017405
-9.153181826247906
-13.642336845732421
-6.576434786529389
-8.826581883073743
-10.575066228225975
-6.576434786529389
-6.564903692115493
-10.04971737166241
-7.9015232276451774
-13.663369408909714
-10.798452207263272
-5.881628287763533
-6.786469277490687
-10.936769408909713
-10.190606414566668
-12.243638761233505
-8.390977842048564
-14.254572035137269
-6.576434786529389
-8.006076347154915
-11.495070589579464
-10.291526544176465
-11.260363545412497
-6.010701621240773
-11.316794193088706
-9.259298394394712
-8.412510166499462
-9.021069069735168
-7.815564782668171
-9.435152207263272
-9.228928985484998
-10.9064
-6.878881186881368
-7.170463545412497
-9.860536407770164
-10.375849877185832
-7.458727862511473
-10.246154029018527
-7.5215958320126965
-11.002623178573705
-10.085611613822588
-6.576434786529389
-10.66633478652939
-8.533763545412496
-6.948617420733883
-8.590194193088706
-8.831741444046983
-9.667862373762738
-11.52797203513727
-10.147992800703957
-8.722311613822589
-8.252132239057655
-9.771440599307587
-11.208846400351979
-9.750063776805627
-12.092015973410756
-11.69268890006195
-10.147992800703957
-6.760069352323791
-13.012910002350397
-9.611888820574643
-10.48138596122269
-11.52797203513727
-8.590194193088706
-6.576434786529389
-6.986828979618095
-8.382996593361531
-7.73420853206783
-7.363543475297924
-7.629173633463842
-7.486337873849923
-7.6428802015502235
-7.4480517598561
-7.8400678793686955
-7.0213679386271455
-7.5229609563560125
-6.7360719889968
-6.884499566937744
-7.354440732277944
-11.208846400351979
-9.953494193088705
-10.575066228225975
-13.663369408909714
-11.076728979618094
-11.208846400351979
-11.08688352605263
-10.234199210171564
-12.735933062937358
-13.002612809464352
-13.012910002350397
-12.524755220888794
-11.90546478266817
-7.4677296030629154
-9.211766228225974
-9.675217420733883
-11.117577842048563
-6.912723178573704
-11.619240593440683
-8.96608890006195
-11.379175379970073
-7.666412634444857
-7.527370296556914
-7.3442473775303725
-7.557429204454086
-12.029634786529389
-12.891272035137268
-8.784692800703956
-8.768470589579465
-8.892640593440683
-9.897063545412497
-8.700515029752404
-10.9064
-7.831786993792662
-7.27626224806851
-6.8958988458264265
-9.385488189434428
-12.32229462245921
-7.513182393740351
-8.533763545412496
-9.177266742110513
-8.006518028389259
-7.358271983911064
-7.274783911052826
-7.661458014174567
-9.323107002553058
-9.049956441157216
-9.440106827533562
-13.432006548712149
-10.265891645616971
-7.769405806911294
-12.332081186881368
-13.455315973410757
-7.43900316841074
-11.649610002350398
-6.576434786529389
-10.340666834711383
-11.900683542683922
-12.246478448533972
-10.496005806911294
-10.426269573058779
-9.029712634444856
-6.661161027800089
-8.652575379970074
-10.774282579266117
-11.260363545412497
-10.592228985484999
-9.103818435489247
-9.798155220888795
-11.208846400351979
-10.82365063424592
-6.1759916456169694
-7.733790253232222
-7.0580472509582775
-6.943092587483418
-7.723702162826605
-7.93973478652939
-9.605481186881368
-7.192953530674171
-10.542164782668172
-7.883304138853182
-10.022490797029695
-9.301064489645618
-7.694038839989326
-7.719061635455464
-7.202535131825758
-7.44036016351484
-7.543117334722881
-7.275233449083018
-11.50312613788649
-9.953494193088705
-11.038517420733882
-9.415738216618324
-9.48666935232379
-7.72699986641144
-11.109179493191284
-9.092646902793048
-7.949886575668839
-7.309960403018101
-9.522731821127289
-10.100601621240774
-7.3471419013456
-9.61209660394099
-11.883458370805917
-13.564582417920612
-7.715267147146164
-7.6304598609547725
-7.1169761034682075
-7.358345905337863
-8.482246400351977
-12.485122115902298
-7.357238051835853
-12.623663545412496
-11.619240593440683
-11.39248096614638
-13.166175159235085
-11.74676820388508
-11.260363545412497
-11.399247595993742
-12.982540593440683
-8.67674500796723
-12.651206821666658
-7.28403575579991
-7.234042050532392
-7.040071030974162
-7.670281187291474
-6.800437830413766
-12.2697
-11.65903312433818
-10.728715973410758
-12.440028979618095
-12.34876042131468
-13.23759581432948
-9.68266498644374
-6.937982178850914
-6.901340112540822
-10.48138596122269
-12.107568521172619
-8.047682579266116
-11.33944194218606
-7.665418387918724
-7.24670105625001
-7.509353905346107
-7.578386956661865
-6.997181573801755
-7.423782357402113
-7.91329594974807
-7.00040375137175
-7.004049786160678
-11.502628066835628
-11.78956957305878
-13.102449877185832
-11.495070589579464
-11.681621780322052
-12.070483648959858
-7.708150630046145
-6.698765642841115
-10.728715973410758
-7.848466228225974
-6.584582262085214
-6.912723178573704
-6.895560421314681
-7.549412809464354
-12.161752207263273
-12.332081186881368
-8.880915979277662
-8.319364986443741
-7.552893799032156
-7.927236725271165
-6.983287152502644
-9.06296957305878
-10.728715973410758
-9.024758014174568
-10.164672035137269
-10.2085494139775
-7.180779624522158
-12.440028979618095
-12.917206414566667
-12.114361027800088
-12.137582579266116
-7.29695615704216
-12.891272035137268
-7.138508427919107
-11.889675215821008
-12.186950634245921
-7.815564782668171
-8.714956566851443
-7.170463545412497
-11.382050990647762
-13.37352079588444
-11.161455220888794
-9.965455684097126
-10.265891645616971
-9.1416541938739
-10.774282579266117
-9.953494193088705
-10.496005806911294
-10.467118435489247
-11.117577842048563
-9.48666935232379
-13.433783648959858
-12.186950634245921
-11.161455220888794
-13.39293478652939
-11.038517420733882
-13.152869573058778
-9.246604138853183
-10.968781186881367
-10.60990413885318
-9.543099999999999
-11.316794193088706
-12.365923178573704
-11.479281022732302
-11.955528985484998
-10.100601621240774
-9.435152207263272
-10.75106102780009
-10.439575159235085
-10.363888386177411
-9.30303478652939
-10.75106102780009
-11.208846400351979
-12.827201621240773
-11.78956957305878
-12.070483648959858
-12.524755220888794
-13.139856441157216
-9.48666935232379
-10.04971737166241
-10.246154029018527
-10.628123227645178
-10.774282579266117
-13.222605806911293
-10.968781186881367
-10.400523183364943
-13.078763772014389
-13.765117420733883
-11.15241575267577
-9.48666935232379
-10.36247080884654
-11.593964295714223
-6.954447580700875
-10.962238869848653
-12.812211613822589
-8.784692800703956
-11.634271646038496
-9.953494193088705
-11.316794193088706
-11.511292800703956
-11.495070589579464
-8.452457508135764
-12.029634786529389
-11.448911613822588
-8.857937425940799
-12.679384555912485
-8.350128979618095
-7.865628985484999
-10.558386993792661
-11.208846400351979
-8.158860045450618
-8.999182593986914
-9.406781951308531
-10.633700100907244
-12.070483648959858
-7.883304138853182
-12.401817420733883
-7.972185300102579
-11.703966834711384
-9.134098817458387
-9.406781951308531
-11.681621780322052
-9.713428979618095
-11.305069578925682
-10.497487844398961
-10.834038157999053
-8.999182593986914
-8.326907428152067
-9.267630342268179
-11.179489501736201
-10.087021139061093
-9.573469408909714
-11.023897575045279
-8.024461027800088
-8.92529671875356
-7.744762709342981
-10.9064
-7.634479158876101
-7.907141192619206
-10.361053231515669
-11.293572641622678
-8.295855251147648
-7.226192234541271
-9.133402312184842
-11.72577080884654
-13.139856441157216
-8.861445817325126
-12.982540593440683
-11.776556441157215
-10.497487844398961
-12.572146400351977
-11.72577080884654
-8.033964434983503
-10.770034922143951
-7.454190877343881
-7.635883772526756
-9.952784555912483
-8.588786731975965
-7.634479158876101
-9.27043745689118
-8.861445817325126
-11.448911613822588
-10.834038157999053
-11.860787844398962
-8.997776801796418
-11.208846400351979
-11.208846400351979
-8.955021780322053
-8.646498164107008
-9.639323178573704
-8.462832409707032
-10.361053231515669
-10.912350539205159
-7.980583648959858
-7.686656441157215
-9.897063545412497
-12.982540593440683
-10.849969352323791
-8.1798
-8.7251157920004
-8.229168054979803
-7.831786993792662
-12.213269352323792
-8.452457508135764
-8.997776801796418
-8.459024848885951
-11.619240593440683
-9.0844044448443
-9.952074918736264
-9.679451045876416
