-8.308228476294484
-8.170984844601623
-8.229168054979803
-7.297222796842738
-9.798155220888795
-9.754277842048563
-8.65507584213695
-7.869122055600178
-7.754491441735842
-7.431343852880244
-8.200893913718406
-7.0405566000235975
-9.09052036775645
-9.303087422318223
-8.104860658659964
-8.92292691595255
-8.128776455357547
-9.211808522223272
-9.179000830848418
-8.174386626401065
-7.874400607655374
-7.976369583716921
-8.11801118302015
-7.980583648959858
-9.387745847007876
-7.675184256615233
-8.338404365455073
-9.525309687333277
-7.743344568144799
-11.52797203513727
-10.9064
-8.238900991969546
-9.293248222107232
-10.75106102780009
-11.859305806911294
-8.887727090824995
-8.142514279720674
-8.057232361574668
-9.573469408909714
-9.953494193088705
-7.98270198276581
-7.881512689174268
-7.274334714080079
-11.364905782375558
-9.51139992178136
-7.518584211165032
-11.448911613822588
-10.60990413885318
-9.468124141977322
-10.496005806911294
-9.39694064837906
-10.181834792396293
-9.754277842048563
-10.82365063424592
-8.24879660394099
-8.566995414562694
-10.043072693142218
-9.147695814329479
-9.387761027800089
-8.242181186881368
-8.342286829643596
-9.460230539903675
-8.245479655953817
-8.150912628577952
-8.764483546450958
-8.84161704879823
-8.67949245450835
-8.334547194372355
-8.578469578925683
-9.410982579266117
-9.965455684097126
-8.910674688115513
-11.038517420733882
-8.776526137886488
-8.528405376108855
-9.228928985484998
-9.410982579266117
-9.605481186881368
-10.296789455871153
-10.613734613431586
-7.890524638916084
-8.408140599307588
-10.774282579266117
-9.57973479718753
-10.686407002553057
-9.754338263894592
-10.968781186881367
-10.286310002350397
-8.029033047949033
-7.545625028762467
-9.907927587233347
-6.233929482059165
-6.917268200994951
-11.316794193088706
-12.440028979618095
-10.82365063424592
-9.195086993792662
-10.426269573058779
-8.238900991969546
-9.126814478033419
-7.564926544176465
-8.1798
-9.798155220888795
-9.229251318634653
-7.022624551056076
-7.756231807282297
-6.739441206962963
-9.63953225645819
-9.264823227645177
-8.286564827973205
-8.614363821085862
-7.843412937233487
-9.195086993792662
-9.573469408909714
-6.944928476294485
-8.062065642841116
-8.358076396490759
-8.304562373762737
-11.436461863418062
-8.892640593440683
-9.754362436086456
-8.22276719623642
-7.740688352998566
-8.386763776805626
-8.286564827973205
-9.410982579266117
-7.0900590289299315
-8.863983562477667
-8.760523172706801
-7.826873491176974
-8.584302864210828
-8.395222115902298
-8.517832351087758
-6.7712427497513445
-8.57744699817286
-9.06296957305878
-9.34600198276581
-8.895608387460037
-12.572146400351977
-9.435152207263272
-8.091924423286942
-7.4124156330820545
-7.957768881204217
-8.194790007418185
-9.343883648959858
-9.720081772706248
-7.149835400051669
-8.944157738501202
-11.448911613822588
-9.029712634444856
-8.669254614403386
-10.093059179532446
-8.362090470626516
-8.358076396490759
-9.178864782668171
-7.9338434576515136
-7.30258096614638
-6.910984341296939
-8.265665940693218
-8.43942724103774
-8.566972641622678
-7.3604936513102555
-8.156578448533972
-8.197834094674828
-8.434855220888794
-8.272550595791081
-8.052438216618325
-7.608401014755364
-6.992380950200208
-9.619336920345724
-8.633161389325126
-8.578469578925683
-7.168850996978993
-7.995573656378042
-9.343883648959858
-9.48666935232379
-8.482246400351977
-9.543099999999999
-7.995573656378042
-7.84509257996897
-8.370201195641764
-8.487201020622267
-7.935800727755222
-7.417295388730469
-9.67526676637461
-9.798124860471988
-8.067409186662683
-7.102884230765744
-7.736304370246311
-8.25886042131468
-8.818767114835197
-7.813966742110513
-9.343883648959858
-8.892640593440683
-9.103818435489247
-7.769405806911294
-7.405170589579465
-11.076728979618094
-11.859305806911294
-8.502318616375648
-8.128776455357547
-9.460350634245922
-8.977366834711383
-9.147695814329479
-9.053830437533477
-10.32938890006195
-8.11801118302015
-7.694505593087789
-11.161455220888794
-8.156578448533972
-10.32938890006195
-10.164672035137269
-8.752681022732302
-11.955528985484998
-10.276012809464353
-10.340666834711383
-12.010220795884441
-8.013183093150655
-12.161752207263273
-12.300069408909714
-9.605481186881368
-11.002623178573705
-10.798452207263272
-9.845546400351978
-8.646033062937358
-11.51957368627999
-12.137582579266116
-11.208846400351979
-8.390977842048564
-7.918413954728417
-8.933552905932906
-8.228920336849969
-7.491129034556471
-10.628123227645178
-9.410982579266117
-9.024758014174568
-9.605481186881368
-7.726586647597055
-8.673355785586693
-8.523391373649924
-7.278699909812039
-7.689052746685734
-8.207061403519878
-7.399596216633772
-9.410982579266117
-8.768470589579465
-10.329165518181473
-8.8452494139775
-8.074324334726109
-8.988863772014389
-9.264823227645177
-7.528354625407371
-6.7047502525081315
-9.564193913718407
-8.822027862511472
-10.467118435489247
-10.426269573058779
-9.48666935232379
-10.115981022732303
-8.071852207263273
-8.533763545412496
-9.953494193088705
-8.342286829643596
-9.330519254164402
-8.168075385836977
-9.163075215821008
-9.331330380123882
-9.387761027800089
-10.542164782668172
-7.614066834711383
-8.614548901950652
-8.482493149122867
-8.482246400351977
-8.67949245450835
-8.74494138746106
-9.147695814329479
-9.387761027800089
-7.361979407841941
-7.865628985484999
-7.850160288515256
-7.739110411835939
-8.022188189434427
-11.727188386177412
-10.592228985484999
-12.480877842048564
-11.955528985484998
-11.117577842048563
-9.012549877185833
-10.575066228225975
-8.512615809261693
-9.264823227645177
-9.178864782668171
-8.040619986569713
-7.8761706348845
-8.326907428152067
-8.382579493191285
-8.544627587233347
-9.953494193088705
-7.1189464003519785
-9.049956441157216
-10.82365063424592
-8.513135400051668
-8.91681022143784
-10.575066228225975
-9.582892530897496
-9.0749310640672
-7.912730003870491
-7.888711241886937
-7.150875951579916
-7.6220911892317655
-8.757373837264442
-10.227053222018636
-8.44867858030945
-9.798155220888795
-10.15627368627999
-9.543099999999999
-10.968781186881367
-7.894168180674031
-7.502335810781785
-11.52797203513727
-7.321725893543262
-9.29519263655489
-10.592228985484999
-10.426269573058779
-8.866579354674188
-6.967414988973147
-9.845546400351978
-7.93973478652939
-8.123369352323792
-8.760523172706801
-9.798155220888795
-9.990128990276236
-8.159431821127288
-7.991251931589908
-8.584742686195035
-7.085111042114739
-7.915360573223161
-7.27626224806851
-8.47245983592982
-8.015421559587065
-7.9015232276451774
-7.084912564018426
-8.590194193088706
-10.542164782668172
-8.168075385836977
-8.590194193088706
-11.002623178573705
-11.816486647597054
-11.44155656685144
-11.161455220888794
-9.675217420733883
-8.66588096614638
-8.071852207263273
-7.547374688115513
-7.338643434949879
-8.584302864210828
-8.156578448533972
-8.173908671122124
-8.150912628577952
-9.024758014174568
-10.426269573058779
-10.04971737166241
-10.558386993792661
-10.575066228225975
-10.307457738501203
-12.070483648959858
-12.680094193088705
-11.260363545412497
-11.117577842048563
-10.575066228225975
-9.383224042632497
-10.029180966146379
-10.728715973410758
-9.870744827334626
-9.573469408909714
-9.953494193088705
-12.480877842048564
-9.543099999999999
-7.092413201682311
-7.305954614403386
-6.783398563335016
-11.955528985484998
-8.596144732293865
-7.212274347400101
-10.070991768133984
-10.707183648959857
-11.727188386177412
-11.208846400351979
-9.178864782668171
-10.526375215821009
-9.132705806911295
-9.024758014174568
-7.522473050545807
-9.317013566259947
-9.103818435489247
-9.343883648959858
-9.435152207263272
-7.101445411911417
-10.413256441157214
-9.129028283425722
-9.049956441157216
-8.752681022732302
-8.210169408909714
-11.936679404097472
-11.52797203513727
-8.672647595993743
-10.070991768133984
-9.605481186881368
-10.558386993792661
-11.161455220888794
-11.161455220888794
-12.114361027800088
-12.186950634245921
-9.435152207263272
-8.988863772014389
-9.750063776805627
-7.538288980403291
-11.938366228225975
-11.545134792396293
-10.078256566851442
-7.049210166499463
-11.991423227645177
-12.623663545412496
-9.28362079588444
-9.28362079588444
-9.147695814329479
-9.177266742110513
-10.75106102780009
-10.64692079588444
-11.619240593440683
-10.496005806911294
-10.100601621240774
-10.40052318336494
-9.195086993792662
