-7.529340593440684
-12.240812628577952
-9.30303478652939
-9.246604138853183
-9.387761027800089
-8.862814167631177
-11.619240593440683
-9.413355623193087
-9.784647250958278
-8.818534792396292
-10.363888386177411
-10.707183648959857
-11.420024242400542
-7.75478596122269
-14.043394193088705
-8.410679025615474
-7.630225793481007
-7.226894193088706
-9.132705806911295
-10.04279245450835
-8.044873351964807
-6.048144489615808
-9.789115752675771
-8.569826014215995
-9.055127423084281
-9.203367879368695
-7.232844732293866
-13.067266834711383
-9.169340604098826
-12.502410166499462
-8.758080978613794
-10.181834792396293
-11.434291768133985
-10.66633478652939
-9.47600106969374
-8.134233394144642
-10.261891132645845
-9.97766382108586
-7.027677842048563
-10.085611613822588
-7.681402641863042
-9.543099999999999
-9.770478635750038
-9.408170994885122
-11.002623178573705
-10.070270166987772
-7.931892636554891
-9.0160228271253
-7.880122626272846
-8.882854029018526
-7.054939245568442
-8.482246400351977
-9.095420086631968
-7.74760922284111
-10.363888386177411
-9.211766228225974
-6.29312219492438
-7.980583648959858
-7.982277709249138
-9.514212628577953
-12.365923178573704
-12.797591768133984
-8.104824141977321
-9.055127423084281
-10.025571411168416
-11.134740599307587
-8.524994878024254
-9.365415973410759
-8.672647595993743
-13.17022585006693
-9.907927587233347
-9.30303478652939
-10.015875379970073
-9.091959259332071
-6.8165
-11.076728979618094
-10.849969352323791
-8.590194193088706
-9.460350634245922
-9.845546400351978
-9.855497452528265
-10.62997635487685
-12.680094193088705
-11.271227587233346
-11.161455220888794
-7.930530876246935
-7.939340202264749
-7.990176411462772
-8.133411640137393
-12.029634786529389
-10.406855582413831
-8.976229324914463
-9.11090922284111
-8.555694706973243
-8.223722924720263
-8.661189922172113
-9.2394706348845
-7.980583648959858
-10.498824857388305
-7.090564386755876
-7.908543755001881
-6.502328985484999
-9.274314455871153
-10.181834792396293
-9.771276611389736
-8.36008003179438
-8.390977842048564
-8.737301621240773
-8.482246400351977
-9.076275159235085
-7.5195540290185265
-8.462832409707032
-9.007736243621098
-9.30303478652939
-11.69268890006195
-8.715687973574694
-11.73573894133902
-10.10824138746106
-10.61318792915459
-9.343883648959858
-11.18351613368153
-12.114361027800088
-10.400523183364943
-12.010220795884441
-7.543319373171243
-11.260363545412497
-6.911227471307702
-11.016720836663698
-10.151291269776406
-11.440096458424211
-9.713428979618095
-6.520004138853181
-10.872892146081222
-7.455234792396293
-8.931020588346708
-8.390977842048564
-13.729223178573704
-8.71807206550073
-9.798155220888795
-8.652575379970074
-6.733750634245921
-8.311917420733883
-7.226894193088706
-8.434855220888794
-8.548477592132524
-9.953494193088705
-11.316794193088706
-10.363888386177411
-8.892640593440683
-7.93973478652939
-10.070991768133984
-9.883904186373563
-8.590194193088706
-9.733501195641763
-10.27341936021698
-7.775356346116455
-9.410982579266117
-9.793618235721201
-7.071555220888794
-9.066647096544353
-8.350128979618095
-9.750063776805627
-10.08984523896512
-12.380020836663698
-12.572146400351977
-11.002623178573705
-7.865628985484999
-8.955021780322053
-10.955768054979803
-7.289275379970073
-9.875915809261691
-8.057232361574668
-8.13611431933168
-7.623593475130618
-10.933477796566798
-10.318321780322053
-7.015124573212587
-7.997746406218882
-7.730038981968493
-8.756589113932632
-9.010138168485962
-8.667228119553915
-10.48138596122269
-9.573469408909714
-8.590194193088706
-9.323107002553058
-9.454204485623556
-11.5718494139775
-11.234044827334627
-8.722311613822589
-7.509926602795735
-7.772214446739642
-8.69342424240054
-9.754277842048563
-10.009333062937358
-12.213269352323792
-9.798155220888795
-7.446591227686604
-8.024461027800088
-7.436429639819043
-8.834776352649602
-9.00058838617741
-8.024461027800088
-13.002612809464352
-13.336504138853181
-11.208846400351979
-8.1798
-11.208846400351979
-7.170463545412497
-8.013183093150655
-6.726586301938101
-11.379175379970073
-12.401817420733883
-8.024461027800088
-7.652885960264794
-9.435152207263272
-11.076728979618094
-10.496005806911294
-10.82365063424592
-10.968781186881367
-12.2697
-11.92077470698875
-10.975913512834103
-11.208846400351979
-8.768470589579465
-8.024461027800088
-13.152869573058778
-8.905609869657832
-10.578713545412496
-7.309347595993743
-9.754277842048563
-9.573469408909714
-6.765557938991942
-8.276023178573704
-9.11808596122269
-8.933489455871152
-11.931638045968947
-8.354089353362252
-10.015875379970073
-10.01719256331017
-10.692563803271254
-10.038676050901456
-10.467118435489247
-11.816486647597054
-9.897063545412497
-9.343883648959858
-8.97396084065595
-12.114361027800088
-7.1299018186167435
-10.33612984954379
-11.316794193088706
-7.254403637528499
-11.213801020622268
-10.240358808194944
-9.89117221653462
-6.609239816512165
-11.1260970345979
-11.038517420733882
-10.26689601170545
-11.276735288970459
-10.379485960264795
-7.170463545412497
-8.013288500605423
-7.566500511431753
-10.143079298088267
-9.798155220888795
-9.996461389325127
-8.892640593440683
-6.878881186881368
-8.621686489913666
-11.328755684097127
-7.295890797029696
-10.019173849042522
-7.0470213519283345
-10.170351496836826
-8.589602415261151
-6.684382579266117
-10.22517660026633
-8.14613894735084
-7.565136164878664
-5.918328023110404
-9.885866861437979
-8.1798
-8.350128979618095
-8.434855220888794
-6.452264782668172
-6.542624592239672
-10.078256566851442
-8.999180925064671
-6.948617420733883
-6.8165
-8.276023178573704
-9.908130699991634
-9.503041095881754
-8.918869610182547
-9.232422055600178
-7.726586647597055
-9.068081757351239
-9.875915809261691
-9.602200991969546
-9.84063289773629
-12.71046360199842
-12.819659179532445
-10.776655623193088
-9.27603000387049
-9.232422055600178
-8.862851701224468
-8.453862035255622
-6.2097722490049705
-8.181204880032421
-8.64020615641602
-6.821852786840225
-10.737553057869572
-10.888899011559438
-8.043470596309604
-7.35532266938319
-8.999180925064671
-9.179345037122388
-10.64692079588444
-10.952558975756876
-9.30303478652939
-6.992380950200208
-6.598347329714098
-8.497236407770163
-9.178864782668171
-9.049956441157216
-8.210169408909714
-8.453862035255622
-8.434855220888794
-9.798155220888795
-8.482246400351977
-7.144144827334626
-9.713428979618095
-11.816486647597054
-8.1798
-6.468486993792662
-12.213269352323792
-7.908067288995648
-12.271182037487668
-11.97320413885318
-11.609454029018526
-9.089886647597055
-9.06296957305878
-9.48666935232379
-7.715672538238466
-7.263528990276237
-12.71046360199842
-9.00058838617741
-8.912712809464354
-11.97320413885318
-11.850196262515295
-7.775356346116455
-6.608051980236404
-9.164635358139233
-7.608852290438171
-8.327477003633396
-6.48179257996897
-8.286564827973205
-8.933489455871152
-10.439575159235085
-9.024758014174568
-8.988863772014389
-7.529923372467476
-8.658525919175235
-9.897063545412497
-11.874295814329479
-10.656548222107233
-8.350128979618095
-12.698128287763533
-12.858370589579465
-6.897424154528801
-6.672657965103094
-6.5863858387056755
-8.69342424240054
-9.00058838617741
-8.672647595993743
-10.078256566851442
-7.181876057552493
-7.181327587233347
-10.877512628577954
-8.593757335239848
-8.792140366413815
-11.287906821666658
-9.264823227645177
-9.536622749582788
-10.762557965103094
-9.602200991969546
-10.139826137886487
-12.401817420733883
-6.3210441522540135
-9.660597575045278
-6.4164081934487776
-11.440096458424211
-6.760069352323791
-10.467118435489247
-8.704092525030592
-10.82365063424592
-8.114024139891642
-9.870744827334626
-8.829963443710275
-7.867547623292707
-9.470738157999053
-9.771440599307587
-11.310902864210828
-6.3363695730587795
-7.97534392219948
-10.779038216618325
-11.260363545412497
-10.10824138746106
-11.366162248068509
-10.04279245450835
-7.07429419416436
-7.801335358139233
-11.328755684097127
-10.015875379970073
-6.872338869848653
-6.837593913718408
-9.103818435489247
-8.040619986569713
-11.316794193088706
-12.858370589579465
-11.921686993792662
-9.881132351087759
-6.200908710366941
-8.106937690381265
-9.544493010547093
-6.9092505957910815
-9.135509985089106
-10.226114167631177
-9.27184001041383
-7.226894193088706
-8.276023178573704
-8.533763545412496
-7.570189455871152
-8.80137203513727
-7.614066834711383
-8.646033062937358
-6.452264782668172
-9.037223183364942
-8.652575379970074
-8.590194193088706
-8.453862035255622
-10.04279245450835
-7.879726643574993
-9.514212628577953
-10.66633478652939
-11.5718494139775
-9.41717238849562
-7.859651455301418
-9.180467148104057
-8.102221616172987
-10.36246911182497
-6.948617420733883
-8.287629389843186
-10.841287414139197
-11.228918616375648
-9.798155220888795
-12.029634786529389
-6.661161027800089
-7.918413954728417
-10.592228985484999
-9.897063545412497
-6.58238532573455
-10.413256441157214
-9.365415973410759
-8.390977842048564
-8.242181186881368
-13.065520299653794
-7.951696277537811
-8.776526137886488
-8.882854029018526
-7.036197034597899
-8.882854029018526
-7.240549744386408
-12.300069408909714
-7.421392800703957
-8.311917420733883
-7.783334070565957
-7.206697654648326
-8.868376241234515
-11.703966834711384
-8.94329716615903
-8.892640593440683
-9.858061960934968
-11.715463772014388
-6.58019651116342
-14.043394193088705
-7.108190018076326
-7.196880134995207
-7.451762209613671
-7.465776441795794
-10.803406827533562
-9.897063545412497
-11.328755684097127
-11.299293204648142
-10.635144193088706
-11.816486647597054
-10.318321780322053
-6.941262373762737
-7.740518435489247
-8.790366033534076
-10.62076818067403
-11.52797203513727
-10.730912909761424
-7.455234792396293
-6.9560649864437405
-7.686656441157215
-8.210169408909714
-7.109159835929821
-7.3196447888797875
-9.081682262268842
-9.246604138853183
-12.908434792396292
-8.069390358946388
-6.963228015343711
-6.878881186881368
-9.543099999999999
-8.596144732293865
-9.335485300102578
-7.908543755001881
-10.022490797029695
-8.314513425939023
-7.226894193088706
-9.489366731327172
-10.643441860629308
-8.8380068323248
-11.002623178573705
-11.002623178573705
-8.952932698118468
-7.3632243680467155
-7.226894193088706
-7.999927158839628
-9.870744827334626
-9.561439365971706
-7.262270597311175
-9.095420086631968
-8.759734266970923
-9.965455684097126
-9.132705806911295
-8.68641737166241
-7.769405806911294
-11.51957368627999
-8.434855220888794
-8.125826103631637
-7.9015232276451774
-9.853493817224642
-9.064286756398875
-8.610674876646463
-7.796822223828362
-9.025992787650631
-12.2697
-11.619240593440683
-10.467118435489247
-8.272204455081324
-10.31069607109834
-10.75106102780009
-10.66633478652939
-11.310902864210828
-8.578469578925683
-12.284884704454857
-7.502996133589057
-8.071852207263273
-9.653420836663699
-8.453862035255622
-9.264823227645177
-7.714322312642621
-8.939867330834437
-8.194790007418185
-10.592228985484999
-8.69342424240054
-8.737301621240773
-8.737301621240773
-7.249831617379555
-8.590194193088706
-8.390977842048564
-9.002961430104383
-9.05253628692603
-9.132705806911295
-8.722311613822589
-7.529340593440684
-9.246604138853183
-11.316794193088706
-8.076806827533563
-12.213269352323792
-9.225456402702376
-8.066449589653077
-12.572146400351977
-10.27093060085887
-8.999180925064671
-9.540147008007354
-8.395222115902298
-9.713428979618095
-8.434855220888794
-7.196880134995207
-9.195086993792662
-10.02582643214636
-6.986828979618095
-7.289275379970073
-7.823620330975194
-7.547781751498462
-9.055127423084281
-8.722311613822589
-8.002115973410758
-10.48138596122269
-10.798452207263272
-10.907882037487667
-8.317535385707911
-9.798155220888795
-8.602155684097127
-9.530882196581322
-8.722311613822589
-8.590194193088706
-8.533763545412496
-8.390977842048564
-9.380968521172619
-9.84063289773629
-9.639323178573704
-7.458727862511473
-11.498064384203088
-11.04409429399595
-7.908543755001881
-8.999180925064671
-11.72576911182497
-8.72652287729498
-9.886395262782447
-6.56976235771345
-7.879791109187034
-9.338201718374943
-10.085611613822588
-8.533763545412496
-10.426269573058779
-8.308228476294484
-6.20152176164948
-11.134740599307587
-8.482246400351977
-9.924606821666659
-8.205513497625988
-8.744172959491836
-9.697847194372356
-9.953494193088705
-9.20839257996897
-7.831786993792662
-10.10824138746106
-7.883304138853182
-11.24443235108776
-8.533763545412496
-8.311917420733883
-11.889675215821008
-11.751358014174567
-10.839301069693741
-7.712975159235086
-9.758522115902297
-9.387761027800089
-10.01719256331017
-10.215881689322437
-10.930569627997155
-10.146350431642016
-8.645382789761417
-10.82365063424592
-9.97766382108586
-10.388058014174566
-9.435152207263272
-9.710279644175737
-7.919461957309381
-8.97282984954379
-8.360883388318147
-8.002115973410758
-7.337215029752404
-6.686755623193088
-10.771447424604375
-8.097050634245921
-11.72576911182497
-8.72652287729498
-10.08984523896512
-12.680094193088705
-11.559232450486286
-5.863594193088706
-9.30303478652939
-6.096216651467547
-6.545108964750001
-7.671409066350853
-10.011941321195907
-9.465521616172987
-10.08984523896512
-6.78472977502846
-8.859072773398154
-11.859305806911294
-11.991423227645177
-10.46571041183594
-10.375849877185832
-8.542438772662218
-9.05253628692603
-8.262253402905037
-8.752681022732302
-8.350128979618095
-8.059644070274539
-9.96004308875427
-10.66831166204601
-9.28547631799877
-9.049956441157216
-7.455234792396293
-7.591721780322053
-12.480877842048564
-9.460350634245922
-9.132705806911295
-10.9064
-11.816486647597054
-8.453862035255622
-8.892640593440683
-8.403803043884377
-12.882873686279991
-7.93973478652939
-10.303167330834437
-10.217729034556472
-11.862124857388306
-6.432159496786657
-8.434855220888794
-8.350128979618095
-5.871461605411937
-8.999180925064671
-8.862851701224468
-10.08984523896512
-8.933489455871152
-8.892640593440683
-9.00058838617741
-6.986828979618095
-8.868470965443528
-10.115981022732303
-9.27184001041383
-11.751872413667314
-13.055988900061951
-8.047682579266116
-12.213269352323792
-10.628123227645178
-8.282325618928706
-11.62919164561697
-9.953494193088705
-10.541603083771397
-7.352387973574694
-8.652575379970074
-8.242181186881368
-8.71167637193962
-8.63233433738026
-7.247988106807113
-12.746523180969323
-11.589414167631178
-9.034709066350853
-9.605481186881368
-8.988863772014389
-10.363888386177411
-12.543729115232656
-9.983863601998419
-12.2697
-6.912723178573704
-6.083291227686605
-9.22200406833094
-8.541347392321525
-8.018118938590444
-6.912723178573704
-8.357039706210493
-9.387761027800089
-6.3106231833649415
-8.047682579266116
-9.30303478652939
-7.59944698902278
-10.08857940784194
-10.22517660026633
-7.330758947125087
-7.226894193088706
-7.848466228225974
-8.933489455871152
-11.002623178573705
-11.109179493191284
-10.135784663715222
-7.571989556040215
-11.83750922284111
-7.782879619730919
-9.037223183364942
-8.235638869848653
-9.460350634245922
-11.293572641622678
-11.071564050558942
-11.208846400351979
-12.010220795884441
-9.049956441157216
-8.836209945764477
-8.590194193088706
-9.343883648959858
-13.37352079588444
-11.874295814329479
-6.170014301877016
-7.686656441157215
-7.59944698902278
-7.690530437533479
-10.058135622490049
-6.967414988973147
-8.317535385707911
-11.04409429399595
-9.408170994885122
-9.135509985089106
-9.452677865953934
-10.803406827533562
-9.465521616172987
-10.181834792396293
-6.6659625783520555
-9.252011241886937
-8.524683302180195
-9.705586829643597
-9.0844044448443
-7.480039643945875
-7.226894193088706
-9.343883648959858
-11.78956957305878
-10.004796077769765
-11.47154138746106
-8.350128979618095
-9.713428979618095
-6.640572869854746
-9.383224042632497
-9.639323178573704
-10.849969352323791
-10.147992800703957
-7.591721780322053
-9.897063545412497
-8.168075385836978
-9.089886647597055
-10.66633478652939
-10.063815029752403
-7.381641387461061
-11.353428990276235
-7.455670300814002
-11.223836407770163
-11.78956957305878
-10.388058014174566
-7.75478596122269
-10.849969352323791
-7.31619245450835
-7.959807002553058
-6.661161027800089
-6.254765417849712
-6.8317937128196515
-8.8452494139775
-6.136589610679382
-11.293572641622678
-9.855497452528265
-7.257263601998419
-10.510995814329478
-10.439575159235085
-7.0470213519283345
-7.769405806911294
-11.166027241037739
-10.762557965103094
-12.365923178573704
-6.172679294754046
-12.520218235721202
-12.004518597711632
-9.22805892850671
-8.500789367999412
-11.619240593440683
-10.189723381342318
-7.542309869657832
-8.341508297424678
-8.667228119553915
-8.358076396490759
-11.076728979618094
-7.94012963393794
-6.9078672454721035
-8.760523172706801
-11.727188386177412
-11.316794193088706
-10.085611613822588
-8.205668106235608
-10.124613131019023
-7.93973478652939
-11.325742580051312
-11.100898607615251
-10.774282579266117
-9.713428979618095
-8.017668521172618
-8.047682579266116
-10.628123227645178
-11.316794193088706
-10.363888386177411
-10.813442214681459
-8.026171400680937
-7.943695160273546
-9.132705806911295
-11.406092454508348
-10.841825186642733
-10.467118435489247
-11.390347907164738
-10.82365063424592
-10.871900513884539
-12.114361027800088
-10.80840325943956
-12.891272035137268
-11.933312937233486
-11.703966834711384
-10.82365063424592
-6.699008345720997
-11.249695262782446
-9.228580809251984
-6.710281612069006
-9.132705806911295
-6.509335856223131
-6.6584346668789856
-11.271227587233346
-9.024758014174568
-8.652575379970074
-8.533763545412496
-8.533763545412496
-8.311917420733883
-11.609454029018526
-10.400523183364943
-10.746524042632496
-7.06262789846021
-12.95177660026633
-9.192134001800015
-7.629816397932493
-10.160457969894331
-9.748805383840565
-9.09126516665327
-11.316794193088706
-11.536491227686605
-10.95899462245921
-6.912723178573704
-8.024461027800088
-10.44498226226884
-7.22624326999691
-8.188898678540308
-11.161455220888794
-11.282294706973245
-11.223836407770163
-11.072794920843927
-10.296789455871153
-9.647741429401345
-7.685434941220575
-10.692563803271254
-10.015875379970073
-8.463310081106219
-12.742475379970074
-9.00058838617741
-8.390977842048564
-9.543099999999999
-8.311917420733883
-10.903447008007353
-8.315257237176521
-6.85946719623642
-7.526387601448037
-11.239215809261692
-10.363888386177411
-8.434855220888794
-6.1466266027957355
-8.482246400351977
-7.848466228225974
-11.727188386177412
-11.020298331941886
-8.330524028266064
-11.58102903455647
-6.478940016043255
-10.099085426642214
-7.006901195641763
-11.359653926772811
-14.080028990276235
-12.35556594069322
-9.573469408909714
-8.902591645616969
-10.056724242400541
-7.817167148104058
-9.514212628577953
-11.630340258997375
-6.991982649702725
-9.729431944797781
-6.273988386177411
-7.226894193088706
-11.048513655779992
-10.64692079588444
-13.803328979618096
-8.482246400351977
-8.854429034556471
-10.983274216176735
-10.82365063424592
-11.587163219006632
-12.572146400351977
-6.936530127437205
-8.370201195641764
-7.7504694876655345
-6.390475965688321
-6.638596727465954
-6.771207565794449
-6.033923172706801
-6.581190423881598
-7.584096071098339
-6.273988386177411
-7.3972231727068
-7.321031378898022
-6.324129215250621
-8.123369352323792
-7.926078445800656
-7.198006821666659
-7.732120086631968
-7.106255135089045
-7.75478596122269
-7.198570970034428
-6.395397877818464
-7.265421608831398
-6.436475215821008
-8.818534792396292
-9.965455684097126
-8.1798
-6.576434786529389
-7.455234792396293
-9.49160341376678
-6.0418705895794655
-6.71850325943956
-11.703966834711384
-12.213269352323792
-9.47600106969374
-7.591721780322053
-10.707183648959857
-5.851869578925682
-7.769405806911294
-10.388058014174566
-8.024461027800088
-7.68408778781304
-9.153799720629701
-6.708552207263272
-8.963858864780866
-6.250766834711383
-9.435152207263272
-10.363888386177411
-10.015875379970073
-6.323356441157215
-8.7251157920004
-10.496005806911294
-9.30303478652939
-10.968781186881367
-12.2697
-6.892186773057675
-6.978986829643597
-6.323356441157215
-5.925975379970073
-6.502328985484999
-6.760069352323791
-8.071852207263273
-7.359011613822588
-7.9015232276451774
-7.712975159235086
-12.161752207263273
-12.602515809261693
-6.352372538238466
-6.776441095881753
-10.853047761458399
-9.369818028389258
-6.872338869848653
-9.754277842048563
-5.4532
-5.861529154485832
-8.69342424240054
-8.217222842107741
-7.453495955119528
-11.316794193088706
-10.526375215821009
-7.831786993792662
-9.044830230198237
-10.894675385836978
-11.282294706973245
-8.123369352323792
-6.576434786529389
-6.502328985484999
-6.963607428152068
-6.8165
-7.661458014174567
-10.628123227645178
-10.04297874911182
-8.602155684097127
-8.737301621240773
-6.760069352323791
-8.502318616375648
-7.359011613822588
-6.298158014174567
-6.872338869848653
-6.349675159235085
-7.686656441157215
-13.354723227645177
-8.216434797187532
-6.538223227645177
-6.468486993792662
-7.491129034556471
-9.325562045464606
-5.6118043654550736
-7.7997752158210085
-8.385086513170688
-7.931892636554891
-8.865635810781786
-9.705586829643597
-10.100601621240774
-9.264823227645177
-14.105775379970073
-7.080734841467766
-8.1798
-7.847114461275371
-8.752681022732302
-9.508600513884538
-11.366162248068509
-9.930272641622677
-9.27114766876815
-7.330124242400542
-6.406105806911294
-6.898953402905038
-6.732208105365136
-7.637288386177411
-8.444034841467765
-6.592437751709077
-6.892186773057675
-10.363888386177411
-7.7534999645628275
-9.930272641622677
-11.420024242400542
-9.135673600930646
-7.740518435489247
-8.505389013924791
-6.576434786529389
-10.318321780322053
-8.912712809464354
-9.907927587233347
-11.023897575045279
-6.478438045968949
-7.5061190419746575
-7.359011613822588
-7.943695160273546
-7.591721780322053
-9.605481186881368
-11.955528985484998
-11.379175379970073
-7.740518435489247
-10.361053231515669
-6.170000967184841
-5.708255220888795
-8.757373837264442
-11.273674186560477
-8.26566594069322
-11.859305806911294
-7.226894193088706
-9.58606719623642
-10.66633478652939
-6.228421780322053
-7.968030380123881
-9.420532361574669
-8.722311613822589
-9.435152207263272
-6.760069352323791
-11.545134792396293
-8.408140599307588
-11.727188386177412
-12.769392454508349
-9.410982579266117
-8.414267062943452
-8.509507803871857
-6.85946719623642
-9.697847194372356
-9.990128990276236
-8.374298607615252
-11.802875159235086
-9.310982203402054
-9.771440599307587
-7.6893511788470255
-8.770072955015353
-7.563879552449736
-6.876255578732937
-7.405170589579465
-10.255940593440684
-8.787991269776406
-7.5723077896771045
-7.525406534666516
-6.512870634884499
-9.543099999999999
-11.366162248068509
-8.276023178573704
-8.58430286421083
-7.109159835929821
-6.732208105365136
-7.368561396131142
-8.923010002350397
-6.439599622370617
-8.500280495026807
-6.865868054979804
-10.849969352323791
-9.435152207263272
-11.08467639649076
-10.64692079588444
-6.576434786529389
-11.315374918736264
-8.452457508135764
-9.228369196232872
-9.178864782668171
-9.27043745689118
-10.497487844398961
-8.1798
-9.713428979618095
-7.080734841467766
-8.047682579266116
-9.705586829643597
-9.609899729110776
-9.060343964910347
-9.278865916387497
-6.206889455871152
-6.760069352323791
-6.1466266027957355
-6.846869408909714
-6.576434786529389
-8.661857800040089
-8.572693204648145
-9.555061491008422
-8.374298607615252
-10.633700100907244
-7.869122055600178
-9.055127423084281
-8.997776801796418
-7.27626224806851
-7.509926602795735
-7.614066834711383
-7.661458014174567
-8.1798
-10.100601621240774
-8.411633669422768
-8.173908671122124
-8.416029188253614
-9.697847194372356
-7.438072035137269
-7.455234792396293
-6.538223227645177
-6.377218435489247
-7.950489195229441
-8.114819403499693
-8.145300513884537
-7.5723077896771045
-6.228421780322053
-6.323356441157215
-12.4269039456802
-7.044840599307587
-7.062515752675771
-12.572146400351977
-8.22276719623642
-9.132705806911295
-6.888163606951384
-9.264823227645177
-12.029634786529389
-10.558386993792661
-6.836368087882644
-11.463901621240772
-6.617283648959858
-7.328153945516771
-11.660089455871152
-6.840669627997156
-7.549412809464354
-12.2697
-11.955528985484998
-9.103818435489247
-6.8854966039409895
-6.538223227645177
-5.570697575045279
-6.026081022732303
-7.002831944797782
-7.2522985945619265
-11.495070589579464
-9.618786773057675
-6.617283648959858
-8.319364986443741
-8.1798
-5.765597452528265
-9.667862373762738
-8.342286829643596
-5.887763821085861
-11.802875159235086
-9.20839257996897
-9.420532361574669
-8.543532168480214
-11.859305806911294
-7.342949444236354
-6.986828979618095
-11.04596498644374
-8.29729757504528
-8.912712809464354
-7.831786993792662
-10.467118435489247
-14.175511613822588
-7.995920760985481
-10.081187630595826
-10.070991768133984
-6.919730049311836
-7.491129034556471
-8.329189025068713
-8.577309786846346
-9.28362079588444
-7.529340593440684
-8.1798
-12.070483648959858
-7.222176449663816
-6.502328985484999
-6.661161027800089
-9.598938869848652
-7.591721780322053
-12.543259028929931
-12.40926498644374
-10.015875379970073
-6.960276910375298
-6.661161027800089
-12.213269352323792
-6.952329493502633
-7.230457335239848
-7.044840599307587
-9.48666935232379
-7.7997752158210085
-10.413256441157214
-8.488196939557138
-12.070483648959858
-6.186112809464354
-6.872338869848653
-6.708552207263272
-8.304562373762737
-7.616348431628029
-7.737705728692655
-10.798452207263272
-8.4734312449536
-10.75106102780009
-7.980583648959858
-6.634446406218882
-9.044830230198237
-8.652575379970074
-6.576434786529389
-6.206889455871152
-6.502328985484999
-7.614066834711383
-8.452457508135764
-9.087139201055935
-8.9982248155049
-8.452457508135764
-8.648641321195907
-8.043467842166917
-8.374298607615252
-9.387761027800089
-9.48666935232379
-8.935607789677105
-8.390977842048564
-7.7997752158210085
-12.029634786529389
-6.708552207263272
-8.614363821085862
-7.92415300128365
-8.128776455357547
-8.854429034556471
-8.939867330834437
-8.55013528897046
-10.255940593440684
-11.316794193088706
-7.865628985484999
-12.827201621240773
-10.930569627997155
-6.323356441157215
-6.760069352323791
-8.722311613822589
-12.678674918736265
-9.103818435489247
-8.269098261419645
-11.859305806911294
-11.39248096614638
-10.592228985484999
-6.760069352323791
-6.6566240426324965
-9.132705806911295
-8.955021780322053
-8.208924248267447
-12.2697
-10.75106102780009
-10.707183648959857
-10.015875379970073
-10.388058014174566
-7.8552717476045135
-6.921848383117789
-11.316794193088706
-6.898953402905038
-6.206889455871152
-8.502318616375648
-8.390977842048564
-9.076275159235085
-10.467118435489247
-12.352153402905037
-8.165159022156656
-7.330124242400542
-7.204812341045198
-11.04596498644374
-9.30303478652939
-11.208846400351979
-8.203969627997157
-8.08180325943956
-8.574996996143062
-9.049956441157216
-12.2697
-7.491129034556471
-7.980583648959858
-6.000168902129845
-6.971247194372355
-9.024758014174568
-5.756634013036652
-12.029634786529389
-12.874592800703956
-7.263528990276237
-8.294416432293321
-11.092731944797784
-6.2716248155049
-6.986828979618095
-9.0844044448443
-8.63956224806851
-7.1189464003519785
-10.255940593440684
-8.886749264562807
-6.708552207263272
-8.276720145890419
-8.026285601407915
-9.212443270800811
-6.617283648959858
-6.166040593440684
-6.963607428152068
-8.24879660394099
-8.4942078913604
-8.961637197381675
-10.056724242400541
-10.9064
-6.206889455871152
-7.549412809464354
-6.9560649864437405
-7.128897452528265
-10.276012809464353
-9.618786773057675
-5.726759028929933
-9.990128990276236
-9.496437975391508
-7.686656441157215
-8.197834094674828
-7.769405806911294
-8.893825926503611
-7.344391768133985
-10.280110221437841
-10.628123227645178
-7.109159835929821
-7.330124242400542
-7.614066834711383
-7.637288386177411
-7.686656441157215
-8.737301621240773
-12.812211613822589
-7.128897452528265
-6.661161027800089
-6.617283648959858
-7.831786993792662
-10.015875379970073
-9.592468054979804
-6.95307470904114
-14.453788386177411
-5.717434841467766
-9.28745300128365
-6.919730049311836
-6.760069352323791
-7.637288386177411
-9.780212221477964
-10.280110221437841
-8.544627587233347
-8.233042051356067
-11.859305806911294
-9.713428979618095
-10.592228985484999
-6.829065956264782
-7.173701878009633
-6.0418705895794655
-7.289275379970073
-10.496005806911294
-10.496005806911294
-8.955021780322053
-11.660089455871152
-10.798452207263272
-8.834418496085561
-6.555875954405256
-7.93973478652939
-5.6314763964907595
-9.00058838617741
-12.572146400351977
-9.897063545412497
-6.538223227645177
-7.170463545412497
-7.438072035137269
-7.637288386177411
-7.865628985484999
-7.865628985484999
-9.990128990276236
-8.57615226220165
-11.448911613822588
-7.115993408359332
-7.0900590289299315
-7.215169578925683
-8.1798
-12.332081186881368
-7.614066834711383
-9.406781951308531
-9.163075215821008
-8.784692800703956
-7.374001621240773
-10.015875379970073
-10.526375215821009
-10.526375215821009
-8.197834094674828
-6.8165
-11.353428990276235
-6.7235422146814585
-7.838402410852285
-11.042751045876416
-12.542319974542472
-12.2697
-9.35670885079567
-7.361820253650936
