-11.812195031763263
-8.327666983954993
-11.93640504180058
-12.415306411886782
-11.718637352360112
-10.694383146491134
-8.380083043952952
-9.628160759444938
-12.297488678491305
-11.080601371955979
-11.377151363904307
-11.966179533093678
-9.196332232835449
-11.79025788639376
-8.838090140676243
-8.097050634245921
-8.484718527814815
-11.336178880057764
-10.085611613822588
-9.383457016820218
-9.477100078315596
-9.63291276148793
-7.905235300413928
-8.87036863907826
-9.708470996973233
-9.822230588521847
-10.148801339463736
-11.295379749990987
-10.827186049396111
-7.46156459712625
-11.882057195828239
-7.492543832022015
-8.290267089788198
-11.324270284459102
-9.84390856614675
-9.874325553089268
-8.800239597397692
-6.71391685091433
-11.85192814088564
-11.36099216323116
-10.702997531381538
-12.70894446471488
-8.913295530346511
-11.803216899731325
-9.952189772477155
-10.293186529043044
-8.836209945764477
-8.439795715104985
-7.753569622930609
-8.956267019364837
-7.786968330042255
-8.50850372145003
-7.728967694243461
-8.305212599632792
-12.524755220888794
-8.128346578586333
-12.565975097969364
-13.262025892364585
-9.701363112583177
-12.626120296720341
-9.781306085794817
-7.46156459712625
-11.414862305798538
-12.306139568099281
-9.853905131783264
-9.024758014174568
-8.645098959211861
-12.981391571851194
-12.563280372266204
-12.491957436631072
-11.259668924103687
-11.375576990983058
-9.013759425445473
-12.175749267889547
-7.46156459712625
-8.496730578036553
-9.81425731163195
-10.53872545855577
-10.299158900516458
-12.090347608320988
-12.305638394362333
-10.570129370698588
-9.68025567313513
-11.102835403228324
-7.711092498188688
-10.508090620909872
-11.325468444831648
-9.558090007418183
-9.055127423084281
-12.066158526840695
-8.3157595014315
-11.240174079617566
-10.041182692705393
-8.235395383994472
-10.817799300229392
-9.022296165857682
-9.845546400351978
-8.46312790085046
-9.675217420733883
-8.773986116138346
-11.53671818432304
-10.957363755680653
-13.21380267078107
-9.639950412227165
-8.540963098900157
-10.740733114112988
-9.048811445609076
-11.189705617031226
-12.617560862462383
-10.982239724150507
-8.002115973410758
-11.929495912318192
-11.856375880470424
-7.781454389452172
-8.657059220732304
-9.039967064764854
-9.230952455293544
-12.192326698850803
-9.227190148208233
-8.067918148489104
-12.392707876337884
-11.942922949374433
-6.759850982166116
-9.891537234773235
-11.112105383840566
-7.923270986856667
-8.150349017238696
-10.26589164561697
-7.526819786366459
-9.513425366008805
-8.264326419268327
-12.047141469457678
-12.049657205441163
-8.686807700940115
-10.647229007087283
-11.37583193801212
-7.852387983736229
-7.62722284961993
-8.207061403519878
-10.686407002553057
-10.60990413885318
-9.008935988038058
-7.96123787349641
-10.73501191224174
-11.05218189717177
-11.25502940409747
-11.083833884310923
-10.201774883501939
-10.837897848048993
-11.448911613822588
-11.457740595396318
-10.520999343623968
-11.059841213538808
-12.141876500641825
-12.34502412166603
-11.232751109530827
-7.96979456202908
-8.823518680501541
-10.085519116764004
-11.14164633283118
-11.786970912196615
-10.737239314795668
-12.002385717278617
-9.362135778498935
-8.04579096849678
-12.594795766667232
-8.342286829643596
-10.64692079588444
-8.603970934370901
-9.415738216618324
-10.686407002553057
-7.769405806911294
-8.74015499383409
-8.322948421362064
-8.200893913718406
-8.624942402379906
-8.716933442368063
-11.245494444880038
-10.227406347324886
-12.401817420733883
-9.303853984587132
-10.32938890006195
-10.833358444384244
-8.549029642211847
-9.273496573125405
-9.717389353362252
-8.754241165050527
-9.697847194372354
-12.165382322395988
-8.591791170986323
-11.198954307966003
-11.797725104097747
-9.2394706348845
-7.3692749407199685
-8.296169497305133
-8.292648490171281
-8.593002054855898
-9.743947856973953
-7.955332360616772
-11.092565335563336
-10.779662758234908
-11.669215520640691
-12.624398432426847
-10.849969352323791
-8.814538753996022
-10.235716075258246
-8.754072230020721
-13.034596232096467
-8.626388248439511
-9.30303478652939
-7.46156459712625
-11.558946787409571
-9.264823227645177
-7.570189455871152
-10.692926847350053
-8.126337146343143
-11.589264695437251
-8.79297368627999
-10.147992800703957
-11.04901644804816
-11.586927501681096
-10.065246401818705
-6.138010724485248
-6.656434347279285
-6.47321593185134
-8.208674962188116
-8.284338300984825
-12.172527201995148
-11.273357027958792
-13.108050909308371
-12.34727005549982
-8.957218716672717
-9.211766228225974
-8.540738573418338
-11.209998011361298
-12.430959308187823
-12.304568412963238
-8.034109358756018
-10.340666834711383
-8.09940558644795
-10.213139224266985
-6.722473146444706
-11.687362286606293
-8.05585878324865
-8.482246400351977
-7.580857738501202
-9.605481186881368
-11.570115203908182
-11.785908465830603
-8.642788815547917
-6.940799233968264
-7.087034526655813
-9.030225252466606
-7.769405806911294
-12.192448106366662
-11.614808954612172
-9.1289990466637
-8.09940558644795
-10.343350298638697
-10.869499510604264
-10.456050348879044
-10.292925522938207
-9.72226974594182
-7.908855129840192
-10.148221312358366
-10.58878677635793
-7.884159830706729
-9.762890318617448
-11.98569699817286
-8.01633073940743
-9.529715481191953
-8.713776758922457
-10.46482110258077
-10.575540266491538
-11.076650046986353
-11.436830807691523
-11.9058899339716
-6.43618018735867
-11.209587419095811
-9.278121123543675
-10.401059725122305
-12.179523351811229
-9.643885780845746
-11.974402670180924
-10.413069209938165
-11.972858459990022
-8.62056360199842
-11.801931009591497
-7.963076501671296
-7.813113558175067
-12.166884574061621
-7.848466228225974
-11.364933645977025
-8.208470416177645
-11.95762235360744
-11.998195237997708
-9.135509985089106
-8.031240221678203
-7.894910565379165
-6.64067514995729
-8.999180925064671
-6.954234264987029
-7.567719535472751
-8.08577289387828
-7.104197082790903
-11.235075417093842
-10.332655946773313
-9.009751468857003
-8.99126362051887
-7.455234792396293
-10.230076404802174
-8.1798
-10.27018591746495
-11.997000100907245
-7.539693187624343
-7.644436243621097
-11.65819245293823
-11.946783244259109
-8.851126362807303
-7.607274328083912
-8.60242157278432
-8.997776801796418
-8.67949245450835
-11.231430005811548
-8.737301621240773
-8.993525793481007
-7.146931547203093
-10.844611183020149
-10.296789455871153
-7.988673957993751
-6.8165
-9.68042086372991
-11.921686993792662
-8.501298678712262
-9.306995160273546
-11.28716129191973
-9.48666935232379
-11.518278176073787
-10.592577469143357
-8.266350814878525
-10.493052814918647
-10.162476978388531
-10.986559907534318
-10.962889858003491
-9.729431944797781
-11.463901621240772
-11.915144676759947
-9.870596184216803
-11.064025812087111
-11.562809945764474
-11.038517420733882
-12.742475379970074
-7.712975159235086
-8.311917420733883
-10.318321780322053
-8.1798
-12.602515809261693
-10.115981022732303
-10.64692079588444
-11.072789233878215
-8.29729757504528
-8.53592046461826
-7.992545139968279
-9.990128990276236
-10.238439605000123
-10.206730445827377
-11.751358014174567
-9.374253057869572
-8.959423835300552
-7.198006821666659
-8.67949245450835
-12.070483648959858
-7.438072035137269
-9.20503804596895
-9.550847425765484
-10.628123227645178
-7.366459179532446
-8.024461027800088
-9.135673600930646
-7.9015232276451774
-9.098155457591911
-7.831786993792662
-12.45603194479778
-9.70792858747755
-11.140867062943453
-10.650753001283649
-11.038517420733882
-8.559235783553543
-8.614363821085862
-8.123369352323792
-10.633700100907244
-8.416912221477963
-12.22413339414464
-10.67668738071305
-9.049956441157216
-11.895940604098824
-10.5049541938739
-12.963126602795736
-9.675217420733883
-9.531375385836977
-10.849969352323791
-11.372633062937359
-9.306995160273546
-8.7251157920004
-10.73239349689633
-8.188748386962605
-11.727188386177412
-8.861445817325126
-9.705586829643597
-11.997099691192206
-6.760069352323791
-10.770034922143951
-11.08467639649076
-10.279288467430591
-10.296789455871153
-12.406051045876413
-11.451730664299598
-11.179019974542472
-8.316128684206275
-9.952074918736264
-9.679451045876416
-7.798925719454974
-7.9142403966977
-8.024461027800088
-8.491194787314585
-9.822420903729288
-9.183024816545252
-8.464717004786518
-10.41842742308428
-7.574433729724887
-12.769392454508349
-9.01740296720342
-8.69061153560395
-8.540258020041472
-9.112337628038585
-8.35727683706178
-11.179019974542472
-9.639323178573704
-13.193718435489247
-8.358076396490759
-6.243524253058683
-7.858545005282801
-9.503041095881754
-9.376483093150656
-10.0884306642996
-9.55590852115306
-11.860787844398962
-11.588101988632712
-7.287436232420581
-9.30303478652939
-9.1066445681448
-11.39248096614638
-11.451701980854276
-10.849969352323791
-8.81333352614569
-8.271167245472103
-11.751358014174567
-12.114361027800088
-10.424381798628527
-11.340963821085861
-10.174909875242232
-8.614363821085862
-8.433036252738672
-6.36213116681484
-10.12857881005901
-11.511292800703956
-8.492297812502601
-8.340651262866723
-13.433783648959858
-8.390977842048564
-8.043905381975758
-8.104302720836461
-12.634527587233347
-11.860787844398962
-11.353428990276235
-10.798452207263272
-8.680870973564565
-12.440028979618095
-8.782170814306912
-8.329189025068713
-10.906910358221843
-10.056053717009485
-10.04004500796723
-8.873226602795736
-11.302752262201649
-10.526375215821009
-12.2697
-11.997000100907245
-8.861445817325126
-7.149315809261692
-7.4213928007039565
-7.528748815613129
-10.770034922143951
-12.951401988632712
-6.99477639649076
-7.24607057622091
-12.026927734794134
-7.980583648959858
-11.751358014174567
-10.124508138543518
-11.002623178573705
-7.062515752675771
-11.615306534666518
-13.354723227645177
-7.769405806911294
-9.886395262782447
-12.029634786529389
-12.114361027800088
-12.493703043884375
-11.599826602795735
-10.01063575579991
-11.729561430104383
-11.959022055600178
-8.492197452528265
-10.5049541938739
-10.388058014174566
-12.678674918736265
-11.064230918359872
-12.070483648959858
-7.614066834711383
-7.93973478652939
-7.815564782668171
-11.588101988632712
-9.528997485598993
-12.12192156729833
-8.786339738253178
-10.99432294450117
-7.2781422468398755
-7.396050193909332
-11.533580927669833
-10.211105394308579
-9.624873249278053
-10.0884306642996
-10.9064
-7.529340593440684
-11.860787844398962
-11.802875159235086
-11.323942050532391
-10.606982699023199
-7.166280019895526
-9.44510325943956
-8.97282984954379
-10.883178448533972
-11.271227587233346
-11.302752262201649
-8.123369352323792
-6.708552207263272
-9.92456923207438
-9.27043745689118
-8.751755020272345
-13.525052207263272
-10.770034922143951
-9.134098817458387
-10.9064
-6.406105806911294
-9.024758014174568
-8.768042176108004
-7.031922115902297
-9.48131118302015
-6.8165
-11.315374918736264
-12.213269352323792
-10.0884306642996
-10.388058014174566
-9.435152207263272
-12.2697
-12.04159627753781
-8.598541794949352
-10.217729034556472
-10.250049264562808
-7.75478596122269
-11.878233864728061
-11.997000100907245
-11.042751045876413
-12.406051045876413
-9.28362079588444
-10.496005806911294
-9.907927587233347
-10.9064
-7.30258096614638
-6.377218435489247
-10.72000885079567
-10.770034922143951
-6.323356441157215
-13.22408784439896
-6.875208587006207
-10.855376455357547
-11.32035733523985
-11.609454029018526
-10.280110221437841
-9.341252193112513
-11.327548601788756
-10.066245372979447
-6.8165
-9.007736243621098
-12.54231997454247
-8.029836793960227
-10.363888386177411
-9.801325187528047
-10.366261430104382
-10.164672035137269
-7.740518435489247
-7.851095170791686
-10.633700100907244
-9.777529156258126
-11.991423227645177
-12.114361027800088
-12.2697
-9.789115752675771
-11.72435323151567
-11.72435323151567
-10.115981022732303
-8.213920680173443
-11.353428990276235
-9.253824638916084
-6.971247194372355
-10.217729034556472
-8.583628155450825
-8.4072705423293
-8.071852207263273
-8.22276719623642
-9.845546400351978
-13.22408784439896
-8.854429034556471
-9.406781951308531
-11.997000100907245
-12.742475379970074
-12.498040599307588
-7.570189455871152
-10.361053231515669
-10.056724242400541
-11.451730664299598
-7.637288386177411
-11.451730664299598
-7.418872445008956
-11.463901621240772
-10.04971737166241
-12.406051045876413
-10.181834792396293
-12.582097452528263
-12.13333492214395
-8.512615809261693
-12.406051045876413
-6.8165
-12.985515863043263
-6.091934792396293
-10.955768054979803
-11.63504919029419
-11.076728979618094
-8.784692800703956
-10.860833394144642
-6.576434786529389
-10.9648471281072
-9.323459217744624
-9.153799720629701
-10.707183648959857
-11.298144661771621
-9.865618616375647
-12.447976396490759
-14.585905806911294
-9.815719974542471
-11.451730664299598
-10.633700100907244
-9.134098817458387
-8.997776801796418
-10.0884306642996
-10.361053231515669
-10.526375215821009
-10.0884306642996
-10.497487844398961
-9.11808596122269
-7.812373003147715
-11.009630049311836
-8.66588096614638
-10.883178448533972
-12.070483648959858
-11.208846400351979
-10.296789455871153
-11.169710448356996
-11.911900429370505
-11.619240593440683
-10.76302251880851
-12.114361027800088
-6.9560649864437405
-12.13333492214395
-12.72946224806851
-8.390510519715056
-11.042751045876413
-10.04279245450835
-6.898953402905038
-8.043467842166917
-9.697847194372354
-10.085611613822588
-11.179019974542472
-8.997776801796418
-9.67153989724831
-9.679451045876416
-12.2697
-12.612995262782446
-11.640730769346161
-10.855376455357547
-12.464647504580242
-10.912350539205159
-11.662207789677103
-9.435152207263272
-11.271227587233346
-10.955768054979803
-7.907141192619206
-11.52797203513727
-10.496005806911294
-11.889675215821008
-11.751358014174565
-8.997776801796418
-11.479281022732302
-8.81506220961367
-11.464661664876717
-11.100898607615251
-11.260363545412497
-9.780212221477962
-11.72435323151567
-9.002961430104383
-10.388058014174566
-8.959423835300552
-6.502328985484999
-10.044170973564565
-12.474185510209441
-11.179050772806505
-10.59923585622313
-10.813442214681459
-10.455946902793048
-9.076275159235085
-10.236526602795735
-10.849969352323791
-10.798452207263272
-9.175673003147715
-10.263888010313348
-9.264823227645177
-10.199509945764476
-12.680094193088705
-12.797591768133984
-12.375288921024282
-12.100853057869571
-12.213269352323792
-11.52797203513727
-9.561134094674827
-11.316794193088706
-12.13333492214395
-9.041758254013732
-12.45603194479778
-9.434018485537761
-10.510995814329478
-11.053507428152066
-12.680094193088705
-11.45175859656839
-11.179052295106379
-12.2697
-12.406051045876413
-7.185177592132524
-7.0147106803840025
-8.546260283860928
-10.013690596374136
-12.020872382814979
-11.179019974542472
-9.855497452528263
-8.633161389325126
-9.343883648959858
-7.549412809464353
-10.413256441157214
-9.815719974542471
-10.679191908275788
-11.179050212947358
-11.406285073382795
-11.340963821085861
-12.114361027800088
-12.524755220888794
-11.13358955391543
-8.57499699614306
-10.042967681111577
-9.228928985484998
-9.264823227645177
-8.42581575267577
-9.147695814329479
-8.861445817325126
-9.343883648959858
-12.406051045876413
-12.13333492214395
-11.997000100907245
-7.374001621240773
-9.062531324520432
-10.085611613822588
-6.8165
-9.819485161585483
-9.657531623931693
-10.085611613822588
-9.952074918736264
-10.214040090117074
-8.7251157920004
-10.66633478652939
-10.995698261419642
-11.58102903455647
-12.46557233088581
-10.363888386177411
-12.982540593440683
-8.590194193088706
-10.252006534666515
-7.712975159235086
-11.316794193088706
-11.042751045876413
-8.997776801796418
-7.5815597291989585
-7.6174564316504405
-11.042751045876413
-11.315374918736264
-10.361053231515669
-9.952074918736264
-10.361053231515669
-9.134098817458387
-10.361053231515669
-10.0884306642996
-10.495198536567841
-10.276012809464353
-10.383144511558879
-11.77812961922342
-8.024461027800088
-9.27043745689118
-10.0884306642996
-7.031922115902297
-10.484281192748272
-8.024461027800088
-9.632398261419644
-10.091562153027748
-8.906619373171242
-6.502328985484999
-12.070483648959858
-11.776556441157215
-5.966824242400541
-10.374555622845119
-9.788801940601996
-10.236526602795735
-10.25569483128396
-12.2697
-7.374001621240773
-7.128897452528265
-11.009630049311836
-7.079810448356995
-9.264823227645177
-9.215159209816331
-10.9064
-7.507448904773526
-10.388058014174566
-7.632570642752521
-9.467395417902106
-9.855497452528263
-9.815719974542471
-9.952074918736264
-12.27565053920516
-12.2697
-11.179019974542472
-10.363888386177411
-8.024461027800088
-10.628123227645178
-11.353428990276235
-11.042751045876413
-8.854429034556471
-8.229168054979803
-9.679451045876416
-9.815719974542471
-9.460350634245922
-8.1798
-9.624873249278053
-11.143512221477962
-10.686407002553057
-8.452457508135764
-8.1798
-9.625553402905037
-6.949080340036327
-12.2697
-10.361053231515669
-8.688672789430335
-9.667862373762738
-10.9064
-10.115981022732303
-8.1798
-11.617142068759636
-10.13810901419463
-10.0884306642996
-10.930569627997155
-8.512615809261693
-8.861445817325126
-12.006413235063361
-10.376961637934299
-9.22200406833094
-10.9064
-11.451730664299598
-11.72435323151567
-11.316794193088706
-10.66633478652939
-10.393012634444856
-11.889675215821008
-9.076275159235085
-11.315374918736264
-8.540258020041472
-8.861445817325126
-8.808401924836282
-10.467118435489247
-7.575926442804501
-7.058314412127214
-8.124446829722485
-8.45241997454247
-5.641538659387365
-11.208846400351979
-10.628123227645178
-8.334547194372355
-12.623663545412496
-6.8165
-10.66633478652939
-11.955528985484998
-11.588101988632712
-8.933489455871152
-10.688452164058702
-8.325337939289316
-9.653420836663699
-11.660467294893202
-10.210306314288976
-8.69342424240054
-9.731870137675873
-10.770034922143951
-10.633700100907244
-8.468590059623246
-11.669897166159029
-11.434291768133985
-10.9064
-7.109159835929821
-8.010953057869571
-8.318190949424597
-5.639531944797782
-8.097050634245921
-8.365455602123955
-8.436843049491758
-11.340963821085861
-11.08467639649076
-9.342129345061629
-10.087021139061093
-10.217729034556472
-8.433036252738672
-7.682717547356496
-9.577220680173442
-7.845429081067643
-10.838253909470716
-10.9064
-7.405170589579465
-12.16743121427901
-9.029712634444856
-6.509335856223131
-8.630620296724219
-9.257468180674032
-11.619240593440683
-7.740518435489247
-8.466088200651646
-9.918994706973244
-10.296789455871153
-10.027836870978495
-8.375945545164472
-8.540258020041472
-8.404668016524965
-7.740518435489247
-8.602155684097127
-8.512615809261693
-11.64341022143784
-11.2208078913604
-10.171477554515807
-10.617851555725846
-9.713428979618095
-12.13333492214395
-12.2697
-11.860787844398962
-11.18943240970703
-11.016720836663698
-11.58102903455647
-8.45210364986857
-10.373438168485963
-9.577000180428536
-12.480877842048564
-12.114361027800088
-10.9064
-8.304562373762737
-9.54905053920516
-7.128897452528265
-10.214040090117074
-10.883123713055664
-7.549477556773216
-11.170634841467766
-10.085611613822588
-7.27626224806851
-11.293572641622678
-13.318828985484998
-11.18943240970703
-6.661161027800089
-7.591721780322053
-8.5117024354968
-11.826624446546605
-9.025054125042043
-11.353428990276235
-7.429985649510655
-12.360600697250943
-9.27043745689118
-10.633700100907244
-12.56235983592982
-10.849969352323791
-8.560850634862106
-9.88158677991732
-10.628123227645178
-9.690207428152068
-9.754277842048563
-12.515715752675769
-10.9064
-11.72435323151567
-11.363932204878331
-10.074758337075371
-10.292914740878992
-14.132692454508348
-9.264823227645177
-10.199509945764476
-7.330124242400542
-12.754436870978495
-11.895940604098824
-9.534284844601622
-11.179019974542472
-10.633700100907244
-10.568338045968948
-11.751604762945457
-7.2388556840971265
-11.353428990276235
-9.387761027800089
-9.653420836663699
-8.80137203513727
-10.9064
-11.588101988632712
-7.595682154066209
-12.678674918736265
-8.657861787117737
-10.234619761639712
-10.724346406218881
-12.192121616172987
-11.042751045876413
-10.115981022732303
-10.44498226226884
-9.807334841467766
-8.152041463366379
-11.511292800703956
-9.460350634245922
-8.151476776945723
-9.804709935180341
-10.877512628577954
-10.498973600930647
-11.928783713278934
-10.075339941903257
-9.29519263655489
-12.332081186881368
-10.707183648959857
-10.526375215821009
-7.455234792396293
-7.224183106184695
-10.66633478652939
-11.067659308187825
-12.114361027800088
-10.976728603754033
-11.497153628918875
-9.729431944797781
-9.089886647597055
-10.199509945764476
-8.63956224806851
-12.161752207263273
-10.497487844398961
-9.771440599307587
-8.276023178573704
-10.633700100907244
-7.570189455871152
-8.49089431856052
-11.379004385859764
-12.12354064837906
-11.727188386177412
-10.628123227645178
-7.159795262782446
-7.865628985484999
-8.1798
-8.626828990276236
-11.588101988632712
-7.266560090755652
-10.628123227645178
-9.138656346116454
-9.150739901586123
-8.031332366051153
-10.423643964910347
-10.352163772014388
-11.751358014174567
-9.953494193088705
-9.153799720629701
-12.029634786529389
-7.980583648959858
-8.826423381342318
-8.836209945764477
-8.002554709012292
-9.076275159235085
-12.75578096614638
-10.496746825655126
-9.598288953377761
-11.293572641622678
-10.59923585622313
-11.681621780322052
-11.703966834711384
-11.179019974542472
-10.32938890006195
-11.830418435489246
-11.72435323151567
-11.859305806911294
-9.182073861891098
-7.2522985945619265
-10.770034922143951
-9.134098817458387
-8.452457508135764
-9.406781951308531
-11.042751045876413
-11.72435323151567
-10.770034922143951
-10.276012809464353
-8.854429034556471
-9.789115752675771
-8.559055588280735
-8.820278751439737
-9.879040215811301
-13.525052207263272
-9.101005728692655
-9.060343964910347
-12.258413904162815
-7.6810200417416965
-9.735949446950775
-7.087741005439648
-9.068255980206443
-10.244266568731124
-7.361820253650936
-10.0884306642996
-10.9064
-9.952074918736264
-11.769839536535267
-12.332081186881368
-10.085611613822588
-9.901385270200631
-10.496005806911294
-8.590194193088706
-9.790013514283986
-11.100898607615251
-10.793538704647583
-9.178539385923933
-9.228928985484998
-9.264823227645177
-10.779038216618325
-11.038517420733882
-11.076728979618094
-5.903906203584991
-14.031669578925682
-12.416807428152067
-11.170634841467766
-7.374001621240773
-8.216434797187532
-10.918965956264781
-9.555665956264782
-11.918406798880842
-11.596457290513005
-11.596019041974657
-12.680094193088705
-10.070991768133984
-7.203672641622678
-9.514212628577953
-11.379175379970073
-7.30258096614638
-11.415810177157603
-11.621217468957305
-11.511292800703956
-11.17714632213334
-11.727188386177412
-10.38070296720342
-8.979706999589046
-7.41580383217482
-9.387761027800089
-9.886395262782447
-10.9064
-11.218797452528264
-10.439575159235085
-10.899379034556471
-9.401584387220742
-10.429256307804064
-10.900508671122124
-9.406781951308531
-6.661161027800089
-8.614363821085862
-8.453359028929931
-9.57160264855977
-9.985429949067873
-10.388058014174566
-9.256810686250907
-11.13814609103829
-14.585905806911294
-11.451730664299598
-11.406092454508348
-7.931892636554891
-10.403048021592753
-8.578469578925683
-8.534194301100598
-11.463901621240772
-10.94303479718753
-8.594949830440914
-12.2697
-7.661458014174567
-8.482246400351977
-10.126989349595215
-8.323124196959197
-7.344391768133985
-10.66633478652939
-9.2394706348845
-11.547122954172634
-10.246154029018527
-10.536091019018059
-9.134098817458387
-11.72435323151567
-7.638619917048814
-8.562435656455085
-7.9256928556423345
-9.331330380123882
-9.138754678933397
-10.633700100907244
-11.451730664299598
-11.315374918736264
-12.815056518191659
-10.497376666211457
-11.247250994316357
-11.921686993792662
-11.22447162260707
-8.329760800745385
-11.39248096614638
-12.161752207263273
-12.85923682818902
-8.493362675417892
-7.375453220661567
-10.225224038265562
-10.764884387220743
-9.406781951308531
-10.497487844398961
-10.0884306642996
-11.997000100907245
-9.406781951308531
-8.588786731975965
-11.042751045876413
-11.72435323151567
-12.13333492214395
-11.588101988632712
-9.203653095316382
-6.293244511558878
-10.558386993792661
-9.406781951308531
-10.224801988632713
-11.315374918736264
-11.72435323151567
-11.002623178573705
-6.689138216618325
-8.409011936723392
-8.643436244444773
-10.44638090341607
-8.043467842166917
-9.946247688429251
-8.818534792396292
-10.044170973564565
-8.316128684206275
-11.860787844398962
-10.497487844398961
-11.315374918736264
-11.997000100907245
-11.997000100907245
-10.51402454902818
-7.9207717074966295
-7.634479158876101
-7.30728777245691
-7.225490275993837
-9.653420836663699
-10.181834792396293
-10.015875379970073
-11.3698222840724
-9.992653828504046
-11.776556441157215
-8.242181186881368
-9.612096603940989
-7.027677842048563
-7.149315809261692
-13.193718435489247
-11.028973559191607
-11.77913628692603
-11.316794193088706
-11.059611334452292
-8.129396786353363
-11.827605728692655
-10.62076818067403
-8.104824141977321
-12.045637751709078
-9.657716432293322
-8.287984669582126
-8.531614455331784
-13.433783648959858
-11.117577842048563
-10.766752129044635
-10.356124145758546
-11.234353815947632
-11.802875159235086
-8.69563868337643
-12.842269486988636
-10.173191227686605
-10.428906876605035
-9.48666935232379
-7.7997752158210085
-10.303167330834437
-8.156578448533972
-10.361089191692088
-11.860787844398962
-8.262253402905037
-8.833415580345985
-11.616050315626524
-6.892186773057675
-13.311904068330938
-10.17663352614569
-9.711852217921415
-10.947286624639027
-12.181634768851948
-11.217194002212626
-9.633983835441137
-11.002832182635595
-10.592228985484999
-11.223634024015952
-10.812430986993832
-10.839301069693741
-8.1798
-9.729431944797781
-9.132705806911295
-8.024461027800088
-7.980583648959858
-8.443745884066992
-9.272270793355034
-11.58102903455647
-13.378285397681307
-12.213269352323792
-9.218571747604514
-6.88466495890116
-10.08018497544898
-10.190672369080385
-9.101005728692655
-7.509926602795735
-10.094516142770185
-8.374298607615252
-11.434291768133985
-8.168075385836977
-10.363888386177411
-11.063100909308371
-10.039076938817878
-11.316794193088706
-8.588786731975965
-10.558386993792661
-11.271227587233346
-9.425365642841115
-12.13333492214395
-10.361053231515669
-12.406051045876413
-11.72435323151567
-9.519878448533971
-8.768470589579465
-8.618075893854613
-12.572146400351977
-9.57160264855977
-8.302497375979078
-10.224801988632713
-10.224801988632713
-7.907141192619206
-7.661746720465194
-10.204917048798231
-11.479281022732302
-10.798452207263272
-11.889675215821008
-12.472479493191285
-12.521423831119606
-8.630620296724219
-11.451730664299598
-9.134098817458387
-8.22276719623642
-11.588101988632712
-11.906135314187614
-11.588101988632712
-11.042751045876413
-10.770034922143951
-11.340963821085861
-11.465421708512661
-6.760069352323791
-10.930569627997155
-11.830418435489246
-11.239215809261692
-10.66633478652939
-6.652121559587065
-6.058092800703957
-7.192394706973244
-10.75106102780009
-12.345386773057674
-7.509926602795735
-11.579181689322438
-10.798452207263272
-7.765275729705547
-11.599826602795735
-8.920825846396056
-8.8452494139775
-8.123369352323792
-12.161752207263273
-7.3893810227323025
-9.679451045876416
-11.997000100907245
-11.379175379970073
-10.628123227645178
-10.707183648959857
-7.691736320811339
-13.695381186881367
-8.85098002272531
-8.017218446147389
-10.102121708512662
-10.288391107013872
-11.389795820196381
-9.406781951308531
-9.104490483073189
-11.72435323151567
-7.980583648959858
-9.646330049311835
-9.686538565628995
-9.185733897894988
-12.197338157999054
-13.104871449752409
-10.018512683516331
-11.819246902793047
-10.63933000387049
-11.28341288231443
-11.393828119553914
-12.287734094674828
-10.498973600930647
-11.859305806911294
-12.070483648959858
-11.193264615106237
-12.716728990276236
-11.860787844398962
-9.733501195641763
-11.811004444844299
-10.354490194132039
-11.343435948548699
-8.545725036420919
-12.572146400351977
-11.859305806911294
-9.77844747004572
-11.649610002350398
-9.788219350283226
-11.947306053220053
-10.00286224806851
-12.963126602795736
-8.283030049311837
-11.545134792396293
-8.7251157920004
-7.9871506367566685
-11.451879407841941
-10.199509945764476
-12.002630003870491
-11.918406798880842
-8.262253402905037
-10.015875379970073
-10.436890013285089
-8.29729757504528
-11.058079448301013
-9.132705806911295
-9.359283065914072
-9.261199388545407
-11.479281022732302
-9.625553402905037
-9.079513491832222
-7.392722765153557
-7.1199340130366515
-10.839301069693741
-9.62863575534885
-8.177147586534609
-12.75578096614638
-12.769392454508349
-6.760069352323791
-12.797591768133984
-10.200675725428042
-6.018353661621816
-11.590547212440008
-9.692489025068713
-8.584302864210828
-8.682252709704342
-12.352153402905037
-6.708552207263272
-10.753806365869876
-9.258972484728343
-12.787710517374318
-12.283355551297703
-12.079002841509194
-10.056724242400541
-10.318321780322053
-11.479281022732302
-11.293572641622678
-10.517099720629702
-9.82613240970703
-7.870697744447326
-11.895940604098824
-12.325538869848652
-11.99513530041393
-10.361053231515669
-10.924434094674828
-11.009630049311836
-9.771440599307587
-12.680094193088705
-10.9064
-11.830418435489246
-11.681621780322052
-9.497533394144641
-10.224801988632713
-10.0884306642996
-9.679451045876416
-10.44498226226884
-11.451730664299598
-10.633700100907244
-8.043467842166917
-11.208846400351979
-9.625553402905037
-8.955021780322053
-10.9064
-11.588101988632712
-9.410982579266117
-7.053612221477963
-8.707691768133984
-8.67949245450835
-9.264823227645177
-7.116425593277753
-9.842986290701006
-9.343883648959858
-9.845546400351978
-10.228935810781785
-11.08467639649076
-10.917757642238914
-8.774906236281799
-8.999182593986914
-7.31619245450835
-9.383224042632497
-9.490316340940144
-12.16798479185846
-11.915144676759947
-10.156607342905996
-12.78098028851589
-9.537208671122123
-7.09953240970703
-12.54231997454247
-11.179019974542472
-12.13333492214395
-10.633700100907244
-11.997000100907245
-9.952074918736264
-9.406781951308531
-12.44693717963403
-13.08765323151567
-11.451730664299598
-11.042751045876413
-9.94009100014467
-9.228928985484998
-6.406105806911294
-11.785556716093433
-12.520960940614648
-8.62181138679572
-9.106842903545896
-7.729346902793048
-11.645469610182548
-10.860833394144642
-11.619240593440683
-12.151965642841114
-10.707183648959857
-10.9064
-10.988853402905038
-8.707691768133984
-12.161752207263273
-12.733206702016256
-11.311233881469226
-9.769701762030822
-8.912712809464352
-8.955021780322053
-8.269098261419645
-6.468486993792662
-10.224801988632713
-13.132183672865226
-10.670295160273547
-10.936769408909713
-10.852126271529553
-11.39248096614638
-9.57973479718753
-10.739783093150654
-10.538973003147715
-10.439575159235085
-10.2009470184777
-11.329965232356768
-10.514039901586123
-10.408130230198237
-11.09273194479778
-10.388058014174566
-10.764884387220743
-8.319364986443741
-7.263528990276237
-10.212155967198594
-9.020030237330822
-8.913331577773052
-12.215426271529555
-12.13333492214395
-9.556755551297702
-9.625553402905037
-11.08467639649076
-10.849969352323791
-12.401817420733883
-10.592228985484999
-11.991423227645177
-11.776556441157215
-10.56168546286511
-10.982086773057674
-11.79485598020644
-9.543099999999999
-9.543099999999999
-11.179019974542472
-9.27043745689118
-11.038517420733882
-9.531375385836977
-12.812211613822589
-8.963858864780866
-8.071359018007618
-8.600948601788756
-9.30303478652939
-9.799066804852057
-12.171703259439559
-12.114361027800088
-10.157943852880244
-10.529499622370617
-10.296789455871153
-12.2697
-9.363450557615588
-11.997000100907245
-11.860787844398962
-10.715702841509193
-10.582937550921548
-11.179019974542472
-11.550382156142103
-8.847073987585325
-11.865256346116453
-10.82262183526043
-9.076275159235085
-9.076275159235085
-11.553972088246615
-11.860787844398962
-10.770034922143951
-10.770036042734029
-11.633540165777092
-10.90640073088669
-10.77006852767862
-11.860787844398962
-11.72435323151567
-11.860787844398962
-13.22408784439896
-11.991423227645177
-12.46419860761525
-8.861445817325126
-9.669326091856007
-8.398639578014755
-9.952074918736264
-12.515715752675769
-9.103818435489247
-11.815261989340122
-11.769784999197888
-7.533300967184841
-7.109159835929821
-11.315374918736264
-11.715463772014388
-8.405534254670966
-11.340963821085861
-7.696520237616421
-12.13333492214395
-10.770034922143951
-10.633700100907244
-11.133644766899652
-10.728715973410758
-11.134740599307587
-9.737598607615253
-9.809187968699439
-11.293572641622678
-10.5049541938739
-7.907141192619206
-7.4213928007039565
-10.770034922143951
-10.361053231515669
-11.249695262782446
-9.024758014174568
-11.179038991453242
-7.198006821666659
-11.449652632566423
-12.2697
-11.859305806911294
-11.997000100907245
-11.463901621240772
-10.100601621240774
-9.543099999999999
-9.543099999999999
-9.406781951308531
-8.997776801796418
-9.037954730597086
-11.590353222018637
-11.034828476294484
-12.828721708512662
-10.678296277537811
-10.592577469143357
-10.77380910969496
-10.885460045450618
-8.335316620948708
-9.32815933551906
-11.208846400351979
-10.457054618115558
-11.276735288970459
-9.301064489645618
-8.08180325943956
-8.329951515408712
-11.39248096614638
-10.981414344061855
-10.982086773057674
-11.134740599307587
-11.328755684097127
-9.929135131825758
-11.198090018076325
-11.08467639649076
-10.033909474644902
-7.977943809887254
-7.936203490181188
-9.952074918736264
-12.401817420733883
-8.071852207263273
-11.921686993792662
-8.840862284382432
-8.43667979449662
-9.83575983592982
-8.47245983592982
-8.70913761419359
-11.69268890006195
-12.128184387220744
-9.515031385303576
-10.855376455357547
-7.5327052196915
-9.769701762030822
-11.681621780322052
-10.855376455357547
-9.951130622416194
-11.655875390628214
-9.621484152061054
-9.508600513884538
-7.732120086631968
-12.406051045876413
-12.2697
-9.845546400351978
-9.319037751709077
-10.0884306642996
-10.770034922143951
-8.784692800703956
-13.021492452938231
-11.601739605000121
-11.956225952801713
-11.08363717963403
-9.77484609103829
-10.197539648880705
-9.195086993792662
-8.53581243183497
-8.806468827017602
-8.9982248155049
-11.179019974542472
-7.47088421721503
-9.406781951308531
-11.134740599307587
-11.997000100907245
-9.679451045876416
-8.843430445827378
-7.790806574053092
-7.455234792396293
-9.049956441157216
-8.80137203513727
-10.217729034556472
-10.292925522938209
-10.224801988632713
-10.361053231515669
-10.838214075125967
-10.906420921045076
-12.54231997454247
-10.451955209824309
-11.681621780322052
-10.041119276130768
-12.858370589579465
-8.066938704647583
-10.75106102780009
-9.30303478652939
-10.938017193707013
-11.059611334452292
-11.550382156142103
-10.551844676759947
-9.853493817224642
-12.037582203402055
-12.118933047949033
-10.992265940693219
-12.147132361574668
-9.382320802690456
-11.53993352614569
-11.226880495026807
-7.60952984954379
-12.029634786529389
-7.740518435489247
-9.138656346116454
-9.112337628038585
-11.492701420754596
-11.011988921024281
-10.070991768133984
-8.749573017342467
-12.2697
-10.224801988632713
-11.328755684097127
-8.299869894922768
-11.410792573677089
-9.195086993792662
-12.949044337273966
-11.368742093837325
-11.009630049311836
-11.681621780322052
-12.27565053920516
-10.450439201055936
-12.372930049311837
-12.963126602795736
-10.211105394308579
-8.022188189434427
-9.014728846320548
-7.959807002553058
-12.656872641622677
-7.694429948888616
-10.526375215821009
-9.378721559587065
-12.04970700255306
-11.36103603710953
-10.780828877380815
-8.929611414284896
-11.038517420733882
-11.841804818470731
-11.451730664299598
-10.698785300102578
-11.445958621829941
-7.931892636554891
-9.211766228225974
-8.024461027800088
-7.686656441157215
-8.22276719623642
-11.38181268351633
-11.991423227645177
-12.114361027800088
-12.358998261419643
-9.163075215821008
-9.120981192748273
-7.2342818050070905
-9.897063545412497
-10.00286224806851
-9.268535300413928
-6.963303878457042
-7.544735576023206
-10.434216989931445
-7.987389168338397
-10.126239192148631
-9.392333047949034
-8.57615226220165
-9.435152207263272
-6.284812979663303
-7.334554544637724
-6.92556383706424
-12.2697
-12.674231886007194
-10.236526602795735
-10.995698261419642
-11.023897575045279
-10.224801988632713
-10.439575159235085
-11.479281022732302
-11.72435323151567
-8.22276719623642
-11.58102903455647
-11.600017625112985
-10.81954612098168
-10.59888353626797
-11.01097078043435
-10.670295160273547
-8.892640593440683
-12.406051045876413
-8.076806827533563
-7.480130445827378
-8.970574328083913
-11.514591269776407
-10.085611613822588
-9.275125345977271
-10.337270581397647
-9.408882265287325
-9.060343964910347
-8.931378674073404
-12.109824042632496
-12.161752207263273
-8.573843979873741
-6.661161027800089
-9.103818435489247
-8.752681022732302
-9.952784555912483
-7.831786993792662
-9.156875434908452
-8.854429034556471
-9.450142214681458
-9.264823227645177
-10.164672035137269
-8.071852207263273
-9.383224042632497
-8.74494138746106
-7.712975159235086
-11.72435323151567
-7.215169578925683
-7.455234792396293
-10.305308648420487
-8.071852207263273
-8.977366834711383
-7.963904414526547
-11.588101988632712
-11.588101988632712
-7.9015232276451774
-12.680094193088705
-8.281622025658528
-8.101702480964647
-9.327204414526546
-11.955528985484998
-10.94303479718753
-10.628123227645178
-7.226894193088706
-8.925664238147242
-10.0884306642996
-10.361053231515669
-10.361053231515669
-12.951401988632712
-11.860787844398962
-7.831786993792662
-11.316794193088706
-9.679451045876416
-8.880396289988983
-8.1798
-10.66633478652939
-7.634479158876101
-10.849969352323791
-9.952074918736264
-11.042751045876413
-12.54231997454247
-11.588101988632712
-9.952074918736264
-10.0884306642996
-6.661161027800089
-12.13333492214395
-9.27043745689118
-11.72435323151567
-9.30303478652939
-9.00058838617741
-8.892640593440683
-8.42581575267577
-10.798452207263272
-10.363888386177411
-8.997776801796418
-10.565547446639368
-9.198385462865112
-10.497487844398961
-8.1798
-8.123369352323792
-11.451730664299598
-12.213269352323792
-12.812211613822589
-10.770034922143951
-11.448911613822588
-11.179019974542472
-11.786943964910348
-11.042751045876413
-10.770034922143951
-10.361053231515669
-7.762262000108106
-8.374298607615252
-7.7435429035458965
-11.727188386177412
-12.406051045876413
-9.903558020041471
-8.737301621240773
-7.947682203402054
-12.401817420733883
-9.497533394144641
-12.54231997454247
-10.517099720629702
-10.678296277537811
-8.456185161585484
-12.037582203402055
-9.690966983954993
-12.064502903455647
-11.448911613822588
-8.997776801796418
-10.497487844398961
-11.179019974542472
-11.042751045876413
-6.30055582743102
-7.0365403652350516
-10.756551703939662
-10.390530141637402
-13.0881248155049
-10.278057970969998
-10.770034922143951
-9.81854161769308
-13.222605806911293
-10.66633478652939
-12.680094193088705
-10.255940593440684
-9.28745300128365
-12.472479493191285
-8.201484079740968
-9.83575983592982
-7.994706784089687
-10.029180966146379
-11.1805236390777
-9.543099999999999
-9.679451045876416
-12.472479493191285
-8.930326098387866
-6.708552207263272
-8.210169408909714
-9.577000180428536
-8.351632964735133
-7.907141192619206
-10.363888386177411
-8.873226602795736
-9.48666935232379
-9.387761027800089
-9.387761027800089
-10.628123227645178
-10.592228985484999
-11.179019974542472
-8.482246400351977
-7.498149561913176
-9.987614873262148
-8.427612639236095
-12.055680564353667
-9.387761027800089
-10.255940593440684
-8.071852207263273
-10.9064
-5.745859835929821
-9.69729846977857
-12.72946224806851
-9.952074918736264
-8.987571818253901
-9.58397000829619
-12.332081186881368
-8.588786731975965
-8.875139605000122
-5.690312221477964
-6.8165
-11.859305806911294
-11.991423227645177
-8.44588796869944
-11.042751045876413
-8.955021780322053
-12.72946224806851
-7.770810686943716
-11.495070589579464
-11.39248096614638
-9.555061491008422
-8.604577256663704
-6.684382579266117
-8.37101841270343
-11.545134792396293
-9.024758014174568
-6.708552207263272
-10.633700100907244
-9.543099999999999
-10.224801988632713
-12.75578096614638
-11.179019974542472
-10.100601621240774
-11.588101988632712
-11.315374918736264
-10.798452207263272
-11.921686993792662
-10.9064
-11.802875159235086
-11.776556441157215
-11.639312809464354
-12.2697
-8.329189025068713
-8.97282984954379
-9.05253628692603
-8.876024711570244
-6.502328985484999
-11.84468596122269
-9.918994706973244
-10.076796458424212
-10.143079298088267
-8.316128684206275
-10.968781186881367
-11.889066835846949
-7.673923183364942
-12.213269352323792
-12.13333492214395
-8.806468827017602
-10.678296277537811
-9.425365642841115
-11.727188386177412
-12.480877842048564
-10.0884306642996
-11.860787844398962
-9.103818435489247
-8.687812127707128
-10.151291269776406
-8.252132239057655
-12.963126602795736
-13.663369408909714
-12.070483648959858
-8.261913228424447
-9.965455684097126
-10.770034922143951
-10.707183648959857
-10.388058014174566
-12.2697
-7.865628985484999
-6.377218435489247
-7.972602400272825
-9.228928985484998
-9.153799720629701
-7.109159835929821
-8.757373837264442
-11.512939738253177
-7.44882644383732
-10.558386993792661
-9.771440599307587
-11.506379298088266
-10.703810000702854
-11.545134792396293
-9.653420836663699
-11.860787844398962
-11.451730664299598
-7.044840599307587
-10.421029948888616
-7.93440648836247
-12.074727922813592
-11.260837701302382
-10.245196930869584
-10.333874328083912
-9.440898360193438
-12.079002841509194
-11.969626643574992
-11.683378676766042
-13.653447702278996
-8.304562373762737
-12.658279438784607
-12.6037061735034
-8.512615809261693
-11.03999945822155
-9.28061585467281
-8.1798
-9.482913548456036
-9.952074918736264
-12.147132361574668
-10.64692079588444
-11.061147194372355
-11.58102903455647
-8.578469578925683
-9.406781951308531
-11.758133839243655
-12.678674918736265
-10.633700100907244
-9.965455684097126
-9.169340604098826
-9.77231193672339
-10.236526602795735
-6.8165
-10.341105083249731
-6.9015451360324
-9.406781951308531
-10.770034922143951
-11.463901621240772
-9.420532361574669
-12.596933093196213
-9.741724573212586
-7.82103061151701
-8.975093996345722
-8.328427515423957
-8.763689349595216
-12.13333492214395
-9.383224042632497
-7.659487717290797
-8.140769999589438
-8.736957175272089
-9.11856582040884
-11.451730664299598
-10.838217461071975
-11.315374918736264
-11.117577842048563
-12.132976737877556
-11.90546478266817
-9.65700920585449
-7.865628985484999
-11.511292800703956
-10.783832361574667
-8.503111690671158
-11.451730664299598
-11.859305806911294
-12.82417310483101
-11.117577842048563
-8.043467842166917
-9.47600106969374
-9.91676467169216
-7.656544511558878
-10.849969352323791
-9.789115752675771
-11.038517420733882
-8.427612639236095
-9.963043975397257
-10.724346406218881
-11.1260970345979
-10.798452207263272
-9.951130622416194
-9.172498337808792
-9.52559901155944
-9.47600106969374
-10.66633478652939
-9.076275159235085
-10.278057970969998
-11.32903061676147
-10.497487844398961
-12.624202039007761
-11.751604762945457
-12.665100998177683
-12.365157460950199
-10.162982808122141
-11.724824815504899
-9.279813235063362
-10.421029948888616
-10.562027514986632
-9.255317662583495
-9.81152740800512
-11.13300176203082
-9.316205825797454
-10.778084028390563
-11.588101988632712
-10.316132965750922
-12.406051045876413
-11.776556441157215
-7.045711936723391
-10.588756402702376
-10.063815029752403
-12.070483648959858
-12.365923178573704
-11.328755684097127
-10.147992800703957
-11.588101988632712
-11.52291874414478
-10.52017543490845
-10.02515780004009
-10.366261430104382
-11.649610002350398
-11.041025828808401
-8.768470589579465
-6.377218435489247
-11.218797452528264
-8.700515029752404
-8.90058801031335
-11.681621780322052
-11.860787844398962
-8.365321439993348
-8.668578345149761
-9.232422055600178
-12.842581022732302
-10.2009470184777
-11.495070589579464
-10.190606414566668
-11.701693996345721
-8.778150483671242
-12.75578096614638
-12.489397034597898
-8.822027862511472
-9.228928985484998
-11.859305806911294
-9.323107002553058
-7.4965191632444705
-9.508600513884538
-9.147695814329479
-11.019581101488122
-11.78956957305878
-7.561791107013873
-11.931638045968947
-8.016202535177236
-9.953494193088705
-8.465249746611665
-10.374642794877461
-9.406781951308531
-8.588786731975965
-9.543099999999999
-11.72435323151567
-11.72435323151567
-10.968781186881367
-10.592228985484999
-9.815719974542471
-11.305069578925682
-10.617124638916083
-7.361820253650936
-11.802875159235086
-11.366162248068509
-10.770034922143951
-8.482246400351977
-11.448911613822588
-8.97282984954379
-10.526375215821009
-9.920112882314431
-11.623200967184841
-10.578459209816332
-11.991423227645177
-10.026495820196383
-8.22276719623642
-7.661746720465194
-6.707436214034088
-12.066269583716918
-8.599283152539092
-11.316794193088706
-11.62919164561697
-9.580995870437821
-10.131770589579466
-11.58102903455647
-12.2697
-11.305069578925682
-8.7251157920004
-13.044921780322051
-9.025054125042043
-7.389086617195252
-9.855497452528263
-9.82613240970703
-7.749037628038584
-9.049956441157216
-8.276023178573704
-8.643319654983738
-10.817683401312797
-7.267700766053267
-9.965697396150771
-12.383598331941887
-9.374253057869572
-8.914757970969998
-8.508475417093843
-10.728715973410758
-11.479281022732302
-10.361053231515669
-9.27043745689118
-10.94936719623642
-10.554926128872125
-10.558386993792661
-12.029634786529389
-11.703966834711384
-10.115981022732303
-9.624873249278053
-9.515906688867235
-10.395505579884425
-10.197718496085562
-11.859305806911294
-11.703966834711384
-12.161752207263273
-11.09273194479778
-14.132692454508348
-12.963126602795736
-8.752681022732302
-9.543099999999999
-11.143512221477962
-10.385596165857681
-11.206334850603234
-11.110933291922077
-12.147132361574668
-12.133391270806442
-10.542860175878133
-11.860787844398962
-10.294892452938232
-10.968781186881367
-10.503153664354981
-10.552821427600957
-10.084133276806906
-12.13333492214395
-11.042751045876413
-9.134098817458387
-11.703966834711384
-9.225456402702376
-11.865256346116453
-8.588786731975965
-8.043467842166917
-10.497487844398961
-8.842016818411306
-8.492197452528265
-8.955021780322053
-11.451730664299598
-9.103818435489247
-9.103818435489247
-7.269352297576495
-9.856501818616744
-12.401817420733883
-7.639661430104383
-10.41842742308428
-12.383598331941887
-11.252875612419656
-11.860787844398962
-10.633700100907244
-6.5831832688030065
-11.969626643574992
-11.928302410852284
-11.610989939184734
-11.042751045876413
-11.22450281722135
-10.871900513884539
-9.036697672090042
-9.15911961456803
-9.235935856223131
-8.41629395996579
-11.17995902892993
-12.2697
-12.982540593440683
-10.64692079588444
-8.452908268532848
-9.70667849745458
-11.13814609103829
-12.324179336208966
-12.2697
-11.72435323151567
-12.815030664299597
-10.211081874444993
-12.003804515982514
-10.988249039688334
-12.257975385836977
-7.712975159235086
-7.314817137589874
-9.451529517311833
-12.029634786529389
-11.639312809464354
-10.742021559587064
-11.495070589579464
-11.260363545412497
-11.448911613822588
-10.57540465273772
-11.006116248688883
-11.998870793355035
-11.524598386880262
-10.899922749582787
-11.169710448356996
-10.894675385836976
-11.396531656978224
-7.416352089313955
-7.566315615787648
-10.415577795908094
-11.533580927669833
-7.740518435489247
-10.100601621240774
-12.623663545412496
-11.669897166159029
-11.560839648880705
-10.659828220578607
-11.02679280657086
-10.349846455290354
-12.13333492214395
-12.874592800703956
-11.72435323151567
-9.343883648959858
-8.390977842048564
-7.686656441157215
-9.144705368411023
-12.406051045876413
-11.615306534666518
-8.984146028589498
-10.34294843162803
-9.00058838617741
-8.124446829722485
-11.06997849745458
-12.762547595993743
-13.252975215821008
-9.134098817458387
-12.213269352323792
-11.859305806911294
-13.166175159235085
-13.354723227645177
-13.986963545412497
-11.588101988632712
-10.318321780322053
-8.098597192375202
-12.533934841467765
-10.724346406218881
-8.397928830919636
-10.770034922143951
-9.788801940601996
-8.150912628577952
-10.405583672865228
-10.296789455871153
-11.8682541938739
-11.686023835300551
-10.877512628577954
-11.406092454508348
-10.255940593440684
-11.42143562249005
-10.643113235063362
-12.860487772410636
-11.179019974542472
-11.105024573212585
-12.812211613822589
-11.347288262208833
-11.533580927669833
-12.487854505717115
-9.735794999062342
-10.660834394388845
-10.361053231515669
-10.497487844398961
-10.454631124034254
-8.652575379970074
-11.649610002350398
-9.095420086631968
-12.406051045876413
-7.634479158876101
-6.8165
-8.1798
-9.844560432318666
-11.52797203513727
-11.889675215821008
-10.82365063424592
-10.111967572037054
-10.428034966494717
-11.900855943595559
-10.569339472836784
-11.570030445827378
-11.588101988632712
-10.877238870777227
-10.66633478652939
-10.276012809464353
-12.213269352323792
-10.507967297919716
-11.1260970345979
-11.247584480984699
-10.496005806911294
-10.86523544912314
-10.023822796842738
-11.562809945764474
-10.581871747604513
-8.239344100046283
-7.117960432318665
-12.13333492214395
-7.9015232276451774
-7.07429419416436
-8.748025111448577
-10.014561120457776
-10.507967297919716
-10.301033729724887
-8.099630480014735
-10.413256441157214
-13.284986993792662
-8.256159966611927
-11.830418435489246
-11.495070589579464
-11.009630049311836
-11.39248096614638
-12.213269352323792
-8.276720145890419
-10.347538172962446
-6.693802889702198
-7.865628985484999
-6.202675390628215
-11.042751045876413
-11.40625833988117
-11.420024242400542
-11.751358014174567
-10.9064
-12.070483648959858
-8.452457508135764
-8.523095262782446
-8.469555135089044
-9.435152207263272
-9.406781951308531
-9.815719974542471
-8.875139605000122
-10.968781186881367
-11.005095429288382
-8.588786731975965
-9.77484609103829
-9.134098817458387
-8.311917420733883
-11.58102903455647
-11.495070589579464
-11.599826602795735
-11.495070589579464
-11.023897575045279
-13.193718435489247
-10.106705527540996
-10.390530141637402
-12.812211613822589
-10.606326643574993
-11.100898607615251
-10.497487844398961
-8.929611414284896
-11.061147194372355
-12.078917046164849
-11.860787844398962
-11.710838172962447
-10.117541165050527
-10.755633047949035
-9.93714397987374
-11.633219373171242
-10.713561523923143
-10.147992800703957
-8.482246400351977
-10.217729034556472
-9.681916000047616
-11.830418435489246
-11.1260970345979
-11.170634841467766
-8.123369352323792
-10.592228985484999
-12.7942644927425
-12.498040599307588
-8.043467842166917
-10.912350539205159
-12.213269352323792
-11.315374918736264
-11.639312809464354
-11.229940314070387
-10.775230655797246
-9.664765303362886
-10.746524042632496
-8.9982248155049
-11.681621780322052
-11.420024242400542
-11.353428990276235
-8.444034841467765
-9.406781951308531
-8.861445817325126
-8.848904201306008
-9.886395262782447
-10.151291269776406
-11.038517420733882
-10.845678944657026
-10.698785300102578
-9.153298577633588
-10.236526602795735
-10.798452207263272
-10.510995814329478
-12.118933047949033
-9.505406090595958
-11.448911613822588
-10.9064
-12.680094193088705
-12.04970700255306
-8.482246400351977
-11.042751045876413
-9.57160264855977
-7.607213547975562
-12.742475379970074
-12.025700727755222
-11.734336243621097
-11.72435323151567
-9.122189327502767
-9.348127922813593
-11.451730664299598
-9.548452786840222
-10.510995814329478
-9.24968322118809
-10.361053231515669
-10.66633478652939
-11.588101988632712
-9.387761027800089
-11.599826602795735
-11.223836407770163
-10.497487844398961
-12.192121616172987
-6.708552207263272
-12.769392454508349
-9.30303478652939
-8.283735318802233
-8.62888645662446
-9.737598607615253
-12.487835726709957
-10.318321780322053
-12.358998261419643
-10.296789455871153
-11.038517420733882
-11.208846400351979
-10.366261430104382
-7.686656441157215
-11.434291768133985
-10.595722055600177
-11.819927076345706
-13.094510904709953
-13.196827924774844
-13.060474328083913
-11.042751045876413
-10.497487844398961
-9.798155220888795
-7.133936407770163
-10.497487844398961
-8.026285601407915
-6.1466266027957355
-10.66633478652939
-8.229168054979803
-10.783832361574667
-11.493791812263396
-10.968781186881367
-11.671619563496426
-8.452457508135764
-10.698785300102578
-11.713146455290355
-12.13333492214395
-11.72435323151567
-11.070446971961822
-9.889575612419655
-7.942900963417804
-11.776556441157215
-8.793132170944126
-12.406051045876413
-8.906619373171242
-9.406781951308531
-13.08765323151567
-9.076275159235085
-10.545373861891099
-11.038517420733882
-9.745879493191284
-9.20839257996897
-7.361820253650936
-9.621484152061054
-11.463901621240772
-9.72137639649076
-9.00058838617741
-11.660089455871152
-10.497487844398961
-7.595682154066209
-8.479142826589955
-10.849969352323791
-11.860787844398962
-7.65850502218192
-9.092646902793048
-9.195086993792662
-11.002623178573705
-7.912730003870491
-13.208903139944104
-11.239215809261692
-8.997776801796418
-13.354723227645177
-7.770810686943716
-8.316128684206275
-8.683637677978384
-11.72435323151567
-8.365321439993348
-8.1798
-11.420024242400542
-8.150912628577952
-10.059550375056094
-10.982086773057674
-11.053507428152066
-12.161752207263273
-10.276012809464353
-7.647078897770507
-9.81384632213334
-9.002961430104383
-9.690207428152068
-11.161455220888794
-9.592468054979804
-8.939867330834437
-10.633700100907244
-6.898953402905038
-11.009630049311836
-10.147992800703957
-10.143079298088267
-11.58102903455647
-8.63443603710953
-11.860787844398962
-11.588101988632712
-8.748025111448577
-10.957056572718345
-10.849969352323791
-6.865868054979804
-13.08765323151567
-7.566315615787648
-12.982540593440683
-10.979348217282611
-10.205307670036527
-11.34540305740274
-10.947286624639027
-7.518584211165032
-8.482246400351977
-7.980583648959858
-7.438072035137269
-8.707691768133984
-12.2697
-13.604112628577953
-8.588786731975965
-12.265350760429602
-10.9064
-6.576434786529389
-11.997000100907245
-9.729431944797781
-10.026495820196383
-9.639323178573704
-12.2697
-7.30258096614638
-12.406051045876413
-12.680094193088705
-11.545134792396293
-11.179019974542472
-9.952074918736264
-11.36085425437841
-12.678674918736265
-12.2697
-8.579631647340296
-10.301033729724887
-10.9064
-10.9064
-7.642044023529619
-11.249695262782446
-9.754277842048563
-10.66633478652939
-10.147992800703957
-11.042751045876413
-11.588101988632712
-12.156838704647582
-10.0884306642996
-10.803406827533562
-11.1260970345979
-10.558386993792661
-9.731711667653606
-11.991423227645177
-11.991423227645177
-10.234619761639712
-8.123369352323792
-8.836209945764477
-8.341059308187823
-11.703966834711384
-8.955021780322053
-7.740518435489247
-11.72435323151567
-11.015295869267854
-10.542164782668172
-10.558386993792661
-10.199509945764476
-10.308750946879574
-9.134098817458387
-12.213269352323792
-11.379175379970073
-11.179019974542472
-11.179019974542472
-11.72435323151567
-10.849969352323791
-10.849969352323791
-9.649864827973206
-11.479281022732302
-10.252006534666515
-11.451730664299598
-10.498973600930647
-12.634527587233347
-10.497487844398961
-12.2697
-11.997000100907245
-9.065606876605035
-9.675217420733883
-10.770034922143951
-8.565835131825759
-9.924606821666659
-8.42581575267577
-9.83575983592982
-8.977366834711383
-7.426347420974246
-8.861445817325126
-8.588786731975965
-8.071852207263273
-7.509926602795735
-7.632570642752521
-8.502318616375648
-8.768470589579465
-11.889675215821008
-7.192394706973244
-8.523095262782446
-10.296789455871153
-8.933489455871152
-12.678674918736265
-11.511292800703956
-10.770075949224278
-9.543099999999999
-12.401817420733883
-8.452457508135764
-9.99392029672422
-9.543099999999999
-9.178864782668171
-6.374405728692655
-8.687812127707128
-8.22276719623642
-6.92556383706424
-8.898591132645844
-8.66588096614638
-9.543099999999999
-8.24879660394099
-12.401817420733883
-8.678117137589874
-9.641416546696147
-10.236526602795735
-9.653420836663699
-11.72435323151567
-9.134098817458387
-11.179019974542472
-11.06577882425376
-9.30303478652939
-9.049956441157216
-10.453186647597056
-7.676448021592752
-8.590194193088706
-10.133372955015352
-7.7819717631760765
-8.069881910379502
-10.088400050453622
-6.8165
-8.97282984954379
-9.48666935232379
-11.042751045876413
-11.058079448301013
-10.112873017342467
-10.296789455871153
-10.361053231515669
-9.269280515952433
-12.645594706973245
-9.27043745689118
-10.0884306642996
-9.952074918736264
-10.413256441157214
-9.930272641622677
-9.27043745689118
-8.997776801796418
-9.543099999999999
-11.315374918736264
-12.54231997454247
-6.8165
-10.770034922143951
-8.614363821085862
-7.498149561913176
-11.495070589579464
-8.80137203513727
-9.103818435489247
-9.632398261419644
-8.69342424240054
-11.179019974542472
-10.236526602795735
-8.255486773057676
-11.451730664299598
-9.543099999999999
-11.179019974542472
-11.451730664299598
-9.007736243621098
-8.880915979277662
-8.760523172706801
-12.186950634245921
-8.452457508135764
-7.712975159235086
-10.147992800703957
-11.271227587233346
-10.658492636554891
-8.738745611389342
-8.452457508135764
-11.451730664299598
-10.085611613822588
-8.912712809464352
-12.78332424240054
-8.986546455290355
-12.33869660394099
-8.453359028929931
-10.340666834711383
-6.760069352323791
-6.8165
-8.1798
-9.29519263655489
-8.687812127707128
-11.410237677978385
-6.8165
-10.974067594029032
-10.224801988632713
-11.179019974542472
-8.433036252738672
-9.930272641622677
-10.633700100907244
-8.955021780322053
-9.78848812852822
-9.889575612419655
-11.921686993792662
-10.467118435489247
-8.269787119748868
-9.543099999999999
-8.587830622416194
-9.374253057869572
-9.918994706973244
-7.653859365608881
-10.318321780322053
-10.91836149100842
-11.054266983954992
-11.830418435489246
-10.361053231515669
-10.497487844398961
-8.452457508135764
-10.244215979277662
-10.950641844020826
-12.498040599307588
-9.983116191420926
-11.592235810781787
-7.364364400662813
-7.503090525564894
-8.892640593440683
-9.952074918736264
-12.678674918736265
-11.489851349718434
-7.576139995076312
-9.440106827533562
-10.9064
-10.715702841509193
-10.855376455357547
-11.18943240970703
-12.213269352323792
-8.948479463289337
-10.968781186881367
-10.526375215821009
-12.926109945764475
-10.224801988632713
-9.543099999999999
-10.496005806911294
-10.633700100907244
-9.845546400351978
-10.951837572171792
-10.588273007794422
-10.361053231515669
-11.860787844398962
-13.360300100907246
-9.286736121710284
-11.588101988632712
-8.9982248155049
-9.632398261419644
-13.139856441157216
-11.1260970345979
-10.9064
-10.157943852880244
-7.7997752158210085
-9.387761027800089
-7.637288386177411
-10.982086773057674
-10.388058014174566
-10.707183648959857
-12.634527587233347
-12.656872641622677
-10.115981022732303
-12.623663545412496
-8.523095262782446
-7.866242273391331
-7.634479158876101
-11.776556441157215
-10.849969352323791
-9.103818435489247
-10.551844676759947
-8.024461027800088
-10.839301069693741
-9.953494193088705
-10.930569627997155
-11.860787844398962
-12.75578096614638
-11.997000100907245
-12.13333492214395
-12.951401988632712
-11.451730664299598
-10.788665642841115
-9.692518937760006
-10.383144511558879
-8.997776801796418
-8.997776801796418
-7.828564636578762
-12.72946224806851
-11.218797452528264
-8.861445817325126
-8.817810235909253
-9.120981192748273
-11.619240593440683
-10.439575159235085
-12.2697
-8.994697057299534
-11.141747470045718
-12.812211613822589
-10.046937677978384
-12.55273240970703
-9.134098817458387
-9.134098817458387
-9.815719974542471
-10.9064
-10.9064
-10.390530141637402
-7.514913323348892
-12.380020836663698
-11.18943240970703
-10.9064
-11.830418435489246
-12.319068054979804
-9.065606876605035
-9.48666935232379
-9.798155220888795
-7.5799477212580255
-11.451730664299598
-11.997000100907245
-11.20634508376799
-11.991423227645177
-9.076275159235085
-12.572146400351977
-11.619240593440683
-10.497487844398961
-11.451730664299598
-12.13333492214395
-11.451730664299598
-9.067103285370695
-8.1798
-9.182073861891098
-8.00454514679485
-10.9064
-11.161455220888794
-9.264823227645177
-11.495070589579464
-10.711427922813591
-8.043467842166917
-9.690207428152068
-10.403048021592753
-10.029180966146379
-11.038517420733882
-10.014561120457776
-10.056724242400541
-10.888899011559438
-9.39694064837906
-10.361053231515669
-7.61066084065595
-9.106842903545896
-10.542164782668172
-9.592468054979804
-9.024758014174568
-8.043467842166917
-7.769405806911294
-11.315374918736264
-9.543099999999999
-6.349675159235085
-11.545134792396293
-11.889675215821008
-11.688237197381673
-10.94936719623642
-11.776556441157215
-11.802875159235086
-6.273988386177411
-6.978986829643597
-12.572146400351977
-11.340963821085861
-10.070991768133984
-10.510995814329478
-11.15241575267577
-11.545134792396293
-7.170463545412497
-9.00058838617741
-6.9528301749580095
-9.85670289644757
-6.708552207263272
-11.161455220888794
-7.543925902506012
-9.44638551364291
-10.23748310389793
-9.573469408909714
-6.832333614272099
-9.092646902793048
-13.638950539205158
-11.859305806911294
-10.995698261419642
-12.24691669707232
-11.451730664299598
-12.680094193088705
-7.825895664914786
-7.557636187035176
-9.357561801391807
-7.7997752158210085
-7.769405806911294
-8.453359028929931
-12.161752207263273
-10.318321780322053
-11.859305806911294
-7.395646411010119
-8.663195820196382
-10.633700100907244
-6.8165
-7.72534044396387
-14.020172641622677
-10.00286224806851
-13.252975215821008
-7.786043091668553
-9.406781951308531
-7.9746923200819815
-11.262520464618257
-12.092015973410756
-9.218571747604514
-7.831786993792662
-10.115981022732303
-9.543099999999999
-9.27043745689118
-7.648112738464224
-10.0884306642996
-12.815030664299597
-11.231989013924792
-6.978986829643597
-7.865628985484999
-11.976803381956573
-8.509507803871857
-11.434291768133985
-11.259288025285361
-11.200031244953601
-9.107211417079604
-7.52091444835011
-8.267036482201455
-8.150349017238696
-8.533763545412496
-11.315374918736264
-11.042751045876413
-13.002612809464352
-11.18943240970703
-11.860787844398962
-11.315374918736264
-7.980583648959858
-9.97766382108586
-7.118256050366171
-13.055988900061951
-11.720125793481007
-10.301886247751485
-8.452457508135764
-11.315374918736264
-12.070483648959858
-10.0884306642996
-11.451730664299598
-11.042751045876413
-9.076275159235085
-9.918994706973244
-10.592228985484999
-9.27043745689118
-9.952074918736264
-11.641400370044167
-10.361053231515669
-8.1798
-9.543099999999999
-8.768470589579465
-10.498081699681626
-8.762104144720086
-6.8165
-12.401817420733883
-12.13333492214395
-9.264823227645177
-9.660597575045278
-8.590194193088706
-11.921686993792662
-12.114361027800088
-10.770034922143951
-7.712975159235086
-11.406092454508348
-9.614763606951383
-10.962238869848653
-9.990128990276236
-7.838402410852285
-11.802875159235086
-11.016720836663698
-8.452457508135764
-8.80137203513727
-7.955332360616772
-10.388058014174566
-10.633700100907244
-7.928010172366368
-7.3575332768069055
-9.886395262782447
-9.907927587233347
-10.497487844398961
-7.097911203516993
-8.051960930282782
-11.255005376108855
-11.860787844398962
-8.818534792396292
-8.97282984954379
-7.955737751709076
-13.08765323151567
-12.332081186881368
-9.612096603940989
-11.588101988632712
-9.952074918736264
-11.860787844398962
-9.049956441157216
-11.511292800703956
-8.86000590781854
-11.552141663134424
-10.955768054979803
-12.310570008296187
-11.179019974542472
-9.952074918736264
-10.468673180132047
-10.624080452005202
-10.327024340760488
-9.611232408236749
-10.497487844398961
-8.523095262782446
-8.210169408909714
-9.82613240970703
-7.17413499702469
-10.633700100907244
-10.9064
-11.72435323151567
-13.222605806911293
-9.918994706973244
-11.480841165050526
-8.506991935525821
-8.380846292648478
-10.0718588520095
-9.092646902793048
-9.82613240970703
-11.819246902793047
-10.902269922794252
-11.42569006235656
-11.631202084449106
-9.875915809261691
-10.64692079588444
-11.308562649040862
-10.812430986993832
-10.112192155831007
-10.213301519703112
-8.419569916039608
-13.22408784439896
-9.420532361574669
-10.070991768133984
-8.683637677978384
-7.107028329671248
-7.9015232276451774
-9.543099999999999
-8.62056360199842
-9.679451045876416
-8.873226602795736
-7.591721780322053
-7.109159835929821
-9.166199622370616
-7.080734841467766
-9.470738157999053
-12.440028979618095
-10.633700100907244
-8.125267025958523
-11.451730664299598
-8.4842232758686
-8.411563605678863
-11.042751045876413
-10.678296277537811
-9.679451045876416
-9.952074918736264
-12.213269352323792
-7.050175814328458
-7.509926602795735
-8.444034841467765
-13.525052207263272
-8.836209945764477
-9.27043745689118
-12.13333492214395
-11.588101988632712
-10.633700100907244
-10.633700100907244
-8.737301621240773
-11.08467639649076
-9.335485300102578
-7.93973478652939
-6.1466266027957355
-10.828821616172986
-8.247965623219068
-10.839301069693741
-10.900508671122124
-8.123369352323792
-11.588101988632712
-11.451730664299598
-9.306995160273546
-10.524819173750133
-10.674682388390035
-8.737301621240773
-9.134098817458387
-11.179019974542472
-10.296789455871153
-11.859305806911294
-10.798452207263272
-8.87994932817775
-9.567269627997156
-8.854429034556471
-8.299170225818038
-7.646838168485963
-9.27043745689118
-11.451730664299598
-9.679451045876416
-8.578469578925683
-9.140453232676778
-10.0884306642996
-7.959807002553058
-9.543099999999999
-7.472909945764476
-11.727188386177412
-12.332081186881368
-12.332081186881368
-7.045711936723391
-8.290120836663698
-8.200280683557757
-9.952074918736264
-9.406781951308531
-10.674282203402054
-11.208846400351979
-11.179019974542472
-11.859305806911294
-12.447976396490759
-8.852581689322438
-7.8754619888786825
-11.506216214857053
-11.942440145678827
-10.497487844398961
-12.256236548560214
-10.606326643574993
-9.740793729912838
-12.692321805285266
-10.224801988632713
-9.639323178573704
-11.72435323151567
-11.315374918736264
-7.330124242400542
-10.015875379970073
-10.755633047949035
-10.80840325943956
-11.955528985484998
-12.31739050659112
-7.595682154066209
-7.489281689322437
-8.555694706973243
-10.803406827533562
-10.996339380963324
-10.97539660394099
-9.731870137675873
-7.828179776686844
-7.596123835300553
-9.780212221477962
-10.526375215821009
-11.727188386177412
-8.590194193088706
-8.562435656455085
-11.451730664299598
-9.076275159235085
-11.315374918736264
-9.134098817458387
-9.27043745689118
-11.860787844398962
-11.997000100907245
-10.361053231515669
-11.72435323151567
-11.588101988632712
-11.451730664299598
-10.361053231515669
-10.770034922143951
-8.316128684206275
-8.493362675417892
-10.006606702016255
-9.709453565335677
-7.455234792396293
-7.742312743701456
-8.762478904105386
-6.908864643997104
-8.722311613822589
-7.203672641622678
-9.679451045876416
-6.8165
-10.497487844398961
-9.225456402702376
-9.134098817458387
-13.09048838617741
-7.865628985484999
-11.52797203513727
-8.47245983592982
-10.968781186881367
-11.208846400351979
-11.039257975761235
-8.908643558620371
-6.853134797187531
-8.710586999659567
-12.750422796842738
-8.652575379970074
-9.103818435489247
-10.658364531990346
-10.585304068330938
-11.562809945764474
-8.72826215302775
-7.5547449949139045
-7.93973478652939
-7.637288386177411
-10.9064
-10.56168546286511
-10.968781186881367
-12.161752207263273
-9.01740296720342
-9.953494193088705
-7.225490275993837
-10.849969352323791
-8.264981857812751
-8.327197695265895
-10.206730445827377
-10.478504818470734
-11.406092454508348
-10.39725690829859
-9.348127922813593
-7.320337677978385
-7.17262046461826
-8.397928830919636
-7.648112738464224
-11.997000100907245
-11.860787844398962
-9.570361403519879
-7.716278439489437
-11.424410517374318
-7.157684480984699
-10.650753001283649
-10.694630380123881
-8.589011228325184
-9.924606821666659
-9.073590013285088
-7.800086915574024
-7.884022239204616
-11.179019974542472
-10.9064
-10.125810777149516
-11.315374918736264
-8.970506795015325
-8.561532416513044
-10.686407002553057
-10.347538172962446
-11.434291768133985
-12.166706827533561
-7.831786993792662
-9.88396851175163
-10.122246411010119
-11.921686993792662
-9.16089790017038
-7.66224579833386
-9.840669295459058
-10.070991768133984
-10.936769408909713
-7.865628985484999
-11.179019974542472
-12.815030664299597
-10.461506320795833
-8.543532168480214
-12.029634786529389
-11.627188010313349
-12.070483648959858
-11.588101988632712
-11.315374918736264
-9.387761027800089
-8.865635810781786
-12.688441794949352
-12.213269352323792
-11.697174328083914
-9.815719974542471
-10.883178448533972
-9.686424196959196
-9.00058838617741
-9.080624938326988
-7.445362021484429
-8.288866684386754
-8.943254170358772
-7.732120086631968
-13.222605806911293
-7.30258096614638
-11.143512221477962
-11.639312809464354
-12.246478448533972
-11.451730664299598
-11.375405824588013
-12.406051045876413
-10.085611613822588
-10.924434094674828
-10.894675385836976
-11.819246902793047
-9.679451045876416
-12.406051045876413
-11.17995902892993
-12.951401988632712
-11.042751045876413
-12.680094193088705
-7.488728607855616
-9.33862073726517
-9.952074918736264
-9.679451045876416
-11.451730664299598
-13.08765323151567
-11.619240593440683
-7.865935629438164
-10.398009066350854
-10.995698261419642
-10.711427922813591
-11.154212639236093
-8.555694706973243
-7.707616989931444
-8.547926056305796
-10.497487844398961
-11.997000100907245
-8.502318616375648
-8.944157738501202
-11.645469610182548
-9.327204414526546
-6.978986829643597
-6.661161027800089
-9.815719974542471
-8.787991269776406
-12.147132361574668
-10.793538704647583
-6.708552207263272
-8.502318616375648
-8.024461027800088
-7.75721930585928
-7.4027193650863605
-10.628123227645178
-10.9064
-7.361820253650936
-9.531375385836977
-9.679451045876416
-12.406051045876413
-10.9064
-8.125267025958523
-12.332081186881368
-12.029634786529389
-9.6385574609502
-11.619240593440683
-11.746444511558877
-10.94303479718753
-10.0884306642996
-8.452457508135764
-10.658492636554891
-10.072437614193591
-8.390132626106054
-7.740518435489247
-9.67733423330515
-8.918462327232884
-7.951776837258621
-8.502282537985085
-7.166173137745732
-12.161752207263273
-11.179019974542472
-10.497487844398961
-11.997000100907245
-8.556053245553816
-7.0708169260467
-9.503041095881754
-10.542164782668172
-10.545373861891099
-7.9207717074966295
-8.384291474380149
-12.883207342905996
-11.410792573677089
-10.793538704647583
-11.599826602795735
-9.348127922813593
-9.722461327673859
-10.183753455979236
-8.938799569197561
-6.625802841509193
-7.907100100907245
-9.378721559587065
-9.425365642841115
-6.744138157999053
-9.218571747604514
-11.997000100907245
-7.689011393359245
-8.452457508135764
-9.935534812854755
-12.951401988632712
-10.214417214432526
-11.72435323151567
-11.588101988632712
-7.511782124910065
-10.442920984720502
-9.99984805246143
-11.493472549021808
-9.543099999999999
-11.588101988632712
-11.997000100907245
-11.451730664299598
-11.489020846341532
-10.848356803890287
-10.78769582498762
-10.9064
-11.579919935885888
-8.3994970345979
-10.983973647256622
-11.222118346934673
-11.874295814329479
-7.890524638916084
-9.4522256142359
-9.043666501484353
-6.477767905390893
-10.95096093519922
-9.534868455952157
-6.058092800703957
-7.93973478652939
-8.685025893543262
-9.24316932912025
-8.656959761371546
-6.898953402905038
-10.429313073003762
-10.883178448533972
-13.222605806911293
-11.859305806911294
-8.997776801796418
-13.166175159235085
-9.343883648959858
-7.183524523584012
-8.45241997454247
-8.564699803257016
-13.695381186881367
-14.080028990276235
-9.842986290701006
-8.820558262204838
-11.315374918736264
-10.361053231515669
-11.088176888099866
-11.44669549021028
-10.966417616208856
-8.588786731975965
-9.952074918736264
-10.496005806911294
-9.759374633928896
-10.250049264562808
-11.577340090117072
-13.433783648959858
-6.109609945764476
-6.377218435489247
-11.997000100907245
-12.858370589579465
-7.593582056750654
-11.991423227645177
-10.361053231515669
-7.96567505726837
-12.572146400351977
-11.420024242400542
-11.641357970969997
-10.633700100907244
-11.830418435489246
-10.66633478652939
-9.975201972768977
-11.065004365455072
-10.860833394144642
-11.8332445681448
-9.32225013689158
-12.13333492214395
-8.416912221477963
-9.815719974542471
-11.860787844398962
-7.509926602795735
-9.834790018076326
-12.263808671122122
-8.345411236193206
-9.69631133445229
-8.62888645662446
-11.140867062943453
-11.216793817224643
-8.302497375979078
-6.534534283205779
-11.800190013285087
-6.661161027800089
-10.469661347059667
-9.406781951308531
-13.114658014174566
-13.955518616375647
-8.071852207263273
-10.770034922143951
-10.592228985484999
-9.109484255445267
-8.42581575267577
-12.096418028389257
-10.816995174910707
-7.79807622308894
-8.847823691058133
-11.236107803871857
-9.587341844020825
-11.370036244444774
-10.839301069693741
-11.042751045876413
-8.822027862511472
-8.997776801796418
-9.737598607615253
-9.14891157177345
-10.518685515075244
-8.479293408359332
-12.582097452528263
-7.7843958143294785
-8.652575379970074
-12.645594706973245
-10.988853402905038
-11.340963821085861
-12.070483648959858
-11.208846400351979
-9.697847194372354
-8.09243505175083
-12.128184387220744
-10.498973600930647
-11.328755684097127
-12.04159627753781
-12.680094193088705
-9.430238704647584
-12.506812221477963
-11.315374918736264
-8.10378175849121
-7.529340593440684
-11.727188386177412
-11.599826602795735
-9.615009590647212
-6.010701621240773
-11.717790194132037
-12.582097452528263
-9.897063545412497
-9.642816248688884
-10.232719041974658
-10.224801988632713
-8.854429034556471
-11.451730664299598
-12.13333492214395
-10.497487844398961
-8.311917420733883
-7.901153297194419
-10.538973003147715
-10.340666834711383
-8.675376050901457
-8.123369352323792
-11.802875159235086
-7.907141192619206
-9.952074918736264
-9.211766228225974
-11.859305806911294
-10.688452164058702
-11.215195776666986
-10.864683399043818
-10.9064
-10.496301917778771
-10.94936719623642
-11.156918235721204
-10.442272538238466
-11.199059835929821
-10.585304068330938
-10.345238854860328
-10.80840325943956
-10.498973600930647
-11.420024242400542
-11.091112043193094
-11.04596498644374
-10.107012380964386
-10.41842742308428
-11.149730606725772
-11.340963821085861
-11.061147194372355
-9.755124266305913
-10.122246411010119
-9.639323178573704
-7.7997752158210085
-7.831786993792662
-13.193718435489247
-8.411563605678863
-11.310902864210828
-8.002572265200442
-8.873226602795736
-10.517099720629702
-11.746444511558877
-9.470214430705127
-10.019835753714231
-9.771440599307587
-10.434216989931445
-10.354490194132039
-10.247247587682297
-13.633
-9.713428979618095
-11.404717137589873
-11.328755684097127
-12.982540593440683
-11.52797203513727
-9.48666935232379
-10.866341095881753
-10.217729034556472
-11.524450290829387
-8.749573017342467
-11.921686993792662
-10.87864146336638
-11.18562484888595
-10.434216989931445
-12.070483648959858
-10.675082844047628
-10.497487844398961
-12.327493985550971
-13.48684064837906
-13.114658014174566
-9.918994706973244
-8.323804066253643
-8.255486773057676
-10.770034922143951
-11.479281022732302
-8.471490018076326
-9.543099999999999
-11.023897575045279
-11.031162373762735
-9.327204414526546
-8.57615226220165
-8.33974029345788
-9.543099999999999
-9.39315977417204
-8.043467842166917
-8.286654056894049
-9.361046406218883
-11.942440145678827
-8.401215682153527
-10.340666834711383
-9.228928985484998
-9.343883648959858
-11.859305806911294
-10.296789455871153
-12.958202254532512
-8.737265519015779
-9.00957569704026
-9.801810008217302
-9.506927200475388
-11.282294706973245
-9.216295628999163
-10.316132965750922
-9.440106827533562
-10.75106102780009
-10.496005806911294
-10.798452207263272
-10.798452207263272
-12.213269352323792
-11.470992662867275
-12.963126602795736
-12.963126602795736
-10.80840325943956
-11.52797203513727
-10.265667079592752
-10.660834394388845
-11.301712421363659
-12.051752164058703
-10.365073719240337
-11.495070589579464
-10.510995814329478
-10.383144511558879
-10.866341095881753
-10.44498226226884
-10.579140145678828
-9.228928985484998
-9.543099999999999
-11.172238164589931
-8.525213596588399
-8.002115973410758
-10.776180252900849
-10.631835300413927
-8.561306821666658
-9.888513596588398
-10.188841663134426
-9.687934589786405
-10.75106102780009
-9.095420086631968
-9.875915809261691
-8.696250375056094
-9.47600106969374
-9.109484255445267
-8.768470589579465
-11.639312809464354
-9.024758014174568
-10.085611613822588
-11.258899221733092
-10.866341095881753
-10.695873797452801
-12.924318496085561
-12.096418028389257
-11.703966659541711
-10.094560000785195
-9.530910525879882
-9.057729948888616
-9.369818028389258
-10.224801988632713
-8.984146028589498
-6.592965175437607
-10.565002410852285
-10.877512628577954
-10.318321780322053
-9.97766382108586
-10.388058014174566
-9.573469408909714
-10.33816376115043
-8.3994970345979
-9.148303380998676
-7.1299018186167435
-10.1697688270176
-9.037223183364942
-9.575516748155227
-12.39081883200479
-10.988173249278052
-9.553462949705082
-11.17995902892993
-9.132705806911295
-11.751358014174567
-11.463901621240772
-9.933698342600028
-11.609533598118208
-8.444034841467765
-7.769405806911294
-10.022490797029695
-8.711487403751887
-10.388058014174566
-7.865628985484999
-8.319364986443741
-10.142916214857053
-10.101209187909971
