-11.208846400351979
-12.365923178573704
-9.796708915949454
-8.566972641622678
-10.476639566068153
-8.587830622416194
-9.387761027800089
-10.078256566851442
-12.680094193088705
-9.462930480014736
-8.869419041974657
-11.24443235108776
-9.435152207263272
-9.155335580549766
-10.217729034556472
-11.619240593440683
-9.505814279720674
-10.26589164561697
-10.115981022732303
-10.798452207263272
-10.093059179532446
-9.642816248688884
-7.711631064067202
-10.527935358139233
-11.991423227645177
-9.30303478652939
-11.316794193088706
-11.69268890006195
-7.841738045968949
-8.984238172962446
-9.335485300102578
-6.596098816623634
-9.505814279720674
-10.849969352323791
-10.48138596122269
-10.453186647597056
-12.029634786529389
-9.190195849409072
-11.316794193088706
-11.727188386177412
-10.9064
-9.754277842048563
-12.436108652867848
-12.332081186881368
-12.680094193088705
-8.196014272657138
-11.07390058071192
-10.26589164561697
-10.978732239057653
-6.711024334726109
-10.772977834673798
-10.100601621240774
-12.680094193088705
-11.260363545412497
-10.707183648959857
-11.52797203513727
-9.983863601998419
-8.984238172962446
-10.10833372783347
-7.488360173701114
-7.491129034556471
-10.029180966146379
-9.435152207263272
-11.316794193088706
-12.812211613822589
-12.572146400351977
-8.957218716672717
-11.038517420733882
-11.97320413885318
-12.161752207263273
-11.161455220888794
-9.28362079588444
-11.859305806911294
-9.990128990276236
-9.573469408909714
-10.439575159235085
-11.599826602795735
-8.858141107325222
-8.909658252385741
-9.016185960264794
-9.990128990276236
-11.32078135675818
-9.675217420733883
-9.971528287763533
-12.2697
-12.029634786529389
-8.633161389325126
-8.850740090117073
-11.51957368627999
-10.131770589579466
-11.448911613822588
-6.679664835841225
-11.599826602795735
-10.363888386177411
-10.542164782668172
-7.366459179532446
-10.131770589579466
-10.44362585006693
-10.526375215821009
-8.310808322063298
-9.333404195439103
-11.316794193088706
-11.161455220888794
-8.276023178573704
-9.460350634245922
-10.139826137886487
-10.6878183846476
-11.670757738501202
-11.859305806911294
-10.241320747752079
-12.977647311229605
-11.208846400351979
-9.697847194372354
-9.83575983592982
-10.542164782668172
-10.375849877185832
-12.2697
-9.746555611569939
-10.936769408909713
-10.82365063424592
-13.09048838617741
-11.816486647597054
-10.849969352323791
-10.82365063424592
-10.968781186881367
-11.859305806911294
-10.363888386177411
-8.735785426642215
-11.859305806911294
-12.029634786529389
-11.859305806911294
-10.070991768133984
-11.619240593440683
-11.727188386177412
-11.859305806911294
-10.66633478652939
-12.982540593440683
-10.104409182061852
-10.199509945764476
-9.725390470626516
-11.038517420733882
-10.968781186881367
-12.029634786529389
-9.092646902793048
-8.822027862511472
-11.859305806911294
-11.859305806911294
-9.29910072775522
-11.520267463212951
-10.227053222018636
-8.842523053056397
-10.728715973410758
-11.727188386177412
-12.029634786529389
-13.663369408909714
-8.533763545412496
-10.15627368627999
-10.592228985484999
-9.86196092660487
-10.48138596122269
-7.676448021592752
-7.630225793481007
-7.35532266938319
-12.029634786529389
-12.2697
-11.076728979618094
-9.675217420733883
-9.167768030353148
-9.450648476933063
-11.038517420733882
-8.651917885546949
-11.41301737166241
-9.250203381956574
-10.496005806911294
-9.049956441157216
-7.88330413885318
-10.2085494139775
-9.855497452528263
-10.388058014174566
-9.907927587233347
-11.859305806911294
-11.859305806911294
-10.686407002553057
-8.350128979618095
-11.337872322226714
-8.59554697992893
-12.161752207263273
-9.615432239057654
-12.401817420733883
-11.536491227686605
-11.038517420733882
-11.260363545412497
-11.72435323151567
-7.634479158876101
-8.452457508135764
-8.043467842166917
-8.7251157920004
-8.588786731975965
-7.498149561913176
-8.043467842166917
-7.634479158876101
-7.770810686943716
-9.543099999999999
-9.543099999999999
-9.679451045876416
-8.043467842166917
-7.634479158876101
-8.1798
-8.1798
-9.27043745689118
-9.406781951308531
-6.9528301749580095
-8.316128684206275
-7.770810686943716
-9.952074918736264
-7.770810686943716
-7.770810686943716
-8.452457508135764
-8.1798
-7.770810686943716
-8.316128684206275
-8.1798
-11.042751045876413
-10.497487844398961
-7.770810686943716
-8.588786731975965
-11.315374918736264
-7.634479158876101
-7.907141192619206
-10.497487844398961
-8.043467842166917
-8.7251157920004
-8.043467842166917
-7.634479158876101
