-6.545244129461989
-7.908543755001881
-11.862124857388304
-9.28362079588444
-12.893698580146062
-12.271182037487668
-10.771447424604373
-5.863594193088706
-11.862124857388304
-8.453862035255622
-13.118822566193753
-9.576593815459322
-8.986546455290355
-14.939869352323791
-9.817176144397237
-11.316794193088706
-9.675217420733883
-10.36246911182497
-11.453145238965119
-10.36246911182497
-13.361796181721418
-10.08984523896512
-12.759154614403386
-7.226894193088706
-8.999180925064671
-11.04409429399595
-12.543729115232656
-11.180429115232656
-11.589414167631176
-8.590194193088706
-10.907882037487667
-8.181204880032421
-7.226894193088706
-7.226894193088706
-6.954234264987029
-9.690207428152068
-11.04409429399595
-10.907882037487667
-11.862124857388304
-7.226894193088706
-12.543729115232656
-14.182959179532446
-12.81644523896512
-8.72652287729498
-13.836720600548029
-9.817176144397237
-11.180429115232656
-11.72576911182497
-11.72576911182497
-7.226894193088706
-11.453145238965119
-11.72576911182497
-8.999180925064671
-12.186950634245921
-10.08984523896512
-7.345837614193591
-8.004312909761422
-9.817176144397237
-9.680831649979885
-13.113747849404962
-12.543729115232656
-10.08984523896512
-11.316794193088706
-11.04409429399595
-10.936769408909713
-10.103645708497417
-7.226894193088706
-11.260363545412497
-10.498824857388305
-6.954234264987029
-8.862851701224468
-7.363224368046714
-11.589414167631176
-10.907882037487667
-11.998496181721418
-11.453145238965119
-9.408170994885122
-9.271844193088706
-11.04409429399595
-12.680094193088705
-7.787439901586122
-7.600558864780866
-7.226894193088706
-8.044873351964807
-8.999180925064671
-10.771447424604373
-12.134747424604376
-8.590194193088706
-10.226114167631177
-10.36246911182497
-8.72652287729498
-10.771447424604373
-11.453145238965119
-11.316794193088706
-10.498824857388305
-12.271182037487668
-13.500882579266117
-8.872272414567973
-13.879083721183378
-9.953494193088705
-14.271734792396293
-9.543099999999999
-9.996133124014136
-12.81644523896512
-9.953494193088705
-11.589414167631176
-11.180429115232656
-9.27184001041383
-13.786878310232566
-12.879636863914545
-13.77069429399595
-9.953494193088705
-11.998496181721418
-12.543729115232656
-8.262253402905037
-9.27184001041383
-9.865618616375647
-10.432884990118401
-7.637288386177411
-12.134747424604376
-9.544493010547093
-7.908543755001881
-10.907882037487667
-9.817176144397237
-11.04409429399595
-10.498824857388305
-11.04409429399595
-11.998496181721418
-8.044873351964807
-13.498047424604374
-10.498824857388305
-6.954234264987029
-12.81644523896512
-7.499554516339886
-12.680094193088705
-8.862851701224468
-11.577209066199355
-8.317535385707911
-7.77221444673964
-10.744992710387654
-11.180429115232656
-15.270329115232656
-8.181204880032421
-11.180429115232656
-7.499554516339886
-10.498824857388305
-10.498824857388305
-10.046937677978384
-8.022188189434427
-13.225581076513873
-12.271182037487668
-8.999180925064671
-10.36246911182497
-7.597229482059165
-8.47245983592982
-11.72576911182497
-8.862851701224468
-11.453145238965119
-8.824661256032158
-12.749128173058228
-8.590194193088706
-7.090564386755876
-13.663369408909714
-13.336504138853181
-14.756234786529388
-8.999180925064671
-10.907882037487667
-14.616275215821007
-12.876655783502624
-14.351318302573066
-14.01249978459878
-13.729223178573704
-6.6657330479490335
-12.114361027800088
-13.284986993792662
-8.60242157278432
-9.406781951308531
-8.629353828504048
-8.493201818616743
-11.491621624620834
-8.847823691058133
-9.126814478033419
-10.439575159235085
-9.410982579266117
-8.669931656978223
-8.145300513884537
-11.465421708512661
-11.601739605000121
-11.424410517374318
-8.2070676032766
-12.827201621240773
-12.432186829643596
-8.465704235873481
-9.632398261419644
-10.988173249278052
-9.320119607627548
-11.328755684097127
-10.072875052604678
-10.756551703939662
-10.224801988632713
-7.934234394388845
-12.891272035137268
-14.888352207263273
-10.405583672865228
-12.623663545412496
-12.40926498644374
-12.229641095881753
-7.416352089313955
-11.1260970345979
-12.401817420733883
-8.452457508135764
-12.480877842048564
-9.953494193088705
-12.858370589579465
-10.160639689021632
-10.436890013285089
-9.875915809261691
-9.060343964910347
-9.54905053920516
-11.802875159235086
-10.276012809464353
-11.448911613822588
-9.78851064544261
-7.389086617195252
-10.647302902168875
-11.161455220888794
-8.892640593440683
-12.2697
-8.31414187044068
-6.530207035542793
-12.40926498644374
-11.836084255445266
-13.633
-9.310982203402054
-11.001927030736681
-14.756234786529388
-7.539291645616969
-9.450142214681458
-9.952074918736264
-9.592468054979804
-9.780212221477962
-11.274526056305795
-11.031162373762735
-13.638950539205158
-12.070483648959858
-8.590194193088706
-7.951696277537811
-10.955768054979803
-7.130058653465196
-9.70667849745458
-14.718023227645176
-11.921686993792662
-11.448911613822588
-9.867663777881292
-11.20589340835933
-10.82365063424592
-11.328755684097127
-11.966070634884499
-11.239215809261692
-6.134849936373283
-6.380244037081978
-6.734701804815586
-11.830418435489246
-8.534258941492297
-8.738745611389342
-11.044893672921297
-12.15444228441897
-13.999476821769571
-11.409188334726899
-13.39293478652939
-8.806912621985958
-10.52017543490845
-8.329760800745385
-8.57499699614306
-8.615598594561927
-8.466088200651646
-11.301712421363659
-11.218797452528264
-9.415738216618324
-5.725860041739037
-8.984146028589498
-11.231275854785931
-10.628123227645178
-11.495070589579464
-9.514212628577953
-10.100601621240774
-11.830418435489246
-10.628123227645178
-8.865076750225821
-9.3111622805596
-10.181834792396293
-7.07429419416436
-9.653420836663699
-8.071852207263273
-8.929275390628215
-12.20260106969374
-7.511782124910065
-9.28362079588444
-10.968781186881367
-10.450439201055936
-12.213269352323792
-14.105775379970073
-8.599743975397256
-7.8060406040988255
-9.27603000387049
-10.496005806911294
-11.889675215821008
-9.335485300102578
-10.968781186881367
-12.37768244084073
-12.176742214681457
-10.97539660394099
-9.747549659791538
-9.543099999999999
-7.5799477212580255
-9.842593408359331
-10.371036243621097
-7.384725111448576
-9.921233173409654
-9.816659028929932
-11.001857460950198
-6.039419046368875
-8.029836793960227
-13.222605806911293
-12.2697
-12.2697
-11.859305806911294
-10.413256441157214
-11.293572641622678
-13.222605806911293
-14.043394193088705
-9.188642279364863
-11.383135753714232
-7.4027193650863605
-6.734701804815586
-11.859305806911294
-10.9064
-7.766452814918647
-8.085830986993832
-7.831935612863364
-10.11582525486047
-8.881894329788292
-11.599826602795735
-12.797591768133984
-12.319068054979804
-11.44302028494471
-8.898591132645844
-9.945262649040863
-8.507444827334627
-8.984238172962446
-12.092454709012294
-11.22000289644757
-13.6254500498059
-12.543259028929931
-8.02943492095463
-11.316794193088706
-11.859305806911294
-13.844177842048563
-9.58397000829619
-11.038517420733882
-11.316794193088706
-13.633
-12.572146400351977
-11.788511780732039
-8.1798
-10.849969352323791
-10.575066228225975
-9.602855578732937
-8.1798
-10.061110517374319
-11.414412127707129
-10.849969352323791
-9.103818435489247
-10.628123227645178
-8.944157738501202
-12.401817420733883
-11.867362349577013
-12.982540593440683
-11.32899739615077
-9.16136379422761
-8.250128603754032
-8.722311613822589
-6.880198370221463
-12.889370934753641
-10.80840325943956
-9.965455684097126
-9.815719974542471
-11.169710448356996
-10.686407002553057
-9.147695814329479
-10.467118435489247
-11.703966834711384
-8.834186005252274
-8.943254170358772
-9.484933704771445
-14.408221780322052
-10.94936719623642
-10.510995814329478
-9.82613240970703
-8.779648827909869
-10.968781186881367
-9.010138168485962
-9.365854709012293
-10.170280927669834
-8.656959761371546
-13.222605806911293
-11.117577842048563
-11.859305806911294
-10.181834792396293
-10.75106102780009
-13.222605806911293
-9.272270793355034
-9.952074918736264
-9.653420836663699
-9.865618616375647
-10.029180966146379
-7.18459077549972
-10.872400915489477
-10.398009066350854
-10.136668258561462
-10.366667558961629
-11.681621780322052
-9.17500490995677
-10.620037676365225
-10.707183648959857
-10.493052814918647
-10.936769408909713
-11.438639941903256
-9.875915809261691
-12.480877842048564
-8.843430445827378
-14.043394193088705
-12.572146400351977
-12.2697
-13.284986993792662
-6.911931026574563
-9.185300429370505
-9.646330049311835
-10.147992800703957
-9.555061491008422
-8.91681022143784
-9.185300429370505
-10.628123227645178
-11.208846400351979
-10.199509945764476
-11.208846400351979
-9.195086993792662
-14.585905806911294
-11.859305806911294
-9.37948457014197
-10.682337751709076
-12.213269352323792
-9.924606821666659
-10.112873017342467
-12.096418028389257
-10.901232727208447
-9.679674709041139
-10.551844676759947
-6.393876983954986
-10.48370101272421
-11.547228160518735
-11.451730664299598
-11.660089455871152
-9.656998331941887
-8.711487403751887
-12.440028979618095
-11.39248096614638
-11.15241575267577
-11.448911613822588
-11.033818324711195
-9.845546400351978
-10.526375215821009
-12.119851703939661
-8.534258941492297
-9.83575983592982
-9.58606719623642
-9.024758014174568
-11.52797203513727
-14.043394193088705
-9.432128595092673
-7.977943809887254
-12.161752207263273
-10.439575159235085
-12.345386773057674
-13.57656935232379
-12.293869627997156
-7.716278439489437
-11.305069578925682
-8.03364064837906
-8.664536870978496
-7.955737751709076
-11.117577842048563
-14.801343245234525
-12.070483648959858
-14.307629034556472
-7.984827922813592
-10.742021559587064
-8.3994970345979
-10.204917048798231
-9.20839257996897
-8.397928830919636
-12.263808671122122
-12.114361027800088
-9.713428979618095
-8.91681022143784
-9.897063545412497
-8.066938704647583
-6.8474929725978715
-6.789872454478539
-13.150640611753474
-12.114361027800088
-11.101721503741016
-12.029634786529389
-11.564606832324799
-8.561521134729007
-10.296789455871153
-8.23239462245921
-10.181834792396293
-13.916032409707029
-10.912350539205159
-8.659190797029694
-12.213269352323792
-7.361820253650936
-9.392333047949034
-11.288132416513045
-12.392419228688508
-10.592925952801714
-9.05230363993207
-8.875082124910065
-14.175511613822588
-11.533068827017603
-11.15241575267577
-10.388058014174566
-9.243026643574993
-11.52797203513727
-9.378721559587065
-10.197539648880705
-11.928968036180601
-10.746524042632496
-10.227053222018636
-11.463901621240772
-12.161752207263273
-12.23520051388454
-11.379175379970073
-13.284986993792662
-10.056724242400541
-11.619240593440683
-11.424410517374318
-12.37873821177778
-11.424410517374318
-10.936769408909713
-11.802875159235086
-13.965815809261692
-12.515715752675769
-7.566315615787648
-12.213269352323792
-7.557636187035176
-12.161752207263273
-11.69268890006195
-9.646330049311835
-10.855376455357547
-12.982540593440683
-10.173191227686605
-14.9963
-8.043467842166917
-8.578469578925683
-10.255940593440684
-8.234332544906637
-8.57515859775326
-8.818534792396292
-10.072875052604678
-9.440106827533562
-11.859305806911294
-9.112337628038585
-9.745879493191284
-8.984146028589498
-8.37101841270343
-11.991423227645177
-9.435152207263272
-14.175511613822588
-8.689230961973548
-10.217729034556472
-8.986546455290355
-12.025700727755222
-9.941769578925683
-12.114361027800088
-9.543099999999999
-11.061147194372355
-9.120981192748273
-10.276012809464353
-9.098206320795832
-13.935446400351978
-14.345840593440684
-9.09126516665327
-8.416912221477963
-10.093059179532446
-10.236526602795735
-11.366162248068509
-8.397928830919636
-9.138656346116454
-9.256810686250907
-10.363888386177411
-13.852697034597899
-8.057102408446939
-13.433783648959858
-14.043394193088705
-7.935800727755222
-9.474944738160769
-13.633
-11.282294706973245
-11.853443499829783
-11.463901621240772
-12.300069408909714
-9.829388200651646
-12.652785847252739
-9.624873249278053
-11.400610251755593
-9.816659028929932
-11.888119173750132
-14.345840593440684
-9.134098817458387
-12.2697
-5.765597452528265
-11.274526056305795
-11.758805579884424
-11.023897575045279
-11.776556441157215
-10.413256441157214
-11.562809945764474
-10.828821616172986
-10.633700100907244
-9.188642279364863
-8.123369352323792
-14.345840593440684
-9.785538257397581
-9.455224423286943
-12.858370589579465
-9.845546400351978
-9.508600513884538
-8.478308981086263
-9.625553402905037
-9.965455684097126
-11.495070589579464
-8.357029192723552
-8.91598846743059
-13.525052207263272
-9.378721559587065
-10.434216989931445
-8.944157738501202
-9.35670885079567
-9.025054125042043
-13.166175159235085
-13.166175159235085
-8.379253227885542
-8.87898425271195
-10.181834792396293
-10.75106102780009
-9.460350634245922
-9.89760203900776
-11.233633093196213
-10.236526602795735
-8.957218716672717
-11.09761841270343
-11.52628280812214
-7.334554544637724
-9.85670289644757
-8.070738183899783
-8.329951515408712
-11.748219044467545
-11.619240593440683
-10.91836149100842
-9.49304481033369
-6.707436214034088
-6.707436214034088
-11.642588467430592
-10.694630380123881
-9.025054125042043
-10.9064
-6.053051926243325
-9.434018485537761
-14.430566834711383
-8.256159966611927
-9.310982203402054
-9.592468054979804
-9.803645897028368
-7.130058653465196
-10.879206688867233
-14.190501621240772
-9.642816248688884
-12.114361027800088
-13.695381186881367
-7.019279493191284
-10.962238869848653
-8.589011228325184
-11.27521364314246
-11.143512221477962
-9.120981192748273
-7.607213547975562
-9.753432626106054
-9.455224423286943
-9.79181313167915
-8.888706534666516
-10.871900513884539
-12.982540593440683
-8.806912621985958
-9.636543484889678
-10.276012809464353
-8.5136554472236
-11.448911613822588
-12.460591390509434
-11.056398938763833
-9.965697396150771
-13.750497575045278
-6.908558516615637
-10.047492573677088
-8.619318441356151
-12.533934841467765
-13.844177842048563
-10.070991768133984
-8.561521134729007
-5.630429032986441
-7.389086617195252
-5.739493001787452
-9.48855622652274
-7.988939829173973
-7.157325342384046
-10.968781186881367
-8.322370442984475
-10.96093903690687
-5.957621026095786
-9.188642279364863
-14.11908096614638
-14.430566834711383
-12.704263821085862
-8.929611414284896
-10.388304762945456
-12.114361027800088
-7.591721780322053
-11.802875159235086
-10.085611613822588
-12.2697
-10.558386993792661
-11.218797452528264
-9.33862073726517
-9.05253628692603
-10.109781241819745
-11.84468596122269
-13.765117420733883
-9.638940319761952
-10.085611613822588
-14.043394193088705
-10.968781186881367
-8.741873641389718
-9.847523275868598
-13.067266834711383
-12.263808671122122
-8.9982248155049
-14.043394193088705
-9.675217420733883
-11.208846400351979
-11.031162373762735
-8.029836793960227
-7.825342279364863
-7.648112738464224
-7.498149561913176
-10.467118435489247
-12.524755220888794
-8.288866684386754
-9.845546400351978
-11.562809945764474
-10.688452164058702
-13.965815809261692
-8.590194193088706
-10.164672035137269
-11.727188386177412
-12.2697
-8.793290655608264
-9.747633291922078
-11.956225952801713
-8.766011397200653
-9.461278084266668
-11.219801818616743
-8.997776801796418
-8.53484102281119
-12.105321559587063
-13.743320836663699
-11.406092454508348
-10.70171119075186
-11.424410517374318
-11.396531656978224
-9.960642050532392
-13.633
-10.353325840429001
-10.810917376453647
-9.83575983592982
-9.039748021592752
-8.738821708512662
-10.497487844398961
-10.592228985484999
-10.373438168485963
-9.034709066350853
-11.545134792396293
-11.859305806911294
-10.30659716615903
-10.265690976688704
-11.206286290701007
-9.474944738160769
-11.448911613822588
-10.75106102780009
-12.213269352323792
-14.84096102780009
-12.982540593440683
-14.043394193088705
-10.798452207263272
-8.984146028589498
-9.761254505717115
-8.384291474380149
-14.043394193088705
-8.533763545412496
-8.754241165050527
-7.818773861891098
-11.328755684097127
-14.9963
-12.963126602795736
-9.150739901586123
-12.051752164058703
-10.755633047949035
-14.175511613822588
