-11.934286207283986
-8.590194193088706
-9.410982579266117
-9.270367697092382
-9.953494193088705
-9.543099999999999
-8.944157738501202
-9.337902903455646
-9.798155220888795
-9.229955110718919
-12.213269352323792
-12.480877842048564
-11.316794193088706
-10.724346406218881
-8.770072955015353
-10.280110221437841
-10.311779463289337
-10.746524042632496
-11.340963821085861
-11.463901621240772
-11.366162248068509
-11.681621780322052
-11.031162373762735
-10.62076818067403
-10.093059179532446
-12.161752207263273
-11.038517420733882
-11.379175379970073
-11.293572641622678
-10.72000885079567
-10.565002410852285
-10.294678674073404
-11.619240593440683
-10.75106102780009
-11.218797452528264
-10.900508671122124
-11.293572641622678
-10.982086773057674
-12.2697
-11.031162373762735
-10.871900513884539
-11.09273194479778
-8.590194193088706
-7.670406401137173
-7.8726358562231304
-11.366446315566284
-9.897063545412497
-10.194151776460833
-10.834038157999053
-11.776556441157215
-11.061147194372355
-10.746524042632496
-11.09273194479778
-12.114361027800088
-10.434216989931445
-11.703966834711384
-10.545373861891099
-9.642816248688884
-10.455946902793048
-12.812211613822589
-11.218797452528264
-11.562809945764474
-11.776556441157215
-11.991423227645177
-10.746524042632496
-10.59923585622313
-12.982540593440683
-12.213269352323792
-11.038517420733882
-10.755633047949035
-12.680094193088705
-10.366261430104382
-11.599826602795735
-10.702969583716921
-10.048325893543263
-12.572146400351977
-11.08467639649076
-10.410687787813039
-9.944096001043333
-10.529499622370617
-10.698785300102578
-11.406092454508348
-10.33839399634572
-11.134740599307587
-10.035947595993743
-11.053507428152066
-9.891705376108854
-11.830418435489246
-9.79181313167915
-10.578459209816332
-10.490114478033417
-10.883178448533972
-11.218797452528264
-11.379175379970073
-10.290479552449733
-10.34294843162803
-11.434291768133985
-10.122246411010119
-11.271227587233346
-12.572146400351977
-12.982540593440683
-10.670295160273547
-10.271943558620372
-12.982540593440683
-12.524755220888794
-10.91836149100842
-9.83770425037748
-9.986361806832141
-11.479281022732302
-13.222605806911293
-10.023822796842738
-10.309614657706964
-11.463901621240772
-11.068886829643597
-12.680094193088705
-10.728715973410758
-12.982540593440683
-11.134740599307587
-10.058135622490049
-10.490114478033417
-12.812211613822589
-12.982540593440683
-10.011941321195906
-10.63933000387049
-12.161752207263273
-11.463901621240772
-11.955528985484998
-10.883178448533972
-10.52017543490845
-9.72619656151642
-10.075339941903257
-10.936769408909713
-10.888899011559438
-11.038517420733882
-10.746524042632496
-12.480877842048564
-11.463901621240772
-11.955528985484998
-11.448911613822588
-11.406092454508348
-10.849969352323791
-9.97766382108586
-10.255940593440684
-10.682337751709076
-11.109179493191284
-11.379175379970073
-10.514039901586123
-11.830418435489246
-11.511292800703956
-10.855376455357547
-11.134740599307587
-11.260363545412497
-7.989102841509194
-8.902591645616969
-8.283030049311837
-9.917878639409633
-11.599826602795735
-10.565002410852285
-12.480877842048564
-10.38070296720342
-11.776556441157215
-12.680094193088705
-11.991423227645177
-10.834038157999053
-11.161455220888794
-10.294678674073404
-10.214040090117074
-10.008033229995576
-10.59923585622313
-10.94936719623642
-9.243026643574993
-9.188544676759946
-10.434216989931445
-11.703966834711384
-9.653420836663699
-11.776556441157215
-12.070483648959858
-12.480877842048564
-10.783832361574667
-10.431555980206442
-10.393012634444856
-11.727188386177412
-10.271943558620372
-11.639312809464354
-11.076728979618094
-9.875915809261691
-12.680094193088705
-10.162982808122141
-10.174909875242232
-11.776556441157215
-12.572146400351977
-11.495070589579464
-10.746524042632496
-10.510995814329478
-12.401817420733883
-10.94936719623642
-11.009630049311836
-12.742475379970074
-12.332081186881368
-10.662400727755221
-11.406092454508348
-10.866341095881753
-10.866341095881753
-9.867663777881292
-11.249695262782446
-11.889675215821008
-10.94303479718753
-10.066675294576829
-11.751358014174567
-11.109179493191284
-12.114361027800088
-10.087093651310255
-11.353428990276235
-10.234619761639712
-11.639312809464354
-11.859305806911294
-10.105173641389717
-9.981375893854612
-11.660089455871152
-10.469944568144799
-11.511292800703956
-11.249695262782446
-10.94936719623642
-12.029634786529389
-8.614363821085862
-12.2697
-9.049956441157216
-10.900508671122124
-10.9064
-11.921686993792662
-10.309614657706964
-10.450439201055936
-11.305069578925682
-10.568338045968948
-11.340963821085861
-11.208846400351979
-12.029634786529389
-11.061147194372355
-11.479281022732302
-11.161455220888794
-10.498973600930647
-10.398009066350854
-10.37827144975241
-9.669326091856007
-10.109781241819745
-11.434291768133985
-10.090068902129845
-11.434291768133985
-11.379175379970073
-10.91836149100842
-10.298907789677104
-10.126989349595215
-9.760228381253723
-10.650753001283649
-12.572146400351977
-10.16636609542655
-10.711427922813591
-10.968781186881367
-10.303167330834437
-11.038517420733882
-9.976431617379555
-10.565002410852285
-11.25502940409747
-12.812211613822589
-8.1798
-11.448911613822588
-10.04004500796723
-9.623515281556196
-10.628123227645178
-12.213269352323792
-10.431555980206442
-11.353428990276235
-10.490114478033417
-12.401817420733883
-12.401817420733883
-10.855376455357547
-11.991423227645177
-10.388058014174566
-10.25990096718484
-10.333874328083912
-12.401817420733883
-12.572146400351977
-10.469944568144799
-12.401817420733883
-11.955528985484998
-10.01719256331017
-12.2697
-11.681621780322052
-11.751358014174567
-11.681621780322052
-10.542164782668172
-12.54231997454247
-9.103818435489247
-8.1798
-10.318321780322053
-12.515715752675769
-12.114361027800088
-11.619240593440683
-11.802875159235086
-10.813442214681459
-11.366162248068509
-9.770570542329299
-11.619240593440683
-11.776556441157215
-10.066675294576829
-10.22330590781854
-12.213269352323792
-11.316794193088706
-10.662400727755221
-10.715702841509193
-10.793538704647583
-10.240358808194944
-11.859305806911294
-10.199509945764476
-10.592228985484999
-10.592228985484999
-9.503041095881754
-10.496005806911294
-9.103818435489247
-9.335485300102578
-11.161455220888794
-11.100898607615251
-11.639312809464354
-12.213269352323792
-10.490114478033417
-11.58102903455647
-11.328755684097127
-10.526375215821009
-10.455946902793048
-11.366162248068509
-11.639312809464354
-12.213269352323792
-10.461506320795833
-10.779038216618325
-10.41583628692603
-10.144712605792135
-11.249695262782446
-11.599826602795735
-12.070483648959858
-10.517099720629702
-10.60990413885318
-11.703966834711384
-10.190606414566668
-11.379175379970073
-11.991423227645177
-11.859305806911294
-10.900508671122124
-11.170634841467766
-10.181834792396293
-10.496005806911294
-11.143512221477962
-10.405583672865228
-11.316794193088706
-12.680094193088705
-10.139826137886487
-10.746524042632496
-11.39248096614638
-10.426269573058779
-9.856501818616744
-11.406092454508348
-11.009630049311836
-10.296789455871153
-12.982540593440683
-10.514039901586123
-10.164672035137269
-9.91676467169216
-10.568338045968948
-11.660089455871152
-10.733118028389258
-11.068886829643597
-11.053507428152066
-10.66633478652939
-10.774282579266117
-10.578459209816332
-11.208846400351979
-11.04596498644374
-9.892773137745731
-10.538973003147715
-11.62919164561697
-12.680094193088705
-11.366162248068509
