-10.04279245450835
-10.164672035137269
-8.80137203513727
-9.639323178573704
-10.100601621240774
-9.573469408909714
-9.387761027800089
-7.629056842129569
-10.628123227645178
-11.076728979618094
-9.543099999999999
-9.543099999999999
-7.831786993792662
-11.938366228225975
-11.448911613822588
-10.100601621240774
-10.10824138746106
-10.542164782668172
-8.590194193088706
-13.633
-11.90546478266817
-12.300069408909714
-12.440028979618095
-11.316794193088706
-12.365923178573704
-12.2697
-12.026070860812494
-12.240812628577952
-9.30303478652939
-11.590353222018637
-9.365415973410759
-11.660089455871152
-11.553906414566669
-10.085611613822588
-9.947602864210829
-11.260363545412497
-10.9064
-10.255940593440684
-9.410982579266117
-12.945487692918487
-11.353428990276235
-11.715463772014388
-10.968781186881367
-11.609454029018526
-12.2697
-12.2697
-10.2085494139775
-12.626058635225263
-12.680094193088705
-10.968781186881367
-6.8370506533360516
-12.972045631924384
-10.015875379970073
-9.30303478652939
-10.015875379970073
-8.1798
-11.316794193088706
-11.5718494139775
-12.944329034556471
-12.010220795884441
-8.760523172706801
-12.680094193088705
-10.164672035137269
-11.273081617652654
-12.322728090983695
-12.895531631411936
-11.955528985484998
-12.332081186881368
-8.390977842048564
-7.848466228225974
-10.526375215821009
-11.328755684097127
-10.936769408909713
-12.594559888323895
-12.213269352323792
-11.751358014174567
-9.00058838617741
-8.892640593440683
-9.00058838617741
-9.543099999999999
-8.350128979618095
-12.680094193088705
-11.463901621240772
-11.359761389325124
-12.003219084242982
-9.30303478652939
-12.365923178573704
-12.114361027800088
-8.590194193088706
-10.786367393264694
-10.015875379970073
-8.533763545412496
-12.186950634245921
-11.921686993792662
-12.480877842048564
-7.7997752158210085
-11.727188386177412
-12.623663545412496
-10.575066228225975
-11.208846400351979
-11.921686993792662
-11.727188386177412
-12.2697
-9.845546400351978
-12.2697
-8.80137203513727
-11.816486647597054
-11.69268890006195
-7.699669573058779
-12.352153402905037
-12.010220795884441
-8.730509114613302
-12.440028979618095
-12.680094193088705
-11.826068824403132
-12.354864489809046
-10.9064
-12.010220795884441
-11.84468596122269
-12.2697
-9.30303478652939
-11.90546478266817
-11.90546478266817
-12.092015973410756
-11.816486647597054
-12.186950634245921
-11.763823183364941
-12.058640596374136
-9.178864782668171
-12.029634786529389
-11.316794193088706
-12.029634786529389
-7.93973478652939
-11.47154138746106
-12.623663545412496
-11.727188386177412
-12.209622035137269
-7.542309869657832
-11.639312809464354
-12.231560724557385
-12.680094193088705
-11.379175379970073
-12.401817420733883
-12.472538224831908
-8.523095262782446
-9.132705806911295
-8.945235215899894
-11.609454029018526
-11.97320413885318
-7.717568042107731
-9.660597575045278
-11.495070589579464
-11.921686993792662
-12.2697
-12.029634786529389
-11.727188386177412
-11.802875159235086
-11.372633062937359
-11.385790797029696
-10.2085494139775
-10.2085494139775
-11.379175379970073
-9.30303478652939
-12.742475379970074
-11.184676772354821
-9.543099999999999
-8.786339738253178
-11.619240593440683
-9.953494193088705
-11.316794193088706
-11.751358014174567
-12.137582579266116
-10.66633478652939
-12.797591768133984
-10.16222422548515
-7.529340593440684
-9.953494193088705
-13.888055220888795
-12.029634786529389
-11.727188386177412
-11.859305806911294
-11.52797203513727
-10.9064
-11.208846400351979
-10.9064
-8.892640593440683
-10.9064
-12.029634786529389
-9.132705806911295
-13.12712318336494
-10.728715973410758
-10.798452207263272
-9.717389353362252
-9.713428979618095
-8.741109182061852
-8.434855220888794
-12.240812628577952
-8.533763545412496
-11.874295814329479
-12.300069408909714
-12.742475379970074
-10.085611613822588
-8.722311613822589
-11.448911613822588
-11.639312809464354
-7.93973478652939
-11.727188386177412
-7.438072035137269
-10.496005806911294
-12.2697
-14.175511613822588
-12.2697
-8.590194193088706
-9.865618616375647
-11.316794193088706
-10.246154029018527
-13.590340990450873
-12.2697
-11.52797203513727
-12.029634786529389
-9.543099999999999
-12.04970700255306
-10.265891645616971
-12.623663545412496
-12.300069408909714
-10.085611613822588
-8.892640593440683
-12.899791227686604
-9.953494193088705
-12.029634786529389
-11.599826602795735
-11.208846400351979
-10.9064
-11.4871231727068
-12.680094193088705
-12.114361027800088
-7.226894193088706
-10.628123227645178
-13.002612809464352
-8.63956224806851
-11.434291768133985
-9.605481186881368
-9.543099999999999
-12.623663545412496
-9.754277842048563
-12.2697
-11.938366228225975
-10.78769582498762
-10.363888386177411
-13.336504138853181
-12.742475379970074
-9.941769578925683
-12.240812628577952
-10.32938890006195
-12.2697
-11.776556441157215
-12.623663545412496
-9.851496939557139
-12.114361027800088
-10.199509945764476
-10.707183648959857
-12.9351494139775
-8.590194193088706
-11.260363545412497
-12.029634786529389
-12.2697
-11.366162248068509
-10.82365063424592
-8.1798
-10.416612437791619
-9.543099999999999
-10.363888386177411
-10.849969352323791
-9.915652795934074
-10.26308845088437
-9.273396052484706
-10.021029050054704
-11.859305806911294
-10.75106102780009
-12.301549919327247
-10.606326643574993
-11.448911613822588
-9.713428979618095
-8.63481896716525
-8.722311613822589
-10.199509945764476
-11.366162248068509
-11.353428990276235
-9.374253057869572
-12.2697
-10.783832361574667
-13.433783648959858
-10.076796458424212
-8.11801118302015
-11.921686993792662
-9.816659028929932
-11.619240593440683
-11.495070589579464
-10.131770589579466
-11.58102903455647
-10.9064
-10.340666834711383
-8.933489455871152
-9.343883648959858
-8.722311613822589
-10.00286224806851
-9.83575983592982
-12.55273240970703
-8.66588096614638
-8.366131944797782
-8.912712809464354
-8.892640593440683
-9.97766382108586
-11.15241575267577
-9.918994706973244
-8.892640593440683
-8.933489455871152
-12.511300694816368
-9.632398261419644
-12.332081186881368
-12.680094193088705
-11.448911613822588
-9.754277842048563
-11.830418435489246
-11.109179493191284
-9.705586829643597
-11.859305806911294
-5.900228990276236
-10.217729034556472
-11.316794193088706
-11.316794193088706
-12.480877842048564
-6.865868054979804
-8.366131944797782
-8.818534792396292
-9.049956441157216
-9.639323178573704
-6.186112809464354
-6.468486993792662
-11.90546478266817
-12.680094193088705
-13.284986993792662
-11.038517420733882
-11.660089455871152
-10.576044159095904
-10.94936719623642
-13.373829007087284
-10.66633478652939
-9.166199622370616
-10.181834792396293
-12.401817420733883
-11.208846400351979
-9.68266498644374
-10.900508671122124
-9.917878639409633
-10.318321780322053
-9.195086993792662
-10.1238231727068
-7.686656441157215
-8.614363821085862
-6.912723178573704
-7.634479158876101
-12.2697
-8.722311613822589
-11.379175379970073
-9.760012095587168
-10.125404144720086
-8.80137203513727
-9.195086993792662
