-9.120981192748273
-8.809891227686604
-8.497236407770163
-6.684382579266117
-9.494151809706947
-9.152880354559862
-9.589030677934495
-9.533543962053212
-9.040278762807198
-9.321594626451182
-8.47142298023514
-11.990505188930511
-9.23505610272697
-8.4072705423293
-10.035947595993743
-9.705586829643597
-7.93973478652939
-9.240447061367009
-9.024758014174568
-11.038517420733882
-10.009365596245111
-10.307726985298835
-9.365668260406503
-9.10398764774512
-10.123862646916283
-8.84519021253073
-9.478650173295147
-8.374298607615252
-8.142514279720674
-8.926134408900007
-9.00058838617741
-8.660522796842738
-9.82613240970703
-9.996461389325127
-7.732240009682077
-9.055127423084281
-9.073590013285088
-8.586652365973254
-11.028375012140307
-10.577747044026095
-9.798109680263586
-9.029712634444856
-9.935993204648144
-7.268970765826308
-8.162586495744344
-10.418051806773494
-10.701202903455647
-7.2388556840971265
-7.940729872717985
-12.422797993395294
-10.798452207263272
-9.725390470626516
-9.000570624500241
-9.389517928111566
-10.42640117423169
-8.047641137010304
-9.063114337567187
-9.573298068757634
-8.809788276256741
-8.745276059740403
-9.587405101811616
-8.761885358514753
-9.012242295885532
-12.480515335880858
-8.464745411911418
-8.761313131019023
-8.5179047611769
-8.274584775808284
-9.656099067006846
-9.211808522223272
-10.307726985298835
-8.626917184596685
-8.873494111732175
-9.845669774737424
-10.686713406065238
-8.873226602795736
-8.779779298088268
-9.272270793355036
-11.194226554663373
-11.590353222018637
-9.983724974892763
-8.100096508099764
-8.318616000047617
-8.902491311152836
-9.167768030353148
-9.82613240970703
-11.208846400351979
-10.400523183364943
-9.000570624500241
-8.179820723303674
-8.745276059740403
-8.480171631778873
-10.948730899918136
-10.070468149593816
-8.833524799814478
-8.633489439772202
-9.543114802211736
-9.10398764774512
-9.179000830848418
-11.497023203109439
-11.319769462691283
-10.00273356437442
-7.710290013285088
-9.754277842048563
-8.071996560408586
-8.123657455571227
-10.085685632283678
-7.709620625235066
-7.815564782668171
-9.272270793355036
-8.869046895721265
-8.776745205072206
-8.818199763866573
-9.04978916326014
-7.920320795884441
-9.632398261419644
-9.063114337567187
-10.877653632073635
-9.211808522223272
-8.346979644175738
-9.00058838617741
-9.225456402702376
-12.213269352323792
-8.814971107340728
-8.350192140880035
-10.93661364103788
-9.037292476690423
-9.897332792210129
-8.626917184596685
-8.988573682002357
-9.605481186881368
-9.543114802211736
-8.53403009852963
-10.828968735887079
-8.325391233553509
-8.62138478652939
-9.983676690385188
-9.573298068757634
-8.639417482845037
-9.897332792210129
-8.482369774737421
-8.57795784702023
-7.965139188002611
-8.97282984954379
-9.28362079588444
-8.820278751439737
-8.378424573212587
-9.2394706348845
-7.932282286892864
-9.130416326375663
-7.893985470082493
-7.28944054880529
-9.055127423084281
-9.46017049273255
-9.889336207283986
-9.543114802211736
-9.514367736117737
-8.912712809464354
-10.32938890006195
-8.591379526151632
-9.230672944528443
-10.131930652753729
-7.413446016733541
-8.53403009852963
-10.403892635100316
-8.434816510910768
-8.817664735418006
-9.004151528328553
-10.388243095039357
-11.20909320056101
-9.798109680263586
-8.849469409311224
-8.168075385836978
-11.038517420733882
-8.177731360176516
-8.7282923593268
-9.105229815578754
-9.675217420733883
-11.545134792396293
-11.260363545412497
-7.665915302481823
-9.741724573212586
-8.987703979935052
-6.133405907818539
-8.098081224005137
-10.49232828342572
-10.336967686123819
-9.17408354268392
-8.621187165686576
-8.590194193088706
-9.325152164058704
-8.024160239074442
-9.321969525758401
-8.556253530674171
-11.035313376806018
-10.375970733212654
-8.242181186881368
-10.686713406065238
-9.91343528897046
-8.926134408900007
-8.815840345230937
-8.38624198121022
-9.018150909308373
-8.473917547787657
-8.919542025149408
-8.614547862373893
-8.838907324767856
-8.687114338979125
-8.751124980661428
-8.283101971090273
-9.860536407770164
-9.241245969549539
-9.008935988038058
-9.558090007418183
-9.897063545412497
-8.602155684097127
-10.368644023529619
-10.570012937233487
-10.893227770074187
-8.58842063110197
-8.808128267330838
-8.98971120386692
-8.57354439248434
-10.416342846267005
-11.026025518211222
-13.23759581432948
-11.184676772354821
-7.570189455871152
-8.991722948514184
-8.819477330964581
-8.187863592865373
-8.628109229114623
-10.236526602795736
-12.136386276387297
-11.208846400351979
-10.600276076162448
-9.613820804098024
-9.953494193088705
-7.599891488793792
-10.413256441157214
-11.170634841467766
-10.236526602795736
-8.902591645616969
-8.073829082779895
-10.296789455871153
-9.897063545412497
-10.798452207263272
-9.410982579266117
-12.572146400351977
-9.235935856223131
-10.633700100907244
-11.876830981873615
-8.547909518397152
-10.324787740438659
-9.875915809261691
-11.316794193088706
-7.996876349240594
-9.28362079588444
-11.124554505717114
-7.149108100553308
-11.627188010313349
-10.14015065072946
-11.233633093196213
-7.522863343023472
-10.558386993792661
-11.038517420733882
-8.827306414566667
-9.027230141637403
-10.924434094674828
-7.498149561913176
-9.0792700763118
-9.679428435022398
-8.673663677500718
-9.105186988346736
-9.815719974542471
-7.634479158876101
-9.675217420733883
-10.100601621240774
-9.450142214681458
-9.153799720629701
-9.754277842048563
-10.83824473816077
-8.141010808086493
-9.720856788062395
-10.006606702016255
-8.071852207263273
-9.073590013285088
-7.679237836280669
-9.406781951308531
-8.210169408909714
-9.941769578925683
-10.361053231515669
-10.192376441795794
-11.476173017342466
-12.295603602222988
-8.057660024715094
-8.043467842166917
-11.751481388560013
-11.810084798514689
-9.675217420733883
-11.117577842048563
-11.889675215821008
-9.138656346116454
-10.419388089888226
-10.467118435489247
-11.018864738827013
-9.604823692458243
-9.197724297338919
-10.091562153027748
-11.031162373762735
-9.569741755459994
-11.599826602795735
-10.818524423286942
-6.963607428152068
-9.556755551297702
-8.520626395258002
-9.816659028929932
-11.619240593440683
-11.315374918736264
-7.879872896699492
-6.843765743342768
-9.291310172366368
-10.798452207263272
-9.815719974542471
-11.519907342905995
-7.980583648959858
-11.208846400351979
-10.632767700660587
-9.816659028929932
-9.771440599307587
-9.00058838617741
-12.37873821177778
-12.213269352323792
-11.751358014174567
-10.988853402905038
-9.243026643574993
-9.558697574087383
-9.865618616375647
-11.316794193088706
-11.117577842048563
-8.452457508135764
-7.491129034556471
-9.618786773057675
-9.406264835841228
-12.642593348754668
-7.9015232276451774
-10.633700100907244
-12.678674918736265
-11.110933291922077
-12.114361027800088
-8.811609875242233
-8.382579493191285
-10.489853409817751
-9.313169317627477
-8.825541663134425
-7.170463545412497
-11.6235367552854
-11.383533251995143
-10.033909474644902
-9.24316932912025
-7.036197034597899
-12.161752207263273
-11.117577842048563
-10.702969583716921
-9.99227441569569
-10.368644023529619
-7.1390186163756475
-10.236526602795736
-11.669897166159032
-8.587830622416194
-11.098849901628508
-10.214852074755662
-11.003320145890418
-11.038517420733882
-10.340666834711383
-11.72435323151567
-11.316794193088706
-11.48884611131726
-10.445438717670935
-8.904602084449104
-10.210373987585326
-8.451759088416377
-10.798452207263272
-10.707183648959857
-9.886395262782447
-9.918994706973244
-10.223355091604752
-10.558386993792661
-9.396940648379061
-7.342949444236354
-10.085611613822588
-9.930272641622677
-9.567269627997156
-8.220860355080397
-9.27603000387049
-9.941769578925683
-9.930272641622677
-9.246604138853183
-11.619240593440683
-10.526375215821009
-10.526375215821009
-12.828721708512662
-7.192394706973244
-10.224801988632713
-9.147695814329479
-9.378721559587065
-7.517035799253598
-10.538087277328094
-9.537208671122123
-8.722311613822589
-10.00286224806851
-11.58734036282378
-9.700119180274067
-9.451275801940996
-9.261134283205779
-9.865618616375647
-10.968781186881367
-11.117577842048563
-10.361053231515669
-9.261134283205779
-8.452457508135764
-9.965455684097126
-9.20503804596895
-10.73239349689633
-10.798452207263272
-11.145017217637516
-8.1798
-8.123369352323792
-9.907927587233347
-9.918994706973244
-11.562809945764474
-10.94177640422247
-8.720833276806905
-10.084133276806906
-8.566972641622678
-11.859305806911294
-8.111117278288756
-8.530542828492305
-12.982540593440683
-11.000118041949145
-9.134098817458387
-12.2697
-8.872250583442362
-8.01874201331434
-10.25462924051596
-11.465350075644118
-7.438072035137269
-7.720559006144113
-9.215908282357328
-11.023897575045279
-10.496005806911294
-10.131770589579466
-10.66633478652939
-11.208846400351979
-10.75106102780009
-10.968781186881367
-9.47600106969374
-9.907927587233347
-9.897063545412497
-10.984784152061057
-9.007215026912142
-10.414417118532654
-9.20503804596895
-9.771440599307587
-9.886395262782447
-9.269486378652555
-11.315374918736264
-7.421392800703957
-8.722311613822589
-10.496005806911294
-11.420024242400542
-8.791308217763579
-9.807334841467766
-6.696344070274538
-7.524035766509905
-8.491778246321267
-8.624314873262149
-8.151441098134773
-8.685025893543262
-7.083423771991653
-10.004734475042383
-8.873200943274888
-7.3423734970438765
-8.312657975761235
-11.619240593440683
-11.859305806911294
-10.75106102780009
-11.1709240811914
-11.859305806911294
-10.628123227645178
-9.123890651512918
-12.801358337075369
-11.824806320795833
-9.049956441157216
-8.578469578925683
-6.6566240426324965
-10.00286224806851
-9.503041095881754
-10.236526602795736
-11.117577842048563
-9.646330049311835
-9.907927587233347
-10.00286224806851
-11.117577842048563
-9.573469408909714
-10.0884306642996
-8.784692800703956
-9.68266498644374
-10.340666834711383
-10.147992800703957
-9.990128990276236
-7.421228358634527
-9.037223183364942
-9.618786773057675
-9.865618616375647
-10.388058014174566
-9.907927587233347
-8.566972641622678
-13.223346825655128
-11.790107123194506
-10.439575159235085
-11.068886829643597
-10.340666834711383
-8.482246400351977
-8.352502023545066
-9.54905053920516
-10.318321780322053
-13.166175159235086
-10.9064
-6.264823339898855
-11.039928629114726
-11.282294706973245
-10.912350539205159
-8.02632144984989
-9.72137639649076
-8.47901896742778
-7.676419840071914
-8.929443402456556
-9.629889924039114
-10.115877177484414
-8.596144732293865
-8.616835948548697
-10.181834792396293
-9.425365642841115
-9.022949297354824
-10.015875379970073
-10.363888386177411
-8.125526271529553
-11.379175379970073
-8.283030049311837
-10.164672035137269
-8.15430561016831
-7.797371716760057
-8.808177554515808
-7.570189455871152
-10.015875379970073
-12.029634786529389
-12.401817420733883
-11.218797452528264
-10.070991768133984
-12.114361027800088
-11.921686993792662
-12.213269352323792
-7.021702774585274
-10.558386993792661
-9.455224423286943
-9.323107002553058
-11.127815682153527
-9.055127423084281
-10.139826137886487
-8.43667979449662
-10.018054315982607
-9.326096352720391
-9.768948505839402
-10.013249771821641
-10.764884387220745
-10.75106102780009
-9.930272641622677
-10.217729034556472
-9.865618616375647
-10.018512683516331
-9.538554315124193
-8.1798
-8.867524404622927
-9.055127423084281
-10.070991768133984
-8.768042176108004
-8.1798
-11.316794193088706
-11.30891911176857
-10.628123227645178
-7.911223454286181
-8.210792972597872
-9.47758910909149
-9.31499627753781
-12.951401988632712
-9.797245038284984
-12.217407561734236
-10.75106102780009
-11.829012082090951
-10.924434094674828
-8.871319761639713
-8.189349782308552
-7.297222796842738
-11.379175379970073
-10.558386993792661
-9.907927587233347
-6.13485
-8.615598594561927
-8.778899655790555
-7.978367022015929
-10.849969352323791
-9.065606876605035
-9.172498337808792
-10.199509945764476
-10.131770589579466
-7.527370296556914
-8.668578345149761
-10.472784255445267
-8.9956357394893
-8.878984252711952
-8.133137975391508
-9.095420086631968
-8.839809188867868
-12.164229517398418
-9.348127922813593
-9.101005728692655
-10.085611613822588
-10.318321780322053
-12.2697
-6.871031895710529
-10.611452246909796
-10.354490194132039
-11.980079432390433
-9.855497452528265
-8.592567237015677
-7.261265805101962
-9.27043745689118
-8.250718698015884
-9.632398261419644
-8.252132239057655
-9.807334841467766
-7.87581620586034
-12.982540593440683
-9.897063545412497
-11.859305806911294
-12.401817420733883
-11.940549221733093
-10.947270008296188
-11.208846400351979
-11.448911613822588
-11.448911613822588
-10.9064
-8.7251157920004
-10.393012634444856
-8.054054959384892
-8.777277532095834
-7.987389168338397
-8.311917420733883
-10.968781186881367
-10.03187834514976
-11.073579644175737
-12.812211613822589
-8.738821708512663
-5.548031700454558
-7.978051612311768
-9.780212221477964
-12.332081186881368
-8.942008648420488
-9.911226056305795
-9.820430211534221
-10.30659716615903
-11.859305806911294
-10.849969352323791
-8.004312909761422
-11.859305806911294
-8.925091107013873
-10.919571039268062
-8.729759179532445
-11.117577842048563
-12.982540593440683
-10.9064
-11.479281022732302
-10.181834792396293
-11.703966834711384
-11.305069578925682
-12.332081186881368
-11.406092454508348
-9.406781951308531
-9.867975854785929
-9.260766649746481
-12.406051045876415
-10.224801988632713
-10.497487844398961
-9.473042320464701
-10.00286224806851
-10.462380860691132
-8.417796573647125
-11.548627862511472
-8.1798
-9.82613240970703
-11.588049999999999
-10.217729034556472
-9.762797034597899
-9.762797034597899
-11.34716360199842
-11.404717137589873
-12.257975385836977
-9.492076455357548
-9.762797034597899
-8.098081224005137
-7.021033291922079
-10.085611613822588
-7.545952166178342
-7.421392800703957
-9.930272641622677
-10.707183648959857
-8.077802746468432
-8.334547194372355
-7.137183991735178
-11.012412133152957
-10.96419398555097
-9.497533394144641
-8.057232361574668
-9.228928985484998
-8.332244895941148
-12.812211613822589
-10.033231656978224
-10.228935810781785
-10.1697688270176
-9.605481186881368
-9.745879493191284
-8.57615226220165
-8.914757970969998
-7.3387864651878445
-10.347538172962446
-10.415577795908094
-7.963611629084944
-11.59299004110578
-11.991423227645177
-7.770810686943716
-7.579328184839257
-11.065004365455072
-10.413256441157214
-8.551243004292969
-8.700515029752404
-6.948617420733883
-6.684382579266117
-12.365923178573704
-9.884284480984698
-12.213269352323792
-10.37780851093331
-9.450142214681458
-10.340666834711383
-11.521243852880243
-10.388058014174566
-10.015875379970073
-11.208846400351979
-8.006518028389259
-10.276012809464353
-10.276012809464353
-10.276012809464353
-10.04279245450835
-8.96608890006195
-7.645155798500642
-10.439575159235085
-9.264823227645177
-8.358076396490759
-10.558386993792661
-7.203672641622678
-10.921515065756743
-9.995189479776522
-10.439575159235085
-11.058844895941148
-10.81445517244296
-9.61209660394099
-8.740345708497417
-8.469555135089044
-8.208930287937235
-8.138768032614312
-8.720833276806905
-10.988173249278052
-9.095698120761135
-8.704379660665307
-11.619240593440683
-10.9064
-10.526375215821009
-9.246604138853183
-9.897063545412497
-9.930272641622677
-7.7268620947605156
-7.904702487645868
-10.628123227645178
-9.646330049311835
-12.2697
-6.8165
-8.329951515408712
-10.849969352323791
-11.117577842048563
-8.18995178913945
-9.40331690858334
-7.939340202264749
-12.716728990276236
-8.303102265335506
-7.810148951340022
-8.119078944657026
-7.667657795087125
-8.906619373171242
-10.631835300413927
-9.788219350283226
-9.80272724103774
-8.722311613822589
-6.711024334726109
-7.323535453591406
-8.043467842166917
-8.22276719623642
-10.96093903690687
-9.789115752675771
-8.1132299430359
-8.115350173295148
-8.942008648420488
-9.253824638916084
-9.10959026579224
-9.079567614385136
-9.802085028892918
-9.229556219138459
-8.703375294576828
-9.052794890846796
-8.101295625066996
-8.673737469595883
-11.179019974542472
-7.973437483157636
-11.260902039007762
-11.4517306642996
-9.17408354268392
-8.098081224005137
-10.02918096614638
-10.628123227645178
-9.605481186881368
-8.358877037136333
-7.1390186163756475
-8.024461027800088
-12.501446091038291
-6.571106097183083
-11.448911613822588
-10.9064
-8.574996996143062
-9.855497452528265
-11.515600071804975
-8.790640962692335
-8.531614455331784
-9.435152207263272
-8.825717901762658
-7.568078674073404
-8.1798
-9.679451045876416
-9.52753097846601
-8.590194193088706
-9.132705806911295
-10.217729034556472
-10.968781186881367
-10.798452207263272
-8.985969356980362
-8.594949830440914
-7.128897452528265
-10.496005806911294
-9.907927587233347
-9.953494193088705
-6.469804177132758
-9.260399244418414
-8.100665574102113
-9.29910072775522
-8.572693204648145
-7.918413954728417
-7.083423771991653
-6.244199493961196
-6.68013492214395
-7.33097066665789
-9.729431944797781
-9.410982579266117
-8.688342667448946
-9.1066445681448
-8.294416432293321
-10.467118435489247
-9.261134283205779
-8.751124980661428
-10.402036793905125
-9.134098817458387
-10.045142514092719
-8.426404864570426
-7.850537255291651
-7.813636436117683
-8.493201818616743
-10.526375215821009
-13.283357858749469
-7.9764673138909306
-9.780212221477964
-10.467118435489247
-8.55681288231443
-12.572146400351977
-11.545134792396293
-11.27232605540868
-8.205204401473221
-12.842477177484414
-10.29430774045876
-8.454299575064464
-7.418767192555526
-11.070446971961822
-10.008422880333548
-11.218797452528264
-10.057711855085214
-10.333199343780697
-10.265690976688704
-10.085611613822588
-10.798452207263272
-8.222130899918135
-9.22200406833094
-7.373394677397588
-8.578469578925683
-8.452457508135764
-8.538085270200632
-7.848466228225974
-8.554578639409634
-11.208846400351979
-8.948479463289338
-10.388058014174566
-9.953494193088705
-7.044840599307587
-12.572146400351977
-11.328755684097127
-11.921686993792662
-10.810917376453647
-8.217213577360114
-9.861160756411609
-10.770034922143951
-6.898297721255684
-8.9982248155049
-10.879206688867233
-10.815373203109441
-11.208846400351979
-10.115981022732303
-11.02911922868851
-10.9064
-10.363888386177411
-11.117577842048563
-10.147992800703957
-10.255940593440684
-10.361053231515669
-10.70171119075186
-11.84700101272421
-10.199509945764476
-9.1066445681448
-9.816659028929932
-5.82129099599823
-11.208846400351979
-6.895695767907378
-11.860787844398962
-8.835197975508375
-10.899668274280106
-12.692055684097127
-12.029634786529389
-7.6344532315156695
-7.648042794877462
-6.871039036906869
-11.165385028892919
-8.250128603754032
-9.567269627997156
-8.850740090117073
-9.865618616375647
-9.156875434908452
-9.343883648959858
-8.910674688115513
-6.8165
-8.970506795015325
-9.492076455357548
-9.679451045876416
-9.653420836663699
-10.654610172366368
-10.0884306642996
-9.406781951308531
-11.315374918736264
-10.496005806911294
-9.109484255445267
-10.147992800703957
-12.812211613822589
-9.762797034597899
-11.117577842048563
-12.2697
-9.930272641622677
-8.80306609542655
-8.41514747004572
-11.061147194372355
-9.965697396150771
-10.733118028389258
-10.347538172962446
-10.633700100907244
-11.117577842048563
-7.1390186163756475
-8.533763545412496
-8.077802746468432
-7.93973478652939
-8.871319761639713
-10.798452207263272
-7.460130881336677
-9.639323178573704
-8.121220262243078
-7.70708383035721
-9.845546400351978
-10.75106102780009
-11.117577842048563
-10.707183648959857
-11.58102903455647
-10.558386993792661
-6.963607428152068
-5.471234094674828
-11.448911613822588
-8.47831234157781
-9.618786773057675
-11.117577842048563
-8.311917420733883
-9.132705806911295
-9.543099999999999
-7.591721780322053
-9.319475893934333
-10.496005806911294
-9.537208671122123
-8.619318441356151
-11.426041646386581
-10.91776102602502
-11.179019974542472
-9.103818435489247
-9.123890651512918
-8.991190194132038
-10.633700100907244
-7.962262045464605
-9.406781951308531
-10.36247080884654
-9.72102999087185
-9.404183169264638
-8.409852102493225
-9.771440599307587
-8.829076441795793
-9.323107002553058
-8.609450318470172
-8.696250375056094
-7.907141192619206
-11.206286290701007
-7.879799770137243
-11.715463772014388
-7.702306876605035
-7.96844456248927
-8.449611714729834
-9.470738157999053
-9.953494193088705
-10.849969352323791
-10.363888386177411
-11.055789025068712
-9.235935856223131
-8.099630480014735
-7.252756114204704
-9.543099999999999
-10.413256441157214
-9.48131118302015
-9.310982203402054
-10.526375215821009
-10.115981022732303
-11.751358014174567
-10.255940593440684
-9.8161895017362
-10.670508587459713
-8.933489455871152
-10.164672035137269
-10.9064
-7.5974508593910315
-8.260215281556198
-8.942008648420488
-9.120981192748273
-7.706551150458769
-10.318321780322053
-9.865618616375647
-9.886395262782447
-11.955528985484998
-11.434291768133985
-9.27043745689118
-10.66633478652939
-11.2917592332528
-7.972185300102579
-10.131770589579466
-10.658492636554891
-10.497487844398961
-8.043905381975758
-10.9064
-8.177147586534609
-8.322278099815115
-10.224742984010184
-8.185750539205161
-8.011844064308876
-8.900470991854514
-12.114361027800088
-10.558386993792661
-10.9064
-10.707183648959857
-9.811661356759265
-11.859305806911294
-8.319364986443741
-10.15460821776358
-9.639323178573704
-10.962238869848653
-10.413256441157214
-10.877512628577954
-7.413712973874322
-10.57169257996897
-7.864237507365853
-12.769392454508349
-7.406452134813963
-10.13057286643419
-9.598288953377761
-8.169237454251592
-9.625553402905037
-10.968781186881367
-9.182073861891098
-8.295855251147648
-9.138656346116454
-9.331330380123882
-9.575342073624837
-9.024758014174568
-9.934342531493169
-13.633
-8.752681022732302
-9.435152207263272
-10.66633478652939
-10.363888386177411
-9.690207428152068
-9.57973479718753
-8.809891227686604
-7.921274974192906
-8.554885606480333
-8.095219459633878
-8.5157402158113
-8.072345807681339
-10.793538704647583
-10.085611613822588
-9.415738216618324
-10.070991768133984
-10.056724242400541
-9.777529156258126
-10.439575159235085
-10.470579623282882
-10.199509945764476
-11.316794193088706
-7.637288386177411
-10.199509945764476
-11.366162248068509
-12.213269352323792
-9.147716057202368
-9.198385462865112
-9.64071793461842
-10.094560000785195
-6.793278448533972
-11.448911613822588
-11.859305806911294
-9.253824638916084
-7.97553035796737
-8.856282161788144
-10.340666834711383
-8.235638869848653
-8.7251157920004
-10.363888386177411
-6.680170193667171
-6.6120048091259
-12.557702714640953
-11.852574081191399
-9.253824638916084
-11.862273600930648
-5.507732025549695
-9.144667297919716
-9.47812796059046
-7.637288386177411
-12.029634786529389
-12.114361027800088
-12.070483648959858
-11.58102903455647
-11.619240593440683
-8.8380068323248
-8.685303927672429
-9.019844511558878
-10.798452207263272
-11.179019974542472
-7.653859365608881
-8.116945343547474
-10.147992800703957
-8.888706534666516
-11.448911613822588
-6.475768036180602
-13.196827924774844
-10.340666834711383
-7.337072378585065
-7.810783542683922
-7.184956916145184
-8.811609875242233
-11.117577842048563
-9.918994706973244
-8.591272033607908
-9.675217420733883
-10.707183648959857
-8.571544661771622
-10.217729034556472
-10.66633478652939
-10.798452207263272
-11.58102903455647
-7.442657168912438
-8.644733229995575
-9.259665117024696
-9.30303478652939
-6.8165
-7.437226819194759
-8.435766804852056
-9.166199622370616
-10.558386993792661
-10.988853402905038
-10.129375143288913
-10.592228985484999
-8.482246400351977
-8.31712086372991
-10.779038216618325
-7.473268887071122
-8.245479655953817
-9.941769578925683
-11.1260970345979
-10.628123227645178
-10.558386993792661
-9.132705806911295
-9.257468180674032
-8.923010002350397
-9.404183169264638
-8.96608890006195
-11.495070589579464
-8.443110448356995
-11.023897575045279
-12.982540593440683
-10.779038216618325
-9.068255980206443
-8.710586999659567
-8.981938854860328
-9.120981192748273
-8.251389983640461
-9.11615256912711
-8.955021780322053
-11.143512221477962
-8.561306821666658
-9.918994706973244
-10.236526602795736
-8.875139605000122
-11.17995902892993
-9.406781951308531
-8.69342424240054
-8.70913761419359
-7.215750328032744
-7.093924799547391
-11.042751045876416
-9.178864782668171
-9.327204414526546
-9.780212221477964
-12.13333492214395
-10.900508671122124
-10.839301069693741
-8.25414267788979
-11.00822202565853
-11.179489501736201
-8.272550595791081
-9.503041095881754
-10.217729034556472
-10.265462448841154
-10.340666834711383
-7.955737751709076
-10.633700100907244
-10.151291269776406
-9.615432239057654
-10.255940593440684
-10.968781186881367
-9.688649120124385
-10.968781186881367
-10.255940593440684
-8.86000590781854
-9.57973479718753
-9.907927587233347
-12.161752207263273
-10.181834792396293
-9.132705806911295
-10.982086773057674
-10.628123227645178
-12.432186829643596
-8.817810235909253
-10.296789455871153
-10.9064
-9.762797034597899
-10.255940593440684
-11.792471254223706
-12.214347811926674
-9.420532361574669
-7.43976609542655
-9.543099999999999
-8.571222358277303
-7.950489195229441
-7.20004027644341
-8.51678535936103
-10.173191227686605
-10.76024064837906
-9.675217420733883
-9.22200406833094
-10.628123227645178
-11.097373146057933
-8.060611511122433
-9.059558547593518
-8.85776885099911
-9.815719974542471
-9.163781708299112
-11.848601017082734
-9.679451045876416
-12.070483648959858
-8.365321439993348
-10.164672035137269
-10.199509945764476
-10.115981022732303
-10.75106102780009
-11.17995902892993
-9.134098817458387
-9.875915809261691
-12.680094193088705
-13.222605806911293
-12.213269352323792
-11.498279668802393
-12.506812221477963
-11.838937628038583
-9.134098817458387
-6.788176776945722
-9.697847194372356
-9.845546400351978
-10.496005806911294
-10.496005806911294
-7.361820253650936
-11.434291768133985
-10.968781186881367
-7.794192499755528
-9.72033717963403
-10.461506320795833
-8.646033062937358
-12.04970700255306
-11.681621780322052
-8.961637197381675
-8.162874119586375
-9.97766382108586
-9.690207428152068
-8.447746914236518
-10.318321780322053
-10.199509945764476
-10.070991768133984
-8.774906236281799
-8.9982248155049
-10.79114228441897
-6.61306958371692
-6.919730049311836
-10.558386993792661
-12.812211613822589
-9.697847194372356
-11.21181419437133
-11.871267297919715
-9.272270793355036
-11.271227587233346
-10.579140145678828
-10.318321780322053
-8.63956224806851
-10.147992800703957
-8.470521786188957
-7.795428562140123
-11.1260970345979
-9.58606719623642
-9.845546400351978
-10.9064
-10.497487844398961
-11.651691107013875
-7.299494096557419
-10.628123227645178
-10.526375215821009
-11.765336793905124
-12.070483648959858
-10.75106102780009
-12.61056851175163
-10.524819173750133
-6.298158014174567
-10.783832361574667
-8.746481241819746
-9.646330049311835
-8.90058801031335
-7.819417770238609
-8.81506220961367
-12.804901690978287
-6.660250845196279
-8.90058801031335
-11.091112043193094
-9.543099999999999
-11.860787844398962
-10.400523183364943
-11.015438211777779
-9.27603000387049
-8.90058801031335
-11.65625925434928
-7.9015232276451774
-9.188544676759946
-7.911599732447673
-10.755633047949035
-6.236146989022779
-7.883304138853182
-11.860787844398962
-10.388304762945456
-7.533314301877017
-11.100898607615251
-11.042751045876416
-5.4532
-11.342693225891594
-10.413256441157214
-10.592925952801714
-7.503468244025665
-8.266350814878525
-9.455224423286943
-8.51678535936103
-9.215159209816331
-9.369818028389258
-10.439575159235085
-10.9064
-12.480877842048564
-10.9064
-10.439575159235085
-10.526375215821009
-12.2697
-11.619240593440683
-9.561134094674827
-8.843430445827378
-9.48855622652274
-10.33839399634572
-8.91681022143784
-9.57973479718753
-9.065606876605035
-10.276012809464353
-8.236941562711204
-10.056724242400541
-11.038517420733882
-11.208846400351979
-8.53268802528536
-8.503340314070385
-8.370201195641764
-9.068255980206443
-7.207098342600028
-7.557222294206591
-8.789647420974246
-10.803406827533562
-6.546796052484707
-9.425365642841115
-8.62306180683214
-10.968781186881367
-10.628123227645178
-10.52901113493426
-11.009630049311836
-8.716420284944713
-7.498576600266331
-10.318321780322053
-11.969626643574992
-9.519878448533971
-8.155440938737053
-11.639312809464354
-11.991423227645177
-10.968781186881367
-10.912350539205159
-8.242181186881368
-9.060343964910347
-10.085611613822588
-7.501958813846299
-9.679451045876416
-10.585304068330938
-10.686407002553057
-8.652575379970074
-8.735785426642215
-8.100147800857764
-8.383413987574926
-11.316794193088706
-10.00286224806851
-10.070991768133984
-10.276012809464353
-7.96472731065231
-9.430238704647584
-10.9064
-10.628123227645178
-11.448911613822588
-11.859305806911294
-10.070991768133984
-7.109159835929821
-9.229622872527544
-8.84161704879823
-8.019924042632496
-10.162982808122141
-9.561134094674827
-9.816659028929932
-11.282294706973245
-7.591721780322053
-10.388058014174566
-9.228928985484998
-9.519878448533971
-9.01740296720342
-9.543099999999999
-11.99421166427621
-12.142338216618324
-10.968781186881367
-12.27565053920516
-8.836209945764477
-9.754277842048563
-9.348127922813593
-9.815719974542471
-12.480877842048564
-8.069390358946388
-9.79772111840845
-10.388058014174566
-11.208846400351979
-10.936769408909713
-9.153799720629701
-11.859305806911294
-11.39248096614638
-7.363468902129845
-7.488176042563825
-9.379103064864518
-11.165385028892919
-8.700515029752404
-8.30091883200479
-10.592228985484999
-9.58606719623642
-9.201702410852285
-10.9064
-10.66633478652939
-12.69986383884622
-8.98419210077597
-7.649975309582705
-9.953494193088705
-10.968781186881367
-10.526375215821009
-7.773863095218551
-6.6388159734107575
-7.907141192619206
-8.927179552449735
-9.103818435489247
-7.095629972887482
-11.84700101272421
-9.845546400351978
-11.038517420733882
-10.968781186881367
-9.965576540123948
-9.335485300102578
-8.071852207263273
-9.754277842048563
-10.99877786118492
-8.8380068323248
-11.161455220888794
-10.181834792396293
-9.78286925062157
-10.147992800703957
-10.400523183364943
-9.646330049311835
-10.181834792396293
-9.19180679888084
-9.279813235063363
-8.045319008593605
-10.276012809464353
-8.302497375979078
-9.875915809261691
-12.2697
-11.117577842048563
-9.754277842048563
-10.181834792396293
-10.592228985484999
-9.169340604098826
-9.420532361574669
-9.729431944797781
-9.816659028929932
-10.592228985484999
-9.503041095881754
-9.132705806911295
-10.467118435489247
-10.79114228441897
-7.785915901601367
-7.782576846179357
-8.697853124352317
-9.182073861891098
-9.492076455357548
-7.215169578925683
-10.892936548560211
-8.8380068323248
-8.26566594069322
-10.467118435489247
-10.849969352323791
-10.628123227645178
-10.968781186881367
-10.296789455871153
-8.942008648420488
-11.4517306642996
-10.558386993792661
-9.625553402905037
-11.161455220888794
-9.497533394144641
-10.236526602795736
-9.493163826952767
-9.733991390509432
-10.524819173750133
-9.069311541191135
-10.968781186881367
-10.628123227645178
-8.590194193088706
-9.343883648959858
-10.496005806911294
-10.936769408909713
-10.526375215821009
-11.305069578925682
-12.572146400351977
-12.332081186881368
-12.480877842048564
-10.070991768133984
-10.014561120457776
-11.859305806911294
-7.038518389348778
-7.4640064145666685
-9.754277842048563
-10.631835300413927
-11.208846400351979
-10.75106102780009
-11.109179493191284
-8.997759987271236
-9.871878574802471
-9.378721559587065
-12.623663545412496
-11.562809945764474
-10.181834792396293
-6.844940524466834
-8.468590059623246
-6.569372193832986
-8.914757970969998
-12.2697
-10.742021559587064
-9.147695814329479
-9.508600513884538
-7.792959012502767
-9.98261844135615
-8.714518156118949
-8.1798
-8.823782156142103
-8.1798
-7.907141192619206
-11.948604068330937
-8.28842567698444
-8.683637677978384
-8.019020802690456
-10.75106102780009
-9.754277842048563
-10.558386993792661
-11.819800501400167
-9.465521616172987
-5.654314024674874
-8.631889479776522
-8.585959166184134
-10.1697688270176
-9.653420836663699
-7.634479158876101
-9.257468180674032
-6.328008287875943
-7.529932963342203
-9.870333093196212
-8.829076441795793
-7.8754619888786825
-9.690207428152068
-7.714322312642621
-10.318321780322053
-10.798452207263272
-7.793575434908451
-9.798155220888795
-7.738267202103324
-8.79631874414478
-9.993033484603735
-9.367836368700775
-10.83824473816077
-8.83074620990947
-9.112337628038585
-10.53833670682943
-8.778150483671242
-10.592577469143357
-7.405170589579465
-10.707183648959857
-10.48370101272421
-9.965697396150771
-11.434291768133985
-10.663584590459116
-6.682019008593606
-10.031545220395643
-8.206445179252714
-10.056724242400541
-7.8337638693092835
-9.815719974542471
-10.011241040993163
-9.930272641622677
-9.673001297121573
-10.400523183364943
-9.20839257996897
-11.117577842048563
-9.340425493275053
-9.953494193088705
-10.912350539205159
-11.727188386177412
-10.467118435489247
-8.89660096718484
-6.8165
-11.383533251995143
-9.22200406833094
-10.496005806911294
-11.165385028892919
-11.588101988632712
-11.915144676759947
-7.591721780322053
-8.429414995779162
-7.96844456248927
-10.117541165050527
-11.448911613822588
-9.855497452528265
-10.04279245450835
-7.0073619673697225
-10.361053231515669
-8.624314873262149
-10.989534338767532
-10.526375215821009
-7.745330918280238
-9.284079353026645
-11.068886829643597
-13.318828985484998
-8.944157738501202
-10.181834792396293
-8.67674500796723
-9.243026643574993
-6.922485363993837
-11.619240593440683
-10.599235856223132
-11.316794193088706
-9.737598607615253
-10.628123227645178
-8.706249444236354
-9.202268144663815
-6.903393549282989
-9.729431944797781
-10.0884306642996
-9.58397000829619
-11.097291390509433
-10.756551703939662
-10.1382062362818
-7.865628985484999
-10.496005806911294
-7.512990380225719
-8.625570597311176
-7.807933222653986
-8.312657975761235
-8.991190194132038
-9.002961430104383
-9.83575983592982
-10.9064
-7.6848572143893925
-8.182767794019354
-10.265891645616971
-12.515715752675769
-10.009654978211309
-7.361820253650936
-10.056724242400541
-7.130102896447571
-6.038678810059009
-9.72137639649076
-9.930272641622677
-11.305069578925682
-7.896365117024696
-8.454793859834993
-9.886395262782447
-9.930272641622677
-8.96608890006195
-9.1416541938739
-9.291310172366368
-10.164672035137269
-10.147992800703957
-9.953494193088705
-10.844611183020149
-9.503041095881754
-12.944329034556471
-11.8571610460749
-8.848904201306008
-8.977366834711383
-12.256236548560214
-9.543099999999999
-9.965455684097126
-11.208846400351979
-10.100601621240774
-9.690207428152068
-6.465861385644232
-6.67451837092972
-10.33839399634572
-9.57973479718753
-8.390977842048564
-8.588786731975965
-10.224801988632713
-7.893437676365225
-7.585179463289338
-7.190610007303362
-9.095420086631968
-9.374253057869572
-11.208846400351979
-9.767968016524964
-9.537208671122123
-6.941262373762737
-8.873226602795736
-11.341828523488727
-10.697817906509279
-9.561134094674827
-9.126814478033419
-9.465521616172987
-9.44510325943956
-10.628123227645178
-10.236526602795736
-10.070991768133984
-7.3729398774772505
-11.715463772014388
-8.955021780322053
-8.892640593440683
-6.273988386177411
-9.228928985484998
-8.575077796948161
-8.534011243452397
-10.798452207263272
-8.918462327232884
-9.67733423330515
-8.380083043952952
-6.487879056189347
-8.358076396490759
-12.812211613822589
-11.038517420733882
-9.80548749623373
-8.071852207263273
-9.592468054979804
-9.561134094674827
-6.504072944528443
-8.674010251755595
-9.965455684097126
-10.131770589579466
-10.707183648959857
-10.558386993792661
-10.100601621240774
-10.147992800703957
-7.134949365531665
-10.192731083116477
-11.155113131679151
-10.592228985484999
-9.990128990276236
-11.076728979618094
-12.812211613822589
-10.296789455871153
-9.543099999999999
-10.968781186881367
-9.81854161769308
-9.055127423084281
-8.182767794019354
-10.439575159235085
-11.208846400351979
-10.968781186881367
-8.707691768133984
-9.178864782668171
-10.439575159235085
-10.296789455871153
-8.783050431642016
-8.09294612098168
-8.398639578014755
-9.48131118302015
-12.2697
-9.675217420733883
-10.66633478652939
-7.597672319527212
-9.430238704647584
-8.69342424240054
-9.561134094674827
-8.74107556946517
-9.383224042632497
-9.573469408909714
-11.316794193088706
-9.30303478652939
-10.276012809464353
-10.253970296556913
-9.331330380123882
-11.621217468957305
-9.138656346116454
-9.1416541938739
-6.509688385954997
-6.014814847358873
-10.02918096614638
-9.646330049311835
-8.292981101488124
-12.40926498644374
-10.115669486988637
-10.53833670682943
-7.961852164058703
-9.2394706348845
-9.831890059623246
-10.301033729724887
-11.53993352614569
-10.724346406218881
-8.959262926733826
-11.619240593440683
-7.09496626624896
-7.344391768133985
-9.440106827533562
-10.383144511558879
-10.442813491832222
-10.02918096614638
-8.69563868337643
-8.189349782308552
-6.958167203042436
-11.448911613822588
-10.545373861891099
-10.363888386177411
-11.038517420733882
-10.496005806911294
-9.918994706973244
-8.34479451407243
-9.306995160273546
-9.514212628577953
-8.849281890587603
-10.798452207263272
-11.293572641622678
-11.282294706973245
-10.296789455871153
-11.776556441157215
-7.949284568837941
-8.398639578014755
-10.82365063424592
-8.979648431628029
-11.379175379970073
-8.076806827533563
-6.853260783711503
-6.41056309521855
-6.9063492839509735
-7.215401810216042
-7.241398595667547
-10.37330318345795
-7.493539232866261
-8.912712809464354
-7.41550147182608
-8.751124980661428
-12.474233291922078
-8.005634995164908
-8.240866927369071
-11.165385028892919
-9.05230363993207
-9.742615949768666
-11.776556441157215
-7.570824160595698
-9.514212628577953
-8.858863989556635
-10.9064
-10.255940593440684
-11.208846400351979
-9.567269627997156
-8.348552217921414
-9.135673600930646
-9.365415973410759
-8.888706534666516
-10.63933000387049
-8.043467842166917
-10.056724242400541
-10.388058014174566
-8.646033062937358
-8.573843979873741
-6.778658602845368
-7.388758115081812
-9.440106827533562
-8.104824141977321
-9.632398261419644
-10.420923684483437
-9.235935856223131
-8.089377865953933
-10.147992800703957
-6.810608671122123
-10.66633478652939
-8.168656134944039
-10.413256441157214
-9.060343964910347
-8.157718147956492
-9.72137639649076
-6.6920100427847755
-10.798452207263272
-9.138656346116454
-8.741873641389718
-9.907927587233347
-11.038517420733882
-9.930272641622677
-11.448911613822588
-9.335485300102578
-7.626958528059107
-7.908970793355036
-9.123890651512918
-11.448911613822588
-11.669897166159032
-10.164672035137269
-8.685318851890248
-6.954269008320888
-7.787439901586123
-10.04279245450835
-9.435152207263272
-7.669905704560037
-10.115669486988637
-7.7211044448443
-7.7419298155787555
-10.395713836546964
-7.9387838767435905
-9.702262845913468
-9.310982203402054
-9.410982579266117
-10.36247080884654
-8.651261120457775
-9.804709935180341
-7.027313638789704
-9.82613240970703
-9.007085580145109
-9.387761027800089
-8.794643852880244
-8.856282161788144
-8.735785426642215
-10.04279245450835
-7.996007568942116
-9.29450050687749
-9.907927587233347
-9.705586829643597
-8.11270106969374
-9.159967210431173
-8.198444794746692
-8.17449517306922
-10.995355431927617
-8.774906236281799
-9.690966983954993
-9.291310172366368
-12.051752164058703
-10.224801988632713
-9.1416541938739
-11.400610251755593
-9.27603000387049
-11.664993311015092
-8.908643558620371
-6.627951931589908
-9.780212221477964
-8.380083043952952
-8.743405527540997
-7.476148278361611
-9.396940648379061
-9.343883648959858
-8.1798
-9.514884676161895
-9.830633187447225
-9.267630342268179
-7.3893810227323025
-11.249695262782446
-8.394370823638921
-8.1798
-10.936769408909713
-11.218797452528264
-9.195086993792662
-10.115981022732303
-10.04279245450835
-7.280136244444773
-8.150912628577952
-9.195086993792662
-11.448911613822588
-8.899209297099613
-10.151291269776406
-9.986361806832141
-10.398009066350854
-12.2697
-7.398329409694908
-9.132705806911295
-9.132705806911295
-8.933489455871152
-7.119341247760529
-9.415738216618324
-7.82103061151701
-7.555363348669513
-10.467118435489247
-8.933489455871152
-7.997311217910293
-7.86146432352693
-11.683378676766042
-12.27565053920516
-11.802875159235086
-5.876039206922839
-10.181834792396293
-8.882854029018526
-7.676448021592752
-7.3893810227323025
-7.405170589579465
-6.407884697585014
-6.71251258100743
-7.402775143288913
-7.0587599488080155
-9.81384632213334
-11.15241575267577
-6.607635759715095
-6.574464489645619
-9.435152207263272
-9.024758014174568
-10.352163772014388
-13.067266834711383
-11.703966834711384
-10.755633047949035
-9.737598607615253
-8.819580551279607
-10.849969352323791
