-8.303102265335506
-8.350800376971304
-7.668743219074798
-9.390500001075655
-8.104576956098498
-9.544160387564526
-7.359011613822588
-8.037256130606979
-8.069675712406575
-8.339191575068437
-9.854299692934045
-8.681868518250921
-9.93471951455353
-8.320152443224739
-6.554630593529241
-10.375849877185832
-9.30086782009816
-7.349992330283185
-7.815564782668171
-8.350128979618095
-7.815564782668171
-10.729881947147586
-11.091178901904104
-8.970912061844935
-9.33904005291101
-8.60518420050689
-10.382599920597327
-11.452391173374163
-8.421347250958277
-8.031286293864678
-12.418168849060429
-7.745885447517589
-6.372825235576433
-8.619816191420927
-8.926970376094555
-7.896658658759602
-8.26818805600695
-9.680867952223275
-10.479770412849593
-7.942206524258937
-9.762797034597899
-8.80052681919476
-9.60670991056844
-8.00086132802912
-9.90410245563586
-8.706415980134128
-8.170057721099623
-8.589472171294592
-6.13398986453535
-10.84588253538925
-7.31832221213978
-10.973102203566748
-9.770856267588046
-8.564478252932087
-7.509006346587537
-9.062566360538412
-8.681864476269583
-10.762535499818226
-9.72821660328207
-12.727628730414136
-7.881395549739002
-9.045468515718692
-8.360160318412875
-9.240357636798981
-9.195745219171384
-7.417818147697821
-11.855765624646303
-8.842732806989455
-7.537792286040356
-8.773683345100578
-8.314726403220897
-8.384995986615532
-8.153634952045103
-7.500682860812519
-10.015875379970073
-7.366459179532446
-10.498824857388305
-8.256800210246006
-10.266508111795794
-8.093123900564704
-8.451270307782536
-7.999095695012063
-7.961441752112177
-9.814468692474279
-8.074770415949722
-9.291360761819831
-10.265295799245616
-8.06348567513185
-8.976158389405825
-9.408170994885122
-9.77207830263962
-9.243573434815918
-8.725967521699461
-8.516733058343622
-8.696179557082543
-8.955428145291268
-8.839538485365242
-8.92186669890553
-8.498655034384246
-9.006538925382571
-8.876002476661972
-8.533763545412496
-8.387057787074516
-7.330667225500749
-8.205002545784637
-8.641559806079327
-8.2111250394899
-9.079898463325769
-8.974641081264547
-8.509632392607944
-7.769333630829143
-8.806058710439977
-13.117971051625375
-9.742967990541507
-14.588724857388303
-11.553906414566669
-8.99940542141389
-9.643915466783993
-8.116812248421102
-8.124258129574269
-8.646033062937358
-7.920320795884441
-10.61666371128672
-9.299113711542141
-9.771312583377554
-9.762797034597899
-12.051104803340968
-8.016836151193566
-7.242783620780673
-8.165180154311395
-8.053493506473716
-9.135509985089106
-7.908543755001881
-7.98658412077442
-11.422586180429573
-8.395459024817217
-7.380995840967331
-7.635884469082543
-8.262049274764012
-9.183684947693832
-12.352834338767531
-13.182136707181423
-8.170984844601623
-9.647741429401345
-12.070900584060968
-8.920212064350304
-8.458076772354822
-9.11998377903164
-9.373158480757393
-6.8290296709415115
-9.086591238344747
-10.16721494670769
-7.801522851781116
-7.328111796542428
-7.908543755001881
-8.144212322385208
-7.403412981936303
-8.766393976719977
-11.152568703768601
-9.754277842048563
-7.006901195641763
-9.777127349839558
-8.416912221477963
-8.860865903858926
-12.26844294508522
-13.77069429399595
-7.815564782668171
-10.367462314899253
-9.024568683110942
-8.697820072839413
-9.680831649979885
-8.965562425027958
-9.190191015447835
-8.522665113720326
-9.680831649979885
-11.859016128625605
-7.363224368046714
-9.324744831536178
-10.146739129852692
-10.327393256585342
-10.641566946570908
-7.46213287083318
-7.813360615832388
-9.04381029253485
-13.2655901175766
-9.48969405202059
-10.20680287891991
-10.82781749970343
-8.501910430446223
-7.040857529841188
-9.033706401137174
-8.231677344896074
-8.279970172088625
-5.863594193088706
-10.292664746751317
-9.803600217618705
-8.601048697113779
-12.430513037437837
-7.985787091955885
-8.654618265149194
-11.38422376275581
-9.348766006203668
-11.215078984947166
-7.069640911128621
-8.379134789462842
-7.114047092315861
-9.448925020142024
-9.291360761819831
-8.482246400351977
-9.731870137675873
-9.550625368018427
-8.317535385707911
-8.562360733823526
-8.53869362655507
-9.61040096740234
-9.952772453616529
-9.83816428220587
-10.469311572976135
-8.778789514598714
-8.745542860612174
-8.200235004148094
-9.818315081914227
-12.993094367576623
-11.701246722156567
-11.465347376546656
-9.228723265285456
-9.97766382108586
-10.46779048307319
-8.784955604325152
-9.085444842220937
-8.071852207263273
-12.068586646026935
-8.013406939028123
-10.094552372837562
-8.578583417355691
-6.049926137886488
-10.879828819930726
-8.412510166499462
-9.105884122218823
-8.07447387054373
-11.465347376546656
-12.181340810619876
-7.583646379132765
-7.961441752112177
-7.094776772354822
-11.84656924569338
-9.807665682643016
-10.319971014858277
-10.344736724581873
-10.608918990411295
-10.117659074064077
-12.328810028365009
-11.791748509071315
-10.146189192151049
-10.968781186881367
-11.002623178573705
-5.671327975112228
-8.641809217744623
-12.891272035137268
-8.316128684206275
-9.76995900709192
-12.474233291922078
-11.915144676759947
-11.192688200651645
-11.765336793905124
-10.756551703939662
-8.871690341778878
-7.036197034597899
-8.834186005252274
-8.288866684386754
-9.215908282357328
-11.110933291922077
-10.497487844398961
-7.770810686943716
-13.695381186881367
-9.16136379422761
-7.375453220661567
-9.48855622652274
-9.845546400351978
-8.533763545412496
-8.247965623219068
-11.860787844398962
-10.995698261419642
-7.289275379970073
-8.200243181996074
-6.8165
-6.830133133869371
-10.660834394388845
-6.257546949962246
-8.614363821085862
-11.560839648880705
-10.933661403519878
-6.708552207263272
-9.132705806911295
-5.489834797187531
-7.769405806911294
-11.802875159235086
-6.693802889702198
-9.706762854208325
-8.50698959106558
-11.376771479624319
-7.334554544637724
-7.089160323251182
-6.871031895710529
-7.075527210027916
-12.719633484603737
-6.134849898993907
-8.438828067538683
-8.892640593440683
-10.783832361574667
-10.654610172366368
-11.599826602795735
-7.289275379970073
-5.664377842048563
-6.584739155380231
-8.492197452528265
-7.9015232276451774
-6.652903882576855
-7.788987286797376
-8.718302207539192
-10.965500991969545
-8.779648827909869
-9.132705806911295
-7.570189455871152
-10.56168546286511
-9.315119600527968
-10.224801988632713
-10.015217885546948
-9.543099999999999
-10.824681224005136
-7.695735514284611
-6.298158014174567
-7.172836589339468
-7.125694882625595
-9.070916989931444
-6.871031895710529
-11.601739605000121
-9.85670289644757
-8.452457508135764
-6.366611024786181
-5.889455990502971
-11.765336793905124
-10.615977168450513
-11.32899739615077
-6.502940878834684
-12.037982388390036
-9.97766382108586
-10.056724242400541
-10.545373861891099
-7.211857443299627
-7.30728777245691
-10.255940593440684
-7.375453220661567
-8.91598846743059
-7.365274286736255
-10.510995814329478
-9.311346522787549
-5.521365025332917
-8.342286829643596
-10.245201498677407
-9.420391614642675
-7.549412809464353
-7.498149561913176
-7.211857443299627
-11.492675143288912
-12.351473249278051
-8.902350851063183
-10.579140145678828
-10.30659716615903
-5.589530025882667
-10.542164782668172
-8.023550845196278
-8.386763776805626
-7.120329519843061
-6.787612628577953
-10.674282203402054
-10.9064
-8.573843979873741
-8.643319654983738
-8.317867959939043
-8.390977842048564
-7.9015232276451774
-5.483569408909714
-11.72435323151567
-10.115669486988637
-7.729911578653784
-12.051752164058703
-11.465421708512661
-8.793290655608264
-8.15253317903085
-11.560839648880705
-8.043467842166917
-11.642588467430592
-7.5799477212580255
-11.765336793905124
-6.584739155380231
-8.711487403751887
-9.14023117492972
-7.872750941092246
-6.693802889702198
-6.380244037081978
-7.102692186110418
-9.747633291922078
-9.195086993792662
-8.97733516571926
-8.564246888175843
-7.511782124910065
-10.197539648880705
-8.057102408446939
-8.466088200651646
-8.730528612605966
-11.165385028892919
-11.683378676766042
-10.770034922143951
-9.570361403519879
-10.211105394308579
-6.758559637079032
-5.78039203841643
-6.162115945183695
-8.1798
-7.348187403751886
-9.27043745689118
-6.625638113493336
-6.436475215821008
-5.6003074281520675
-11.776556441157215
-10.538973003147715
-7.648112738464224
-9.77484609103829
-11.366162248068509
-6.857399190831166
-8.506991935525821
-7.607213547975562
-7.980583648959858
-11.860787844398962
-10.363888386177411
-12.2697
-5.534997993172228
-7.729911578653784
-7.30728777245691
-7.007361967369722
-5.534997993172228
-7.975303970814649
-8.425197089904758
-9.297690841388613
-11.697174328083914
-6.911931026574563
-8.902350851063183
-7.79807622308894
-12.944329034556471
-8.084367767846263
-7.252756114204704
-7.484516372290461
-8.057102408446939
-9.679451045876416
-8.697853124352317
-9.870333093196212
-8.247965623219068
-9.85670289644757
-7.007361967369722
-9.556755551297702
-6.993729192723552
-8.471665318991318
-7.593582056750654
-10.100601621240774
-10.388058014174566
-9.30303478652939
-8.670582347034204
-12.419698938763831
-5.521365025332917
-7.361820253650936
-7.869122055600178
-9.1066445681448
-11.860787844398962
-8.466088200651646
-8.038284387220743
-7.31619245450835
-5.848556981518805
-8.493362675417892
-7.980583648959858
-6.88466495890116
-8.892640593440683
-7.769405806911294
-9.132705806911295
-6.468486993792662
-8.892640593440683
-5.863594193088706
-6.9560649864437405
-7.61886838526335
-10.658492636554891
-7.998002604273461
-7.97427374553844
-10.9064
-6.708552207263272
-7.996007568942116
-6.271180101710602
-5.7667589551107
-7.676954283844357
-8.055790037677038
-8.516785359361029
-8.923010002350397
-8.912712809464352
-12.719633484603737
-8.247965623219068
-12.2697
-11.151788128528219
-6.366611024786181
-10.633700100907244
-7.389086617195252
-7.361820253650936
-9.829388200651646
-12.351473249278051
-10.496005806911294
-9.284079353026645
-12.051752164058703
-8.492197452528265
-10.938017193707013
-7.872283536267969
-7.114914324250018
-8.126066731327171
-7.802899622370616
-6.134849936373283
-6.339345036647113
-7.389086617195252
-7.851859209816332
-6.462041953996119
-6.6120048091259
-6.775601168660679
-8.91598846743059
-6.448409043453653
-6.4756751365214456
-7.198224519241647
-7.661746720465194
-8.626828990276236
-9.809096345019842
-11.860787844398962
-10.660834394388845
-8.023550845196278
-8.794643852880244
-10.742021559587064
-7.555363348669513
-8.385086513170688
-10.265690976688704
-12.310570008296187
-8.057102408446939
-8.534258941492297
-9.733991390509432
-10.647302902168875
-8.426713514283986
-10.333874328083912
-5.930354989596197
-5.494099000505626
-7.537088019206168
-7.784444396726091
-9.474944738160769
-10.236526602795735
-8.876634704454858
-9.72137639649076
-8.029836793960227
-9.134098817458387
-9.792714995779162
-8.74556433352376
-9.284058018442844
-9.427249705126126
-8.700515029752404
-8.265665940693218
-8.002572265200442
-7.866242273391331
-9.032569465624738
-8.092276638478506
-8.24746759402903
-10.707183648959857
-8.261596610169217
-11.615306534666518
-6.175749045473971
-7.3185563933132185
-5.82129099599823
-8.406401762030821
-8.234332544906637
-8.466088200651646
-9.556755551297702
-10.852126271529553
-6.680170193667171
-12.2697
-6.938709542169885
-6.284812979663303
-5.534997993172228
-8.193431316277247
-9.802085028892918
-10.115669486988637
-10.76302251880851
-11.451730664299598
-8.766011397200653
-7.857545566322922
-6.271180101710602
-7.334554544637724
-8.357029192723552
-9.218571747604514
-8.997776801796418
-7.837073400940326
-5.534997993172228
-6.74833523972893
-6.74833523972893
-5.681540599307588
-6.074772035137269
-10.215881689322437
-7.784444396726091
-9.907927587233347
-9.679451045876416
-8.7251157920004
-8.084367767846263
-9.72033717963403
-12.13333492214395
-10.070991768133984
-12.029634786529389
-8.799682808122142
-8.124446829722485
-6.733750634245921
-7.373394677397587
-12.22853544912314
-12.201544738160768
-10.402036793905125
-6.257546949962246
-6.14848308286584
-7.423699798151171
-7.028270211950082
-12.033595160273546
-5.9030890522626205
-5.534997993172228
-7.061894401477555
-8.479725593277752
-7.675378700789575
-6.203014985560333
-6.284812979663303
-9.592468054979804
-6.230280956868585
-7.529340593440684
-6.911931026574563
-10.415577795908094
-12.926109945764475
-8.712039941903257
-9.435152207263272
-6.92556383706424
-8.766011397200653
-5.9030890522626205
-6.093950923360574
-9.52559901155944
-11.451730664299598
-6.325711910258001
-6.830133133869371
-9.918994706973244
-7.825342279364863
-8.16616873132548
-5.9030890522626205
-9.5158501420292
-11.410792573677089
-12.839473017342467
-10.236526602795735
-9.83575983592982
-7.988939829173973
-6.366611024786181
-12.746833251995143
-7.157325342384046
-10.70171119075186
-8.403803043884377
-7.770810686943716
-7.592651918536353
-11.17995902892993
-12.16076623922996
-10.53833670682943
-12.352153402905037
-8.193576741282197
-6.871031895710529
-11.802875159235086
-9.215908282357328
-9.66581922868851
-11.860787844398962
-10.70171119075186
-6.666536793960227
-6.339345036647113
-10.849969352323791
-13.844177842048563
-8.438830878094722
-7.852608282357328
-8.57515859775326
-10.86523544912314
-9.88396851175163
-6.760069352323791
-10.0884306642996
-12.460591390509434
-11.451730664299598
-6.407510093463798
-11.84700101272421
-7.211857443299627
-8.493362675417892
-12.283355551297703
-12.787710517374318
-7.879872896699492
-8.886241432402004
-8.912712809464352
-6.74833523972893
-7.069010227304744
-11.397209474644901
-5.807657971834285
-7.571035880128501
-9.608118490427625
-13.55025063424592
-6.88466495890116
-11.410792573677089
-10.729154709012292
-8.125267025958523
-7.280022245611241
-10.074758337075371
-11.43805833707537
-7.784444396726091
-9.815719974542471
-8.779648827909869
-9.33862073726517
-11.915144676759947
-10.783832361574667
-6.843765743342768
-10.238439605000123
-8.113759289219733
-6.9528301749580095
-7.4027193650863605
-7.525416337291823
-7.145175417093842
-11.72435323151567
-9.59763903690687
-6.802866995533672
-7.089160323251182
-9.829388200651646
-9.952074918736264
-9.58397000829619
-8.138900616105484
-7.128095184563808
-7.044318411708978
-8.463788138190873
-7.35341346329543
-11.710838172962447
-9.24316932912025
-8.084367767846263
