-7.815564782668171
-10.801425065797067
-11.400465091353812
-9.354522278237129
-8.2115421169414
-8.656549355106376
-8.187319294907399
-11.619240593440683
-12.161752207263273
-10.972421708075338
-10.533072276099315
-8.071996560408586
-8.668937799830918
-9.4284807754057
-8.44588796869944
-10.441939413484347
-9.967124894848645
-9.078625849678996
-8.9778256749723
-8.403803043884377
-8.64606881401929
-7.274609799431274
-7.736304370246311
-8.741417393264694
-8.000214611200295
-8.482246400351977
-8.52558508547884
-7.689101801538903
-10.510995814329478
-8.862851701224468
-10.849969352323791
-8.715182256298668
-7.589532965750923
-8.140315678608376
-9.934684598597357
-9.32066209749383
-8.528405376108855
-8.717375870356914
-7.367209114613302
-7.090564386755876
-8.590194193088706
-7.990077866257252
-8.260972335563368
-8.478900786549733
-10.792806645900136
-8.001334097790876
-8.304562373762737
-10.267097089536277
-9.680831649979885
-10.677702152149292
-11.39248096614638
-8.319364986443741
-7.9797384330173475
-11.742694605354156
-10.73533139047038
-8.20931991254368
-10.980761325291994
-8.315629493502634
-10.621499587397283
-8.293796211537286
-10.36246911182497
-7.76498182368453
-9.340037554060054
-8.310719758961534
-9.520982593340532
-8.01533540254394
-7.817167148104058
-12.401817420733883
-8.618075893854613
-11.143512221477962
-11.889675215821008
-10.6027706348845
-9.410982579266117
-8.1798
-7.699669573058779
-7.795273913146903
-9.76296643406848
-11.338315991972642
-7.5694498259596275
-7.43138901276352
-9.32301243371532
-11.802875159235086
-12.240812628577952
-10.115981022732303
-8.590194193088706
-10.087728426393854
-6.929323412416213
-9.678024535356883
-7.924139270765636
-11.379175379970073
-10.363888386177411
-11.04596498644374
-11.78956957305878
-8.138653224479196
-9.884367911383936
-8.987208281428178
-8.474871500943811
-8.809891227686604
-9.131227469895611
-8.715687973574694
-10.578459209816332
-9.904834702904292
-7.75334363732506
-7.597229482059165
-7.4416612516223495
-11.340963821085861
-9.582193878465151
-8.999884655621042
-10.498824857388305
-9.959444732293866
-8.590194193088706
-9.47383780441305
-8.331169113904274
-8.181204880032421
-10.105939089029853
-7.818773861891098
-8.881109499026786
-7.4049441183094125
-10.133372955015352
-8.68823119602745
-9.132705806911295
-13.663369408909714
-7.767927469895611
-12.680094193088705
-8.190876769074945
-8.66012288215872
-10.301033729724887
-10.04279245450835
-10.204917048798231
-8.170984844601623
-7.7620507599401485
-6.663442624716735
-9.875915809261691
-12.2697
-12.623663545412496
-8.590194193088706
-10.849969352323791
-9.589683115969073
-8.242181186881368
-8.707691768133984
-6.300241052595409
-8.862851701224468
-9.988867595990742
-8.222182819126175
-10.109781241819745
-7.959807002553058
-8.14809992178136
-8.580213537969128
-13.166175159235085
-8.487201020622267
-12.365923178573704
-11.076728979618094
-13.749355083249732
-10.500463095218551
-8.19752898069375
-10.722173656378041
-7.790499720629701
-8.393520753618983
-9.843084552035092
-11.619240593440683
-8.203969627997155
-8.661253518474147
-7.192394706973244
-13.020830787688114
-8.65958527720533
-8.31302860091711
-12.804856566851441
-7.094718446056024
-8.96512953081634
-10.33522660960175
-7.656544511558878
-7.673923183364941
-7.548392871800967
-10.117541165050527
-9.21312108846749
-7.77221444673964
-7.649249877185833
-8.139741095881753
-8.165180154311395
-7.984827922813592
-9.332127678837946
-7.760882385279439
-10.005673635138837
-8.876482393740352
-11.316794193088706
-7.071555220888794
-8.41150230670348
-9.442541803517598
-7.813966742110513
-13.222605806911293
-12.161752207263273
-14.142214592439455
-8.937733729724886
-8.022188189434427
-9.953494193088705
-8.712913421777216
-9.392562578352056
-11.156918235721204
-8.89660096718484
-7.848466228225974
-13.222605806911293
-9.038364499252125
-9.251649228016179
-8.678117137589874
-7.673923183364941
-9.939869264103304
-7.8761706348845
-12.543259028929931
-8.046277965615461
-10.018750990647764
-11.006116248688883
-7.568415893884416
-7.76580512847954
-10.316132965750922
-6.982894920843927
-10.144385583598138
-10.965500991969545
-8.340647440101714
-7.657798663603845
-8.293698331941886
-7.3575332768069055
-10.686407002553057
-6.5178979542159565
-9.397966011342605
-8.935094559493024
-7.801647880536132
-9.255643607066206
-8.094892217306294
-10.263888010313348
-12.612995262782446
-9.265934407828407
-8.517959426822781
-8.752394145457117
-9.408170994885122
-9.556606733234847
-8.422419938652093
-9.544493010547093
-7.226894193088706
-9.953494193088705
-8.590194193088706
-10.123059462622555
-8.693802081422593
-11.316794193088706
-8.211693033456894
-11.096801195641765
-9.012549877185833
-10.907141018743832
-8.12626431562223
-8.095892260064012
-10.022490797029695
-7.733511564751115
-7.342855814685293
-7.799480810283957
-8.098228110346936
-8.098228110346936
-8.51204478555876
-8.024461027800088
-10.631659704683297
-9.105892572162094
-10.64105848880293
-11.07122858747755
-7.637288386177411
-7.80200072026615
-6.273988386177411
-7.980583648959858
-8.354280763752755
-8.426129648654209
-8.380498388527808
-8.540421298160034
-8.999884655621042
-8.508404286401088
-9.227190148208233
-10.515567834478423
-8.430725974577367
-8.755413975603402
-13.55025063424592
-13.765117420733883
-8.231360051491315
-9.47600106969374
-8.62156161937283
-9.953494193088705
-7.36946463607318
-9.056427256026064
-8.660456125634157
-7.147296168671217
-10.333314190626862
-9.057732209803461
-10.66436448964562
-7.959807002553058
-13.20798596122269
-13.37352079588444
-8.117373592505723
-12.010220795884441
-10.283498787522639
-8.131837562033141
-12.081162597677311
-10.424955313546482
-13.804647631391223
-8.767946987695861
-8.046277965615461
-9.83575983592982
-8.702538192139341
-8.908339489281918
-8.378755895922508
-12.623663545412496
-8.643612062711448
-7.251063821085861
-6.801880154311395
-8.434855220888794
-8.293698331941886
-9.321475944587167
-11.328755684097127
-8.765995461750917
-8.614531545703258
-8.235801549796696
-6.846019303123038
-6.3716063207958324
-8.300141973648687
-11.875410901303454
-11.436590065038432
-7.723520531522493
-7.075971211175004
-12.480877842048564
-11.366162248068509
-7.190002338607673
-6.206889455871152
-8.237903805435954
-9.68252859557689
-8.386763776805626
-7.8602018507778
-8.801502184532167
-9.461524233633348
-13.252975215821008
-13.55025063424592
-8.539170648446254
-11.39248096614638
-12.953653222018637
-13.884229818623718
-12.725975469972003
-10.968781186881367
-10.276912340153006
-12.680094193088705
-12.174908586414546
-9.807665682643016
-9.434260814565523
-8.123369352323792
-12.680094193088705
-9.680831649979885
-8.590194193088706
-13.222605806911293
-8.590194193088706
-8.181204880032421
-11.180429115232656
-10.635196181721419
-8.044873351964807
-9.758451642978887
-8.699887953613931
-7.453550059896701
-9.953494193088705
-9.068255980206443
-10.498824857388305
-9.089886647597055
-8.979648431628029
-11.072794920843927
-12.440028979618095
-7.343170869854562
-9.558981209728405
-8.422419938652093
-10.199652697658891
-10.542164782668172
-7.5205254380423066
-8.920198065482463
-8.74494138746106
-8.190463976655401
-8.590194193088706
-7.637288386177411
-8.987703979935052
-7.799628013052483
-10.575066228225975
-10.217331790804339
-6.9969004658051395
-8.047682579266116
-8.8380068323248
-7.767927469895611
-7.9020208950940996
-11.068886829643597
-12.114361027800088
-8.613131617379555
-8.644019536375765
-7.008946357147409
-8.798759142990722
-9.1067862295086
-8.994697057299534
-10.92232572319869
-7.7750139090238015
-7.703629946802936
-9.333404195439103
-7.288105546282904
-9.277918597711633
-8.955021780322053
-8.549294809194189
-8.743381685968366
-9.807334841467766
-12.365923178573704
-10.318321780322053
-9.410982579266117
-10.878925694905728
-8.493812790334058
-9.38679348414794
-8.572693204648145
-5.863594193088706
-11.52797203513727
-7.880924232431563
-9.012549877185833
-10.182706129812097
-7.79357543490845
-7.661458014174567
-8.882271947699634
-7.235842580051311
-8.868470965443528
-9.345813409252887
-8.245775091772023
-7.905033491323529
-8.003046111625059
-8.22276719623642
-7.625563772014388
-7.727280153567862
-8.24879660394099
-7.959807002553058
-10.051112127707126
-11.468372850782192
-7.0234637768056265
-9.60225882966747
-8.570413294948171
-11.976572850081185
-12.137582579266116
-13.525052207263272
-8.533763545412496
-8.150912628577952
-10.526375215821009
-8.650844358106948
-8.828417664004235
-9.513367412635443
-10.60454596954954
-7.887354829685025
-8.150912628577952
-9.819013201682312
-11.1260970345979
-9.284548556941605
-7.974336512858376
-9.418130436709802
-8.168794440799202
-7.315504396711938
-8.042964835841227
-9.993286723986202
-10.575066228225975
-10.232719041974658
-13.222605806911293
-11.39248096614638
-12.240812628577952
-8.120684206373793
-6.9268208366636985
-10.728715973410758
-8.76829548444826
-9.103818435489247
-12.092015973410756
-8.9583202493945
-7.51366270014065
-8.495215676569126
-8.321541660659609
-9.435996292134107
-9.924606821666659
-9.350261523923143
-8.614363821085862
-7.263434190581278
-8.19197298365835
-8.191187820055237
-9.408170994885122
-7.295890797029696
-10.309717197676727
-8.350128979618095
-13.633
-7.196347584073861
-10.413256441157214
-12.638929642211846
-11.727188386177412
-13.55025063424592
-9.261134283205779
-9.387761027800089
-8.468590059623246
-8.492197452528265
-11.199059835929821
-9.089886647597055
-7.580857738501202
-8.979534142723674
-7.261014873262148
-8.827306414566667
-6.013557205772051
-8.772968186540934
-10.784949815933823
-9.680831649979885
-7.648671241628556
-12.543729115232656
-11.426196417479431
-9.996461389325125
-9.276865884452015
-9.327204414526546
-7.894910565379165
-12.001419462691285
-8.181204880032421
-7.763500203981165
-10.512600036604656
-9.434260814565523
-9.660077414276795
-7.270718325121754
-6.526253780700307
-13.318828985484998
-13.433783648959858
-7.77221444673964
-7.071555220888794
-9.165260567983156
-7.813966742110513
-13.256838127881338
-7.978646728918106
-8.02208390980371
-13.907029115232657
-7.636188152057287
-9.473363766147484
-8.386570264349375
-9.28547631799877
-9.211766228225974
-11.639312809464354
-9.639950412227165
-9.670059310113402
-8.61239352420209
-9.749014930353876
-10.100601621240774
-10.1697688270176
-10.22445411108622
-10.056724242400541
-8.27632982252687
-9.605481186881368
-12.812211613822589
-9.497533394144641
-11.247963387774979
-10.658492636554891
-8.434855220888794
-9.38433100795206
-9.30303478652939
-7.499554516339886
-8.862851701224468
-8.605378897543563
-11.739149877185833
-10.076830134358762
-12.2697
-10.320518716672717
-9.340930656967211
-11.1260970345979
-11.72576911182497
-7.74119048307319
-7.383181241819745
-8.518356542062397
-7.183161467056197
-13.284986993792662
-8.123369352323792
-8.63956224806851
-12.029634786529389
-12.480877842048564
-9.28743739847161
-8.052438216618325
-13.222605806911293
-12.812211613822589
-9.049956441157216
-7.561791107013873
-8.024461027800088
-10.222372773398154
-8.117984513635799
-12.401817420733883
-9.923480134995208
-12.524755220888794
-9.270960688293778
-10.226114167631177
-8.358076396490759
-7.888711241886937
-10.75106102780009
-8.354280763752755
-7.314817137589874
-9.639323178573704
-9.177635186478765
-7.961852164058703
-7.226894193088706
-12.742475379970074
-8.590194193088706
-8.300017687600095
-9.348127922813593
-7.885965471850817
-9.678929493502633
-9.28362079588444
-13.477661027800089
-9.092646902793048
-13.222605806911293
-12.742475379970074
-11.614363488547765
-6.817904286552504
-9.012549877185833
-13.413007002553059
-13.413007002553059
-13.37352079588444
-13.179786647597053
-10.933661403519878
-8.827306414566667
-8.863753222018637
-8.048298656295596
-10.826402142058868
-10.053210441777589
-9.859020213171604
-8.195687144471067
-11.614363488547765
-11.589414167631176
-8.21606407876826
-8.831741444046983
-7.9152553582843295
-9.949086615389515
-8.094994820836085
-8.717887630595825
-7.980583648959858
-8.035855547930792
-9.750063776805627
-8.453862035255622
-10.936769408909713
-7.876615324451496
-8.656866983746466
-9.63931777538741
-8.55013528897046
-9.258217884146838
-8.72652287729498
-8.453862035255622
-7.248601972768976
-10.798452207263272
-9.149292600455057
-9.233164087473126
-10.60990413885318
-7.66556390397551
-11.609454029018526
-8.664872608819744
-9.019599903554086
-11.427115029752404
-9.45115517244296
-7.585179463289337
-10.220510904985922
-9.132705806911295
-8.153937096634602
-9.803553967260745
-7.320920332118087
-9.508600513884538
-10.513831531527913
-9.31282871980207
-6.448409043453653
-12.583538051815818
-8.659190797029694
-8.185750539205161
-5.603163012683346
-9.790013514283986
-7.91386243711437
-9.875915809261691
-14.042684555912484
-8.520626395258002
-7.327859326418443
-8.29729757504528
-10.131770589579466
-9.865618616375647
-6.99477639649076
-10.467118435489247
-8.334547194372355
-10.255940593440684
-7.955737751709076
-12.13333492214395
-10.147992800703957
-8.083224769213436
-7.549412809464353
-12.105321559587063
-8.071852207263273
-10.565002410852285
-11.660089455871152
-7.627890194132037
-10.9064
-8.892640593440683
-8.626828990276236
-6.489307941654429
-10.81191074453241
-6.92556383706424
-5.8758230234137265
-7.282733062937358
-9.434018485537761
-8.29802005673002
-8.123369352323792
-12.070483648959858
-10.849969352323791
-9.356408047604477
-7.802619851228459
-6.843765743342768
-11.186947655104117
-10.94936719623642
-10.930569627997155
-9.639323178573704
-6.580395160273547
-5.8349239551548635
-10.861381864463787
-8.03155206942659
-11.819246902793047
-11.366162248068509
-10.558386993792661
-6.434775912364228
-7.157325342384046
-6.366611024786181
-10.97539660394099
-8.69909006235656
-8.816795955119527
-10.340666834711383
-8.262253402905037
-11.859305806911294
-12.029634786529389
-9.30303478652939
-7.712975159235086
-7.997311217910293
-11.451730664299598
-10.22330590781854
-9.770744451470565
-9.89598802528536
-7.204110890161027
-12.296961403519877
-7.661458014174567
-7.007361967369722
-6.8165
-12.578096939557136
-7.416479298088268
-13.537517376453646
-8.523095262782446
-7.621802535958296
-12.029634786529389
-10.429171254223709
-6.406105806911294
-10.877512628577954
-10.962271403156404
-11.208846400351979
-7.712975159235086
-12.992290976688706
-7.031240984199705
-8.502318616375648
-6.92556383706424
-8.520626395258002
-9.365415973410757
-8.174218608389282
-11.260363545412497
-8.311917420733883
-7.770810686943716
-10.354262257006653
-9.361046406218883
-10.240583579918933
-9.665818139798947
-11.615371589159906
-9.132705806911295
-10.715702841509193
-12.533934841467765
-6.666536793960227
-6.406105806911294
-11.448911613822588
-6.502328985484999
-7.0579454730750335
-8.768470589579465
-8.668578345149761
-9.343883648959858
-10.497487844398961
-6.148483082865838
-10.982086773057674
-9.392333047949034
-11.119271902337845
-6.661161027800089
-6.230280956868585
-9.343883648959858
-8.977366834711383
-9.076275159235085
-12.345386773057674
-5.930354989596197
-12.352153402905037
-10.849969352323791
-10.96093903690687
-8.261165531827869
-9.58606719623642
-11.39248096614638
-8.280919267514088
-7.4213928007039565
-6.352977898229521
-6.271180101710602
-9.930272641622677
-9.845546400351978
-13.08765323151567
-12.079002841509194
-11.533580927669833
-10.449695538797975
-9.406772258718489
-6.538223227645177
-11.162093526337113
-12.944329034556471
-7.547374688115513
-12.13333492214395
-9.076275159235085
-11.997000100907245
-9.198385462865112
-6.734701804815586
-9.756820753618983
-9.30303478652939
-9.103818435489247
-8.503340314070385
-10.974532408236747
-12.2697
-10.055528416568489
-6.97278704873104
-8.238900991969546
-8.657861787117737
-9.842986290701006
-12.602515809261693
-9.132705806911295
-10.361053231515669
-10.181834792396293
-7.020994819674815
-7.539048844853287
-7.215169578925683
-7.93440648836247
-8.533763545412496
-7.4747068323248005
-9.697847194372354
-13.354723227645177
-9.019844511558878
-8.892640593440683
-8.002572265200442
-8.869419041974655
-7.926850380287029
-9.065931494392348
-6.393876983954986
-8.084367767846263
-8.834186005252274
-9.897537583678062
-10.095239676513323
-10.613503381956573
-12.037982388390036
-6.9528301749580095
-10.94073602110214
-8.836209945764477
-11.889675215821008
-9.59763903690687
-9.670172519142492
-9.451763780000931
-13.045800228544046
-10.269055101811617
-7.020994819674815
-8.696250375056094
-8.288866684386754
-11.921686993792662
-11.765336793905124
-10.497487844398961
-7.301969950793062
-6.92556383706424
-9.070916989931444
-9.260689209337322
-8.382579493191285
-8.411563605678863
-7.570189455871152
-8.22276719623642
-9.134098817458387
-8.326907428152067
-10.085611613822588
-8.578469578925683
-7.181327587233347
-7.787439901586122
-6.923264827973205
-12.13333492214395
-10.439575159235085
-12.06501119075186
-12.161752207263273
-8.050286952788198
-7.498149561913176
-7.65410296720342
-8.912712809464352
-7.10519363853889
-8.453359028929931
-11.249695262782446
-7.132824152240439
-10.982086773057674
-10.496005806911294
-7.769405806911294
-10.558386993792661
-8.752681022732302
-8.977366834711383
-7.769405806911294
-9.50221166730738
-9.771440599307587
-11.628990976688705
-10.66633478652939
-9.89760203900776
-11.052748845515076
-10.267902084449105
-10.252006534666515
-9.624873249278053
-6.216647936226918
-8.057102408446939
-10.729154709012292
-6.6120048091259
-7.961671906094123
-6.734701804815586
-5.4532
-9.30146011880821
-7.984827922813592
-7.517615979277662
-11.751358014174567
-8.67949245450835
-8.197224023866417
-8.816795955119527
-10.90833685644137
-9.897063545412497
-5.725860041739037
-9.78848812852822
-8.738745611389342
-9.497533394144641
-8.271167245472103
-9.435152207263272
-8.7251157920004
-9.570361403519879
-8.57515859775326
-8.357029192723552
-9.215908282357328
-9.556755551297702
-8.784692800703956
-12.678674918736265
-13.633
-7.831786993792662
-6.963607428152067
-7.109159835929821
-6.406105806911294
-8.626828990276236
-8.071852207263273
-9.567269627997156
-7.048260978449746
-11.765336793905124
-12.147132361574668
-9.379524873681964
-8.547892980488509
-10.147992800703957
-10.181834792396293
-9.713428979618095
-8.342286829643596
-7.980583648959858
-9.953494193088705
-6.166040593440684
-9.48666935232379
-8.452457508135764
-8.16616873132548
-8.1798
-7.614066834711383
-5.9030890522626205
-7.007362288217783
-10.131770589579466
-7.111591353380832
-8.247965623219068
-6.502328985484999
-5.930354989596197
-7.907141192619206
-8.60242157278432
-8.970506795015325
-7.511782124910065
-6.468486993792662
-7.852608282357328
-5.966824242400541
-9.049956441157216
-10.592228985484999
-7.94803835479871
-11.601694000467186
-11.82661821652882
-8.707691768133984
-6.576434786529389
-7.757176403985001
-9.77484609103829
-8.016202535177236
-7.93973478652939
-11.830418435489246
-8.452457508135764
-10.849969352323791
-8.502670831567212
-8.479725593277752
-6.230280956868585
-10.061110517374319
-5.928302180847339
-10.413256441157214
-6.406105806911294
-9.938412421363658
-9.343883648959858
-7.6437175621646425
-7.062515752675771
-10.538973003147715
-7.784444396726091
-7.327118766498911
-7.675378700789575
-8.768470589579465
-9.163075215821008
-9.573469408909714
-9.604446703078384
-11.206386386948239
-9.435152207263272
-7.498149561913176
-6.8165
-7.109159835929821
-6.298445980012603
-8.873155759585455
-8.836209945764477
-7.7997752158210085
-11.921686993792662
-9.851496939557139
-6.530207035542793
-8.043467842166917
-11.038517420733882
-8.481260432318665
-12.051752164058703
-11.669897166159029
-9.758522115902297
-11.002623178573705
-10.340666834711383
-10.190581118314139
-12.213269352323792
-6.85946719623642
-12.612995262782446
-9.415738216618324
-7.549412809464353
-12.515715752675769
-7.769405806911294
-7.549412809464353
-11.228918616375648
-9.049956441157216
-9.365415973410757
-10.255940593440684
-9.657716432293322
-9.228928985484998
-8.768470589579465
-9.845546400351978
-6.980095668308202
-10.9064
-9.434018485537761
-12.406051045876413
-7.689011393359245
-12.029634786529389
-12.412871467953952
-11.915285704099599
-12.58330289644757
-11.369906702016255
-10.620037676365225
-12.678674918736265
-8.892640593440683
-9.543099999999999
-6.162115945183695
-7.31619245450835
-10.115681693083427
-11.110933291922077
-8.684220332118088
-8.479725593277752
-8.411563605678863
-9.134098817458387
-8.3994970345979
-9.434018485537761
-8.247965623219068
-10.497487844398961
-10.006606702016255
-8.222130899918135
-12.024134394388845
-13.525052207263272
-13.044921780322051
-12.56235983592982
-12.812211613822589
-10.181834792396293
-8.561521134729007
-10.526375215821009
-7.254775893854612
-7.048260978449746
-6.025785994269964
-10.467118435489247
-6.761968105912936
-9.103818435489247
-10.91866364649708
-9.568999032802889
-9.841710375134982
-9.837606877847506
-9.930272641622677
-7.620846028589498
-6.206889455871152
-7.225490275993837
-5.8758230234137265
-9.20839257996897
-6.312078953356001
-5.889455990502971
-7.216331647340296
-11.110933291922077
-7.0900590289299315
-8.57515859775326
-12.487854505717115
-6.625638113493336
-8.970506795015325
-6.707436214034088
-9.543099999999999
-12.281661491008421
-12.171278346443415
-10.265690976688704
-10.156607342905996
-10.402036793905125
-12.487854505717115
-7.479041741259794
-6.997422629786836
-6.107584038411602
-8.614363821085862
-7.961671906094123
-6.857399190831166
-11.983337676365224
-8.723793651310256
-11.208846400351979
-6.912723178573704
-7.809198337808791
-7.31619245450835
-10.592228985484999
-11.778877795908095
-8.15253317903085
-6.4756751365214456
-11.165385028892919
-9.993033484603735
-8.382579493191285
-8.933489455871152
-8.3994970345979
-8.453359028929931
-6.6120048091259
-10.255940593440684
-10.707183648959857
-9.754277842048563
-8.992824145758545
-6.723542214681457
-7.429985649510655
-10.818524423286942
-9.387761027800089
-10.147992800703957
-8.970506795015325
-7.166066274887003
-12.114361027800088
-8.071852207263273
-9.979393225891595
-9.952074918736264
-11.778877795908095
-9.202268144663813
-12.378777252858558
-10.413256441157214
-9.343883648959858
-9.343883648959858
-11.727188386177412
-11.830418435489246
-13.252975215821008
-9.011415150459422
-9.624873249278053
-9.91343528897046
-9.754277842048563
-9.85670289644757
-6.993729192723552
-5.848556981518805
-9.076275159235085
-11.353428990276235
-9.713428979618095
-7.274976528416293
-9.134098817458387
-7.737705728692655
-7.593582056750654
-6.728624423286942
-11.889675215821008
-7.47088421721503
-6.352977898229521
-10.125245857413386
-10.707183648959857
-6.6529616018860676
-8.261600440426749
-8.016202535177236
-8.89660096718484
-7.963134487347204
-10.015875379970073
-9.025054125042043
-6.053051926243325
-6.175749045473971
-5.494099000505626
-7.18459077549972
-7.634479158876101
-10.496005806911294
-11.533580927669833
-9.132705806911295
-7.484516372290461
-7.4027193650863605
-7.251063821085861
-9.815719974542471
-10.075339941903257
-7.398541824479929
-7.157325342384046
-8.544627587233347
-10.526375215821009
-10.236526602795735
-8.67949245450835
-6.9528301749580095
-7.130058653465196
-7.591721780322053
-6.250766834711383
-13.139856441157216
-5.494099000505626
-13.57656935232379
-11.340963821085861
-9.713428979618095
-8.588786731975965
-11.642588467430592
-11.562809945764474
-10.181834792396293
-8.752385059883261
-7.4027193650863605
-11.921686993792662
-9.065950590534948
-8.1798
-7.852608282357328
-9.693098938763832
-10.852126271529553
-7.002831944797782
-7.029371902337845
-8.432128859967692
-7.048260978449746
-7.071555220888794
-8.342286829643596
-8.836209945764477
-9.807334841467766
-7.581935215899895
-8.1798
-10.947270008296188
-10.974532408236747
-9.35974179974059
-9.132705806911295
-10.968781186881367
-12.2697
-9.228928985484998
-8.501298678712262
-7.3893810227323025
-9.779329188253612
-9.134098817458387
-7.374001621240773
-11.778877795908095
-10.526375215821009
-8.616056114204705
-8.892640593440683
-9.816659028929932
-9.48855622652274
-8.304562373762737
-8.69061153560395
-8.847823691058133
-10.415577795908094
-7.539048844853287
-11.710838172962447
-6.284812979663303
-9.924832416513045
-8.534258941492297
-12.896880927669834
-10.193441003665775
-11.218797452528264
-10.798452207263272
-9.27043745689118
-8.955021780322053
-9.024758014174568
-10.415577795908094
-11.52797203513727
-12.645594706973245
-9.875915809261691
-8.071852207263273
-9.705586829643597
-12.147132361574668
-11.619240593440683
-6.502328985484999
-10.346159116895965
-9.352231250820505
-8.997776801796418
-12.215426271529555
-8.1798
-8.319364986443741
-11.057314988973147
-11.997000100907245
-8.867524404622927
-11.588101988632712
-8.888706534666516
-5.684960978449746
-8.138900616105484
-10.439575159235085
-9.461278084266668
-7.143691935525822
-8.316128684206275
-6.966463088957216
-8.479725593277752
-5.630429032986441
-7.93973478652939
-8.806912621985958
-7.79807622308894
-7.4027193650863605
-6.576434786529389
-9.132705806911295
-7.089160323251182
-10.142916214857053
-7.770810686943716
-9.679451045876416
-7.757176403985001
-7.30728777245691
-8.761615654175475
-7.181327587233347
-6.557472854319837
-6.273988386177411
-8.861445817325126
-8.15253317903085
-9.73759860761525
-6.6120048091259
-9.011415150459422
-9.911226056305795
-9.05230363993207
-7.29365445940131
-11.165504688087855
-11.830418435489246
-11.560828118416122
-10.0884306642996
-9.228928985484998
-9.297690841388613
-9.163075215821008
-8.016202535177236
-7.879872896699492
-8.60242157278432
-6.6120048091259
-11.859305806911294
-6.707436214034088
-6.865868054979804
-8.501298678712262
-9.103818435489247
-7.103364615106239
-10.115981022732303
-9.543099999999999
-5.480465991333609
-10.770034922143951
-6.951733995673023
-11.15241575267577
-10.211105394308579
-10.234810169638516
-7.93440648836247
-6.288371449752409
-9.58397000829619
-7.100488138190873
-9.20503804596895
-7.071555220888794
-12.070483648959858
-9.065950590534948
-8.970506795015325
-8.892640593440683
-6.980095668308202
-9.592468054979804
-12.351473249278051
-9.48131118302015
-7.994499168904396
-6.107584038411602
-6.878881186881368
-11.619240593440683
-8.358076396490759
-8.79631874414478
-9.450142214681458
-7.716278439489437
-12.213269352323792
-9.756820753618983
-7.757681192748271
-7.7997752158210085
-7.459428956337834
-9.875708100553307
-10.01063575579991
-8.42581575267577
-5.943988043729351
-7.198224519241647
-11.39248096614638
-14.246516326466155
-6.5983719060941235
-9.612096603940989
-7.637288386177411
-7.330124242400542
-12.944329034556471
-8.016202535177236
-12.118933047949033
-8.818534792396292
-11.761309066350853
-10.707183648959857
-8.752681022732302
-8.358076396490759
-11.99513530041393
-8.261600440426749
-9.804002724396728
-7.689011393359245
-9.802085028892918
-12.842581022732302
-6.406105806911294
-7.94803835479871
-13.708686773057673
-8.235638869848653
-11.833527924774845
-6.243913998175649
-7.0900590289299315
-9.667862373762738
-5.82129099599823
-7.389086617195252
-9.521018147956491
-12.498040599307588
-6.393876983954986
-6.617283648959858
-8.684220332118088
-12.489397034597898
-12.678674918736265
-8.861445817325126
-11.859305806911294
-8.098003867516924
-12.978606534666516
-9.132705806911295
-11.328755684097127
-11.819827314705735
-10.085611613822588
-8.334547194372355
-9.6385574609502
-8.15253317903085
-8.479725593277752
-6.489307941654429
-5.848556981518805
-5.494099000505626
-5.930354989596197
-7.18459077549972
-12.365157460950199
-11.056398938763833
-9.16136379422761
-8.071852207263273
-8.438830878094722
-8.806912621985958
-7.18459077549972
-12.433278497454578
-6.8165
-8.11163418435702
-7.634479158876101
-7.831786993792662
-6.436475215821008
-7.893507035542792
-11.859305806911294
-8.80137203513727
-11.52797203513727
-11.58102903455647
-8.683637677978384
-6.9560649864437405
-8.255486773057676
-11.068886829643597
-7.801647880536132
-8.818534792396292
-12.13333492214395
-8.156578448533972
-8.614363821085862
-11.315374918736264
-9.228928985484998
-7.157325342384046
