-7.344083740185699
-12.213269352323792
-10.947753869250601
-6.787612628577953
-5.875555684097127
-7.344391768133985
-9.365415973410759
-9.036955549219131
-9.953494193088705
-7.145522026575473
-9.225365300429434
-6.983287152502644
-7.078887496233731
-6.878881186881368
-8.8824827242087
-6.681574294799308
-8.416912221477963
-8.242181186881368
-6.760069352323791
-5.999924218971373
-6.617283648959858
-8.197834094674828
-7.831786993792662
-7.491129034556471
-6.846869408909714
-6.954234264987029
-8.995870642752521
-6.272584232814024
-6.468486993792662
-7.438072035137269
-6.986828979618095
-7.071555220888794
-8.904602084449104
-6.986828979618095
-7.9015232276451774
-7.438072035137269
-6.948617420733883
-9.410982579266117
-7.226894193088706
-5.912962248068509
-7.226894193088706
-9.628965940693218
-6.990789353362252
-7.848466228225974
-7.699669573058779
-7.559710002350398
-7.170463545412497
-7.1189464003519785
-6.986828979618095
-7.922233798088828
-8.963699918826126
-9.754277842048563
-9.473363766147484
-9.690207428152068
-8.267379613864016
-9.128281823684532
-8.181204880032421
-8.42581575267577
-8.066938704647583
-7.980583648959858
-9.095420086631968
-8.390977842048564
-6.273988386177411
-9.897063545412497
-6.7235422146814585
-10.164672035137269
-8.1798
-7.559710002350398
-7.589532965750923
-8.358076396490759
-6.250766834711383
-7.831786993792662
-10.556202210196725
-7.93973478652939
-7.455234792396293
-7.9015232276451774
-8.20128359811821
-8.25886042131468
-7.499554516339887
-6.954234264987029
-7.635884469082543
-6.912723178573704
-7.438072035137269
-6.67034064837906
-8.069390358946388
-7.433102613210319
-7.881512689174268
-7.500453222018637
-7.539291645616971
-8.216434797187532
-7.374001621240773
-7.591721780322053
-8.123369352323792
-6.2725842439440065
-7.625563772014388
-8.533763545412496
-8.111382417920613
-7.359011613822588
-8.013183093150655
-8.42581575267577
-6.787612628577953
-6.349675159235085
-6.6388159734107575
-7.4296736862799895
-7.342723455891866
-12.029634786529389
-8.517832351087758
-6.821852786840225
-8.67949245450835
-7.661458014174567
-8.08180325943956
-6.576434786529389
-11.002623178573705
-9.056427256026064
-9.152267834478424
-9.098206320795832
-9.0844044448443
-9.216863020106306
-6.617283648959858
-6.846869408909714
-8.00873139047038
-7.071555220888794
-6.878881186881368
-8.128776455357547
-7.31619245450835
-7.7843958143294785
-6.422615901601367
-7.995573656378042
-5.902753828504047
-6.912723178573704
-7.769405806911294
-7.186835288970459
-8.156578448533972
-5.999924218971373
-5.863594193088706
-6.273988386177411
-7.33365902106191
-6.746763766147485
-7.0580472509582775
-8.390977842048564
-8.760523172706801
-8.434855220888794
-10.551844676759947
-8.58430286421083
-7.529340593440684
-8.590194193088706
