-8.047682579266116
-10.496005806911294
-8.548477592132524
-9.435152207263272
-10.181834792396293
-8.390977842048564
-8.34267647998157
-8.110326968493307
-7.591721780322053
-7.226894193088706
-9.713428979618095
-8.350128979618095
-10.798452207263272
-8.723793651310256
-8.087095291696288
-8.47377946442608
-9.435806678182022
-8.22276719623642
-9.178864782668171
-9.639323178573704
-8.685025893543262
-8.181282037487668
-11.156918235721204
-9.065606876605035
-11.100457330408256
-8.652575379970074
-8.390977842048564
-12.365923178573704
-9.754277842048563
-8.854429034556471
-9.178864782668171
-8.590194193088706
-10.164672035137269
-9.664218832004789
-7.980583648959858
-9.48666935232379
-8.424750518521618
-9.138656346116454
-8.433945038284984
-8.434855220888794
-9.675217420733883
-9.845546400351978
-8.854429034556471
-11.5718494139775
-11.223836407770163
-11.699429849543792
-9.331330380123882
-10.085611613822588
-10.877512628577954
-8.98308739773685
-10.100601621240774
-11.955528985484998
-8.466240511366152
-10.340666834711383
-10.592228985484999
-9.870744827334626
-8.66588096614638
-9.845546400351978
-9.004151528328553
-9.143158829161885
-8.442475654722633
-8.297658705686043
-8.429414995779162
-8.159148003947205
-8.809033771103461
-8.911692871800968
-8.170110504791467
-8.546274524782568
-8.188748386962605
-8.778964330764579
-9.138656346116454
-7.8132179247062545
-8.023323518003169
-11.859305806911294
-12.213269352323792
-9.089886647597055
-11.299293204648142
-11.60462074775208
-7.297156129387533
-7.941315758542674
-9.727003200389767
-7.864260549988652
-8.147538980320949
-8.193273812819625
-8.17508225657511
-8.366943560644104
-8.44588796869944
-8.289407924275121
-8.722311613822589
-7.737284972782129
-10.1238231727068
-11.427115029752404
-12.300069408909714
-9.628965940693218
-10.1238231727068
-8.071852207263273
-8.63252509300684
-10.774282579266117
-10.217729034556472
-9.798155220888795
-9.108062709342981
-9.51139992178136
-10.375849877185832
-10.227053222018636
-8.311917420733883
-11.938366228225975
-8.158860045450618
-10.022490797029695
-9.642816248688884
-9.924606821666659
-9.28745300128365
-8.985391189231766
-8.816795955119527
-7.949685158357515
-8.59518186195363
-9.595694622459211
-11.740967918725314
-8.903847850070191
-8.294416432293321
-8.135880331693862
-9.103818435489247
-8.589602415261151
-7.656819994290554
-9.754277842048563
-9.227190148208233
-10.48138596122269
-8.90359601170545
-8.958286373851108
-8.063884053992524
-8.827069758854442
-10.191200534846871
-9.00058838617741
-8.8452494139775
-9.754277842048563
-9.29910072775522
-7.491129034556471
-9.403919986569713
-11.802875159235086
-8.218327415742692
-8.482246400351977
-11.076728979618094
-9.444550991382904
-8.685943927557483
-9.996461389325127
-9.675217420733883
-8.222628263697008
-8.881884211165032
-8.35727683706178
-9.147695814329479
-8.002115973410758
-9.215159209816331
-9.367612909761423
-9.830926554663375
-10.779038216618325
-10.730912909761424
-7.726586647597055
-8.071852207263273
-11.076728979618094
-9.30303478652939
-9.460350634245922
-9.032205579884426
-8.078177186563902
-7.942520832462524
-9.990128990276236
-7.500453222018637
-10.265891645616971
-8.190070989000148
-8.892640593440683
-10.234531013783563
-10.085611613822588
-9.754277842048563
-8.69342424240054
-8.047682579266116
-7.769405806911294
-9.543099999999999
-9.112337628038585
-11.038517420733882
-8.611288106807113
-8.748025111448577
-9.754277842048563
-8.955021780322053
-9.460350634245922
-9.228928985484998
-9.435152207263272
-8.902591645616969
-10.82365063424592
-8.192971039268063
-8.362896561516422
-8.296936664539023
-8.645382789761417
-9.656998331941887
-8.613131617379555
-8.45054632213334
-8.260215281556198
-9.897063545412497
-9.897063545412497
-12.557526554663374
-8.15019816975861
-11.033472519142492
-8.219275998589941
-8.97466950377563
-8.136912515136565
-8.531614455331784
-10.628123227645178
-9.845546400351978
-8.453829115232656
-8.539170648446254
-7.351656566851442
-7.500453222018637
-9.598938869848652
-9.367612909761423
-10.015875379970073
-11.921686993792662
-8.88331001100874
-8.592528325681448
-9.855497452528265
-7.848297088482736
