-8.277046049087172
-9.506500208277236
-9.897063545412497
-9.454013825132208
-8.833323671732998
-8.156578448533972
-9.501170507928288
-10.417440835136913
-10.333314190626862
-10.526375215821009
-11.117577842048563
-7.674553384241022
-10.26589164561697
-9.930272641622677
-10.147992800703957
-8.888706534666516
-9.02306042205393
-7.877412809975304
-7.874741090764337
-10.019465145289198
-9.52151550491043
-8.67949245450835
-11.434291768133985
-10.788844703399839
-10.439575159235085
-10.388058014174566
-9.693436419182621
-9.103818435489247
-9.484081202040244
-9.355708822474613
-8.892640593440683
-10.60990413885318
-7.989102841509194
-8.434855220888794
-10.510995814329478
-10.877512628577954
-9.897063545412497
-9.198385462865112
-11.161455220888794
-9.517038761233506
-8.96608890006195
-9.460350634245922
-10.255940593440684
-8.809891227686604
-10.60990413885318
-10.009333062937358
-10.147992800703957
-9.193444624730722
-9.717389353362252
-9.00058838617741
-8.434855220888794
-8.590194193088706
-7.649249877185833
-9.103818435489247
-8.68744349689633
-10.66633478652939
-9.694014988973146
-7.549412809464353
-7.637288386177411
-9.149452714640955
-9.564193913718407
-9.00058838617741
-8.482246400351977
-10.139826137886487
-8.160863680754238
-9.592468054979804
-8.978506534133903
-8.576992516678434
-10.467118435489247
-8.638276528416293
-9.457781980901746
-10.798452207263272
-9.427241194195018
-10.707183648959857
-9.39694064837906
-9.986327899056606
-8.091924423286942
-8.042964835841227
-7.192394706973244
-8.93666980550836
-7.912730003870491
-8.722311613822589
-9.598938869848652
-9.02715759375036
-9.484627395615092
-10.648403671819406
-7.625563772014388
-9.34177286716211
-10.774282579266117
-11.379175379970073
-11.076728979618094
-8.81547758622148
-9.666676096895054
-8.702658931915717
-10.070991768133984
-9.075694664716227
-9.11278012426385
-10.156332417920613
-9.135673600930646
-9.789115752675771
-11.69268890006195
-10.575066228225975
-11.406092454508348
-11.463901621240772
-11.715463772014388
-10.9064
-9.132705806911295
-9.246604138853181
-11.117577842048563
-11.316794193088706
-9.675217420733883
-9.953494193088705
-11.619240593440683
-11.316794193088706
-11.84468596122269
-8.566972641622678
-9.675217420733883
-10.9064
-9.00058838617741
-9.11808596122269
-10.426269573058779
-9.210077001210848
-8.457603302783665
-9.845546400351978
-6.3363695730587795
-8.63956224806851
-9.605481186881368
-9.287237726708328
-9.268535300413928
-9.91343528897046
-8.955021780322053
-9.00058838617741
-9.049956441157216
-9.147695814329479
-8.458076772354822
-8.722311613822589
-7.88330413885318
-8.652575379970074
-8.071852207263273
-8.482246400351977
-10.375849877185832
-8.311917420733883
-10.236526602795735
-10.66633478652939
-8.805616308991004
-9.750063776805627
-10.307457738501203
-9.528480154311396
-9.112337628038585
-10.340666834711383
-9.473363766147484
-9.408619008593606
-9.066929946802937
-9.54905053920516
-10.40052318336494
-10.467118435489247
-8.692719812017412
-9.092646902793048
-10.199509945764476
-11.553906414566669
-11.394167790274881
-9.30303478652939
-9.228928985484998
-9.272270793355034
-10.307457738501203
-9.435152207263272
-9.508600513884538
-9.47600106969374
-10.439575159235085
-10.352163772014388
-8.854429034556471
-8.652575379970074
-9.246604138853181
-9.28362079588444
-10.181834792396293
-7.288617885546948
-9.089886647597055
-10.340666834711383
-8.354089353362252
-9.00058838617741
-9.11808596122269
-10.592228985484999
-9.514212628577953
-9.00058838617741
-9.025992787650631
-9.845546400351978
-9.264823227645177
-7.549412809464353
-10.246154029018527
-10.968781186881367
-9.886395262782447
-9.996461389325125
-11.619240593440683
-9.457532223250224
-9.615432239057654
-9.135673600930646
-8.107962348973691
-9.47600106969374
-6.228421780322053
-7.002831944797782
-9.514212628577953
-9.11808596122269
-8.743894703399839
-9.758522115902297
-8.87994932817775
-9.537208671122123
-9.754277842048563
-9.211766228225974
-7.592819229509624
-9.143158829161885
-9.897063545412497
-10.164672035137269
-8.892640593440683
-9.343883648959858
-10.015875379970073
-11.463901621240772
-7.865628985484999
-9.48666935232379
-8.533763545412496
-8.13698084068576
-8.96608890006195
-9.178864782668171
-5.893963601998419
-9.435152207263272
-10.276012809464353
-8.912712809464352
-9.024758014174568
-8.1798
-10.774282579266117
-9.435152207263272
-8.760523172706801
-10.82365063424592
-9.387761027800089
-6.127829034556472
-7.344391768133985
-7.2978899221721125
-9.144667297919716
-8.816795955119527
-8.875139605000122
-11.260363545412497
-10.64692079588444
-9.293248222107232
-10.558386993792661
-9.983863601998419
-7.388602490513383
-10.056724242400541
-9.881132351087759
-9.387761027800089
-8.097050634245921
-7.831786993792662
-10.307457738501203
-8.047682579266116
-9.11808596122269
-8.707691768133984
-9.28362079588444
-9.178864782668171
-10.774282579266117
-9.178864782668171
-6.217557738501203
-10.496005806911294
-9.132705806911295
-10.217729034556472
-10.877512628577954
-10.60990413885318
-8.350128979618095
-8.596144732293865
-10.680482583326635
-9.435152207263272
-8.276023178573704
-11.52797203513727
-9.48666935232379
-11.955528985484998
-7.867372944528443
-8.150912628577952
-9.675217420733883
-10.849969352323791
-10.968781186881367
-7.500453222018637
-9.897063545412497
-9.228928985484998
-11.117577842048563
-8.882854029018526
-11.117577842048563
-10.246154029018527
-10.009333062937358
-10.849969352323791
-8.729759179532445
-10.64692079588444
-10.181834792396293
-9.983863601998419
-7.831786993792662
-11.816486647597054
-10.628123227645178
-7.93973478652939
-7.961852164058703
-8.902591645616969
-10.510995814329478
-11.161455220888794
-9.343883648959858
-11.420024242400542
-8.071852207263273
-7.743344568144799
-10.115981022732303
-8.892640593440683
-7.036197034597899
-10.877512628577954
-9.11808596122269
-6.406105806911294
-6.846869408909714
-10.00286224806851
-5.995711613822588
-10.131770589579466
-9.246604138853181
-10.64692079588444
-11.038517420733882
-8.988863772014389
-9.30303478652939
-9.228928985484998
-9.037223183364942
-10.296789455871153
-10.877512628577954
-9.11808596122269
-9.211766228225974
-10.82365063424592
-6.846869408909714
-10.774282579266117
-9.514212628577953
-7.817167148104058
