-7.4640064145666685
-8.150912628577952
-9.543099999999999
-8.150912628577952
-7.149835400051669
-7.242491767176088
-7.061171657507885
-7.833433931341883
-12.2697
-7.071555220888794
-10.388058014174566
-11.208846400351979
-7.444706459682315
-11.117577842048563
-11.590353222018637
-10.439575159235085
-9.615432239057654
-10.558386993792661
-11.076728979618094
-9.845546400351978
-10.9064
-9.169340604098826
-9.147695814329479
-11.316794193088706
-9.19180679888084
-9.552048386962605
-10.87469992178136
-7.637288386177411
-11.921686993792662
-10.575066228225975
-11.161455220888794
-9.211766228225974
-8.150912628577952
-8.67182738654955
-8.150912628577952
-11.161455220888794
-10.352163772014388
-7.892343607066206
-7.226894193088706
-8.276023178573704
-7.7997752158210085
-10.9064
-8.065472570178601
-8.482246400351977
-8.1798
-8.1798
-9.178864782668171
-12.092015973410756
-7.472909945764476
-8.475866763267307
-7.591721780322053
-10.662426581808381
-10.726527158839627
-7.649249877185833
-8.590194193088706
-8.590194193088706
-11.328755684097127
-8.482246400351977
-11.590353222018637
-11.590353222018637
-8.882854029018526
-7.740486472109299
-9.48666935232379
-8.150912628577952
-7.759279625511722
-9.147695814329479
-11.619240593440683
-9.914445433571029
-12.029634786529389
-8.86000590781854
-10.467118435489247
-11.117577842048563
-9.457781980901746
-11.859305806911294
-11.880399720629702
-7.195755588280735
-11.619240593440683
-11.62919164561697
-7.23446168459747
-8.96608890006195
-9.380968521172619
-12.070483648959858
-10.258417903575829
-10.453186647597056
-10.496005806911294
-11.161455220888794
-8.047682579266116
-10.078256566851442
-10.798452207263272
-11.52797203513727
-11.038517420733882
-10.467118435489247
-10.64692079588444
-7.613384066616679
-9.007856108722667
-9.959444732293866
-9.582892530897496
-11.52797203513727
-10.798452207263272
-10.877512628577954
-10.877512628577954
-9.996461389325127
-9.625553402905037
-9.257468180674032
-10.968781186881367
-9.798155220888795
-10.936769408909713
-7.686656441157215
-7.729070297477492
-11.703966834711384
-10.236526602795735
-11.316794193088706
-8.590194193088706
-7.069282382523133
-9.639323178573704
-12.735933062937358
-7.344391768133985
-7.858704068330939
-7.947682203402054
-7.305954614403386
-11.767941342820976
-10.190606414566668
-8.596144732293865
-9.845546400351978
-8.283735318802233
-11.639312809464354
-10.40052318336494
-9.990128990276236
-10.181834792396293
-9.897063545412497
-11.62919164561697
-12.623663545412496
-11.619240593440683
-6.955316000047617
-9.573469408909714
-7.4906666575964795
-7.769405806911294
-11.619240593440683
-8.590194193088706
-10.774282579266117
-11.52797203513727
-9.733501195641763
-12.029634786529389
-7.226894193088706
-7.1390186163756475
-9.450142214681458
-10.029180966146379
-9.327204414526546
-10.510995814329478
-11.481131901635628
-8.242181186881368
-8.86187660026633
-10.164672035137269
-8.912712809464352
-10.131770589579466
-7.273949959165307
-8.164314338411778
-9.089886647597055
-8.720833276806905
-10.100601621240774
-7.591721780322053
-9.383224042632497
-9.725390470626516
-7.027677842048563
-7.661458014174567
-12.882873686279991
-8.071852207263273
-9.178864782668171
-9.018622480852239
-7.226894193088706
-6.833010094690073
-10.849969352323791
-7.920320795884441
-8.672647595993743
-8.482246400351977
-8.824661256032158
-8.933489455871152
-10.526375215821009
-9.211766228225974
-9.264823227645177
-9.049956441157216
-8.047682579266116
-7.807617365795506
-11.305069578925682
-10.9064
-6.186112809464352
-7.612247866561263
-7.726586647597055
-7.226894193088706
-9.767103043884376
-7.920320795884441
-11.727188386177412
-9.552048386962605
-9.729431944797781
-7.472551221932128
-7.1189464003519785
-7.727689205955112
-11.763823183364941
-7.649249877185833
-8.423130606725772
-9.343883648959858
-9.897063545412497
-10.035947595993743
-9.733501195641763
-10.22772526960258
-8.1798
-7.226894193088706
-8.482246400351977
-9.514212628577953
-9.343883648959858
-11.484764300994355
-9.953494193088705
-8.9982248155049
-8.659190797029694
-10.686407002553057
-12.029634786529389
-7.603907075403137
-10.439575159235085
-10.413256441157214
-7.699669573058779
-7.88582130976898
-7.131411569542353
-7.3893810227323025
-7.226894193088706
-7.3972231727068
-7.071555220888794
-8.865635810781786
-10.363888386177411
-9.675217420733883
-10.697525379970074
-12.572146400351977
-8.160004149511323
-9.26667635487685
-10.496005806911294
-8.242181186881368
-11.739149877185833
-9.605481186881368
-6.960956630203076
-9.953494193088705
-10.641218597711632
-8.566972641622678
-9.953494193088705
-11.002623178573705
-7.803526487084737
-9.11808596122269
-8.350128979618095
-7.1189464003519785
-8.700515029752404
-9.264823227645177
-12.081249811185307
-10.496005806911294
-11.816486647597054
-8.590194193088706
-7.3893810227323025
-8.561306821666658
-7.766747452231112
-9.543099999999999
-9.48666935232379
-10.82365063424592
-6.674984387220743
-8.590194193088706
-11.921686993792662
-10.968781186881367
-11.002623178573705
-8.097050634245921
-10.936769408909713
-10.426269573058779
-11.41301737166241
-8.72652287729498
-9.333404195439103
-9.343883648959858
-11.076728979618094
-9.387761027800089
-7.244928287763534
-8.784692800703956
-7.8367416140629516
-8.123369352323792
-11.002623178573705
-8.590194193088706
-10.936769408909713
-8.311917420733883
-11.117577842048563
-8.81074992786204
-11.076728979618094
-9.517038761233506
-8.482246400351977
-12.029634786529389
-11.619240593440683
-10.40052318336494
-7.7843958143294785
-11.448911613822588
-10.307457738501203
-9.82613240970703
-10.453186647597056
-11.727188386177412
-9.143158829161885
-10.32938890006195
-11.208846400351979
-10.276012809464353
-9.430238704647584
