-10.318455031593572
-8.802288447577729
-9.308417045846147
-10.111541481415452
-10.023820353526629
-8.848348858689816
-7.901957177589931
-8.372778486734843
-7.217156488046066
-7.640668093356519
-8.095298288947802
-8.769938365062282
-8.618039188387895
-7.36484177378958
-7.646629372145064
-8.329306208452964
-9.673375659267952
-8.789689234086405
-7.371489029843157
-9.64644335039133
-7.44580669794377
-10.109238514015301
-9.777234916343074
-9.170822017820068
-7.709586417505486
-9.481507067973723
-8.27632982252687
-7.428925295244939
-8.774699829478505
-8.594238373229338
-6.663442624716735
-7.959807002553058
-7.813635740195641
-9.164443998348311
-7.226894193088706
-7.516370611947343
-8.474871500943811
-9.092250586401924
-7.734303597695191
-7.013999903958606
-8.536749580626765
-7.576603854917039
-8.21289605024258
-9.203891041072678
-7.226894193088706
-8.474641402410578
