-9.228928985484998
-11.495070589579464
-8.590194193088706
-9.833461586353401
-10.100601621240774
-10.707183648959857
-9.754277842048563
-9.289406716219666
-10.26589164561697
-10.690947316172407
-10.717949811185306
-9.33966958371692
-10.689270480478003
-8.924050554682136
-11.256273064512303
-8.722311613822589
-7.7843958143294785
-10.910668749867648
-9.187710222842941
-10.707183648959857
-10.375849877185832
-7.635884702425109
-11.385790797029696
-10.388058014174566
-10.236526602795735
-10.435933583190748
-9.639323178573704
-10.48138596122269
-9.514212628577953
-10.26589164561697
-10.798452207263272
-8.482246400351977
-9.255643607066206
-11.802875159235086
-10.66633478652939
-9.953494193088705
-10.936769408909713
-9.514212628577953
-11.076728979618094
-7.4819494139775005
-9.602272263133134
-13.771436427629977
-9.049956441157216
-9.749014930353876
-10.728715973410758
-10.227053222018636
-9.132705806911295
-10.135907986705378
-10.968781186881367
-7.835085462865111
-10.388058014174566
-8.917839020423331
-9.343883648959858
-8.955021780322053
-9.965455684097126
-9.228928985484998
-9.380900988104031
-11.97320413885318
-10.04971737166241
-10.849969352323791
-10.369869131681622
-10.510995814329478
-7.499554516339886
-10.236526602795735
-8.344800681451176
-8.700515029752404
-9.441105297447931
-10.774282579266117
-9.543099999999999
-11.599826602795735
-7.625563772014388
-9.387761027800089
-11.161455220888794
-9.646372007618702
-13.09048838617741
-8.242181186881368
-10.039449168904394
-11.076728979618094
-10.296789455871153
-10.734456479694998
-10.04971737166241
-10.798452207263272
-12.010220795884441
-8.412966458289148
-7.445022168200934
-11.151127307201694
-9.27184001041383
-9.354551931589908
-11.260363545412497
-10.307457738501203
-9.651343977687485
-10.9064
-11.161455220888794
-9.163075215821008
-10.849969352323791
-9.713428979618095
-11.316794193088706
-9.953494193088705
-9.983863601998419
-8.882854029018526
-9.996461389325127
-9.514212628577953
-11.076728979618094
-11.117577842048563
-10.936769408909713
-9.48666935232379
-10.375849877185832
-8.818534792396292
-8.590194193088706
-12.161752207263273
-9.530882196581322
-11.511553318070446
-9.460350634245922
-9.754277842048563
-6.736106103346707
-10.968781186881367
-9.00058838617741
-9.996461389325127
-12.510129427942049
-10.48138596122269
-9.48666935232379
-10.035947595993743
-10.430627445083847
-8.977366834711383
-10.035947595993743
-10.60990413885318
-8.481132376988487
-11.098846357147409
-10.66633478652939
-9.845546400351978
-10.022490797029695
-11.344055596608584
-10.014635356924764
-10.48707573316862
-10.619013683249179
-9.656998331941887
-9.886489677337094
-9.754277842048563
-10.022490797029695
-10.575066228225975
-10.04971737166241
-10.173191227686605
-11.208846400351979
-10.100601621240774
-9.897063545412497
-9.293248222107232
-9.749015970483864
-10.728715973410758
-9.97766382108586
-10.199509945764476
-10.592228985484999
-9.103818435489247
-9.211766228225974
-8.00397624983936
-9.639323178573704
-8.590194193088706
-11.002623178573705
-10.093059179532446
-10.575066228225975
-8.944157738501202
-12.092015973410756
-9.543099999999999
-7.4213928007039565
-10.100601621240774
-9.754277842048563
-9.639323178573704
-8.699260877475458
-9.353648363447478
-9.798155220888795
-10.413256441157214
-11.385790797029696
-9.747352293246296
-9.959474938592916
-9.155044962436039
-9.639323178573704
-10.558386993792661
-10.40052318336494
-10.40052318336494
-9.996461389325127
-9.48666935232379
-11.161455220888794
-8.311917420733883
-9.897063545412497
-9.656998331941887
-7.935810530380529
-9.713428979618095
-10.115981022732303
-8.150912628577952
-8.482246400351977
-10.276012809464353
-10.063815029752403
-8.123369352323792
-10.131770589579466
-7.93973478652939
-10.382205784771177
-9.953494193088705
-10.022490797029695
-7.785847413750273
-20.859894193088707
-10.15627368627999
-9.941769578925683
-8.917839020423331
-10.9064
-9.845546400351978
-9.33966958371692
-11.34716360199842
-10.774282579266117
-8.434855220888794
-9.11808596122269
-10.426269573058779
-10.131770589579466
-10.968781186881367
-9.967149744386408
-23.64887537997007
-11.117577842048563
-8.633161389325126
-10.628123227645178
-10.236526602795735
-9.398190018196846
-9.51562569490573
-9.494521466311932
-9.30303478652939
-9.30303478652939
-8.522028377445725
-11.161455220888794
-10.246154029018527
-10.968781186881367
-6.477079175122877
-9.821376772354823
-8.150912628577952
-9.387761027800089
-9.897063545412497
-10.199509945764476
-9.953494193088705
-9.514212628577953
-8.434855220888794
-10.728715973410758
-10.04971737166241
-21.402405806911293
-9.754277842048563
-7.404123385812257
-10.621499587397283
-10.82365063424592
-8.13464469924432
-9.343883648959858
-9.195086993792662
-10.15999139150825
-8.317535385707911
-21.498628985485
-7.226894193088706
-7.549412809464353
-7.9015232276451774
-11.420024242400542
-11.08467639649076
-13.633
-9.886395262782447
-12.680094193088705
-9.543099999999999
-9.150739901586123
-9.618786773057675
-9.28362079588444
-12.680094193088705
-10.052510177157604
-11.042751045876413
-7.240549744386408
-11.72435323151567
-7.446591227686604
-10.20209281369485
-13.166175159235085
-11.562809945764474
-10.886204592503331
-8.648641321195905
-10.558386993792661
-8.556470107142202
-12.951401988632712
-12.54231997454247
-7.553510221437841
-12.2697
-8.86187660026633
-9.52559901155944
-9.055127423084281
-9.169340604098826
-10.361053231515669
-6.892186773057675
-10.100601621240774
-11.776556441157215
-8.873226602795736
-8.125526271529553
-8.47245983592982
-9.28362079588444
-8.610674876646463
-11.955528985484998
-10.633700100907244
-10.085611613822588
-7.614066834711383
-9.076275159235085
-12.114361027800088
-9.57973479718753
-9.789115752675771
-12.75578096614638
-11.161455220888794
-10.131770589579466
-9.729431944797781
-10.388058014174566
-11.31917201176481
-10.834038157999053
-12.213269352323792
-12.070483648959858
-10.770034922143951
-10.9064
-7.361820253650936
-8.329760800745385
-7.289100002693861
-7.968030380123881
-7.042234254670967
-10.526375215821009
-7.3717287828751115
-9.816659028929932
-12.432186829643596
-10.296789455871153
-8.235638869848653
-10.085611613822588
-8.145300513884537
-9.144667297919716
-7.770810686943716
-8.1798
-9.01740296720342
-10.849969352323791
-8.873226602795736
-8.737301621240773
-10.729122338379973
-7.912730003870491
-9.543099999999999
-11.451730664299598
-9.23431228833761
-8.1798
-9.27043745689118
-11.997000100907245
-13.354723227645177
-8.374298607615252
-13.222605806911293
-13.633
-12.332081186881368
-11.955528985484998
-12.213269352323792
-11.52797203513727
-9.134098817458387
-9.27043745689118
-9.679451045876416
-9.383224042632497
-12.406051045876413
-11.633487143168814
-7.907141192619206
-7.8117367068294294
-12.406051045876413
-11.860787844398962
-11.451730664299598
-11.588101988632712
-9.465521616172987
-8.7251157920004
-11.179019974542472
-6.971247194372355
-8.043467842166917
-11.915144676759947
-10.288391107013872
-11.860787844398962
-11.997000100907245
-7.225490275993837
-12.161752207263273
-9.807334841467766
-10.236526602795735
-11.451730664299598
-9.44510325943956
-8.29729757504528
-10.497487844398961
-10.849969352323791
-11.860787844398962
-11.860787844398962
-11.042751045876413
-9.573469408909714
-8.464745411911418
-10.361053231515669
-10.0884306642996
-7.379339089029853
-9.435152207263272
-7.7708878443989615
-13.044921780322051
-13.08765323151567
-11.315374918736264
-12.2697
-12.2697
-7.661458014174567
-6.8374098779710275
-9.660597575045278
-10.147992800703957
-10.770034922143951
-11.713146455290355
-11.179019974542472
-9.335485300102578
-10.592228985484999
-7.912353006935004
-9.618786773057675
-9.990128990276236
-8.667228119553915
-9.567269627997156
-8.452457508135764
-11.58102903455647
-10.467118435489247
-8.977366834711383
-13.222605806911293
-9.675217420733883
-8.452457508135764
-11.588101988632712
-12.771742514092718
-11.328755684097127
-7.9995070324705155
-12.812211613822589
-8.29729757504528
-10.217729034556472
-7.275619039241342
-10.997273324847491
-12.2697
-11.042751045876413
-12.114361027800088
-12.20152557339183
-9.865618616375647
-9.087139201055935
-11.588101988632712
-8.1798
-6.906211480234028
-10.497487844398961
-12.54231997454247
-12.982540593440683
-8.311917420733883
-11.72435323151567
-7.45419087734388
-8.069390358946388
-10.707183648959857
-12.54231997454247
-12.54231997454247
-7.720014069458449
-7.462417901762659
-9.815765332149798
-8.997776801796418
-11.179019974542472
-11.179019974542472
-8.043467842166917
-12.13333492214395
-9.68266498644374
-7.831786993792662
-7.574433729724887
-9.503041095881754
-10.883178448533972
-11.588101988632712
-9.952074918736264
-10.94936719623642
-8.1798
-8.48502072550394
-8.855169589583824
-11.727188386177412
-7.603907075403137
-9.132705806911295
-8.861445817325126
-11.315398257092864
-7.597229482059165
-11.72435323151567
-9.543099999999999
-12.394462373762735
-8.66588096614638
-11.72435323151567
-11.997000100907245
-10.217729034556472
-12.592218616375648
-12.432186829643596
-6.85946719623642
-7.436720268186666
-10.633700100907244
-8.071852207263273
-9.470738157999053
-11.588101988632712
-12.635496108877398
-8.588786731975965
-8.861445817325126
-7.054319597508557
-12.13333492214395
-12.944329034556471
-9.952074918736264
-8.252801627107678
-10.340666834711383
-11.58102903455647
-8.123369352323792
-12.54231997454247
-10.496005806911294
-10.14145048367124
-13.433783648959858
-12.161752207263273
-9.175673003147715
-11.451730664299598
-10.224801988632713
-11.588101988632712
-8.86187660026633
-7.686656441157215
-10.255940593440684
-9.228928985484998
-8.908643558620371
-11.997000100907245
-10.363888386177411
-10.496005806911294
-7.890524638916084
-9.134098817458387
-12.070483648959858
-12.13333492214395
-11.997000100907245
-8.206441755459991
-12.2697
-11.72435323151567
-12.2697
-11.042751045876413
-12.406051045876413
-9.406781951308531
-8.11270106969374
-11.315374918736264
-11.860787844398962
-8.495215676569126
-9.771440599307587
-8.741873641389718
-11.042751045876413
-8.06742822403651
-7.892343607066206
-8.316128684206275
-8.7251157920004
-11.997000100907245
-12.2697
-9.543099999999999
-9.754277842048563
-8.342286829643596
-8.931378674073404
-7.907141192619206
-8.043467842166917
-12.480877842048564
-11.170634841467766
-7.686656441157215
-7.634479158876101
-12.874592800703956
-10.085611613822588
-11.859305806911294
-9.20503804596895
-11.562809945764474
-10.75036117680372
-8.211417193707014
-8.7251157920004
-8.997776801796418
-12.982540593440683
-9.383224042632497
-8.071852207263273
-7.869122055600178
-7.549412809464353
-8.1798
-11.451730664299598
-11.72435323151567
-11.588101988632712
-10.111325111448576
-8.452457508135764
-7.967616487295297
-12.680094193088705
-11.479281022732302
-11.860787844398962
-12.406051045876413
-10.79114228441897
-9.30303478652939
-11.889675215821008
-8.184555637352208
-8.988863772014389
-11.179019974542472
-12.678674918736265
-10.0884306642996
-11.860787844398962
-11.588101988632712
-9.430238704647584
-8.626828990276236
-11.776556441157215
-9.52559901155944
-8.79631874414478
-10.632785321376259
-11.479281022732302
-11.72435323151567
-10.6027706348845
-8.7251157920004
-10.849969352323791
-12.680094193088705
-12.114361027800088
-8.452457508135764
-10.770034922143951
-8.997776801796418
-7.330547303273975
-7.5812884941893035
-8.287984669582126
-12.678674918736265
-11.997000100907245
-11.72435323151567
-9.27043745689118
-10.467118435489247
-11.479281022732302
-12.029634786529389
-12.406051045876413
-7.122906774096135
-11.997000100907245
-10.770034922143951
-7.399596216633772
-7.881870545738306
-8.818534792396292
-9.103818435489247
-9.109484255445267
-8.80306609542655
-11.366162248068509
-11.218797452528264
-9.460350634245922
-6.974330918359871
-9.198385462865112
-8.452457508135764
-12.2697
-10.948318602266305
-11.948984565581913
-7.089160323251182
-8.452457508135764
-7.140551824829785
-10.849969352323791
-7.693127256026064
-10.497487844398961
-10.849969352323791
-10.75106102780009
-10.75106102780009
-9.543099999999999
-10.413256441157214
-10.0884306642996
-10.798452207263272
-7.775356346116455
-10.115981022732303
-13.633
-10.224801988632713
-9.27043745689118
-10.862717525875414
-9.751745805400473
-8.861445817325126
-12.406051045876413
-7.089495417590676
-9.741724573212586
-9.348127922813593
-9.951130622416194
-8.452457508135764
-11.315374918736264
-11.997000100907245
-9.406264835841226
-9.97766382108586
-8.861445817325126
-11.451730664299598
-10.66633478652939
-9.815719974542471
-10.770034922143951
-10.224801988632713
-9.406781951308531
-11.042751045876413
-12.13333492214395
-12.2697
-9.815719974542471
-8.784692800703956
-7.016202050611279
-12.815030664299597
-12.678674918736265
-9.886395262782447
-7.414687848409353
-9.406781951308531
-11.315374918736264
-9.291310172366368
-11.991423227645177
-9.055127423084281
-10.707183648959857
-9.103818435489247
-11.681850524317168
-8.060069730155917
-8.381358023796366
-9.103818435489247
-11.944470296720342
-9.941769578925683
-11.72435323151567
-12.678674918736265
-11.72435323151567
-12.406051045876413
-7.682296338134126
-10.413256441157214
-8.619318441356151
-8.043467842166917
-9.132705806911295
-11.660089455871152
-10.361053231515669
-10.888899011559438
-10.64692079588444
-8.47245983592982
-11.727188386177412
-10.164672035137269
-8.350128979618095
-9.22200406833094
-8.955021780322053
-12.406051045876413
-8.737301621240773
-9.48666935232379
-9.27043745689118
-8.1798
-8.912712809464352
-10.340666834711383
-12.54231997454247
-12.815030664299597
-10.707183648959857
-9.132705806911295
-11.161455220888794
-8.68641737166241
-8.04815642776454
-8.348709705265653
-9.855497452528263
-8.531614455331784
-9.30303478652939
-11.228918616375648
-10.707183648959857
-11.52797203513727
-9.952074918736264
-9.27043745689118
-10.0884306642996
-7.943695160273546
-8.701943434949879
-10.236526602795735
-10.00286224806851
-11.830418435489246
-10.707183648959857
-8.380914024674874
-12.2697
-9.374253057869572
-11.751358014174567
-10.558386993792661
-11.340963821085861
-10.9064
-10.224801988632713
-7.645395844588333
-7.9573620974938315
-8.234598775304184
-9.406264835841226
-7.907141192619206
-10.770034922143951
-10.496005806911294
-9.952074918736264
-12.678674918736265
-11.117577842048563
-12.951401988632712
-9.343883648959858
-9.343883648959858
-9.228928985484998
-8.861445817325126
-8.955021780322053
-10.217729034556472
-12.13333492214395
-12.13333492214395
-10.698785300102578
-8.886749264562807
-9.172498337808792
-10.115981022732303
-9.930272641622677
-8.452457508135764
-9.057729948888616
-9.798155220888795
-8.836209945764477
-11.451730664299598
-11.042751045876413
-10.0884306642996
-8.1798
-8.1798
-8.1798
-8.861445817325126
-12.40926498644374
-9.440106827533562
-11.921686993792662
-12.332081186881368
-10.94936719623642
-8.279516248688884
-11.053507428152066
-8.944157738501202
-11.859305806911294
-9.135673600930646
-12.406051045876413
-9.543099999999999
-11.72435323151567
-11.451730664299598
-7.115012341577811
-11.588101988632712
-8.452457508135764
-10.555106798880841
-12.2697
-10.224801988632713
-11.042751045876413
-10.217729034556472
-12.769392454508349
-10.9064
-8.1798
-9.660597575045278
-11.997000100907245
-10.224801988632713
-8.706249444236354
-10.925656125381465
-10.361053231515669
-8.059644070274539
-7.880083421932989
-7.712975159235086
-8.350128979618095
-8.977366834711383
-8.316128684206275
-8.493362675417892
-13.433783648959858
-8.950652213130176
-8.390977842048564
-10.224801988632713
-8.561521134729007
-12.54231997454247
-10.633700100907244
-11.860787844398962
-9.771440599307587
-11.860787844398962
-11.619240593440683
-11.72435323151567
-12.295415515758517
-9.965455684097126
-9.065606876605035
-9.435152207263272
-11.588101988632712
-8.452457508135764
-11.997000100907245
-12.982540593440683
-7.762343214214891
-8.861445817325126
-13.57656935232379
-12.13333492214395
-7.361820253650936
-8.81506220961367
-10.439575159235085
-12.213269352323792
-12.842581022732302
-8.66588096614638
-9.543099999999999
-10.849969352323791
-9.134098817458387
-7.770810686943716
-9.27043745689118
-8.997776801796418
-11.406092454508348
-8.1798
-9.492076455357548
-8.69342424240054
-10.085611613822588
-10.497487844398961
-12.769392454508349
-11.562809945764474
-8.70913761419359
-12.982540593440683
-6.802458069112944
-9.679451045876416
-9.543099999999999
-8.7251157920004
-9.430238704647584
-10.72000885079567
-13.222605806911293
-8.624314873262149
-8.271858516615636
-6.971247194372355
-8.614363821085862
-10.199509945764476
