-11.161455220888795
-12.062416849772179
-8.80052681919476
-10.526375215821009
-10.558386993792661
-10.66633478652939
-9.317451830124266
-8.657861787117737
-9.161519173750134
-9.497533394144641
-11.208846400351979
-9.793618235721201
-12.31092670145252
-8.590194193088706
-8.625570597311176
-11.161455220888792
-9.255643607066206
-11.092613284776395
-8.95174158541023
-11.316794193088706
-9.19473328631804
-12.885765327898621
-10.996068739316934
-10.239762585710265
-9.132705806911295
-9.701704365455074
-8.98308739773685
-9.042283672865228
-11.797128254834243
-12.38662855211543
-8.873226602795736
-8.615598594561927
-9.156875434908452
-9.845546400351978
-11.815960286072938
-10.80051519006194
-11.932859520987328
-12.27568074550421
-12.502816531468678
-9.58606719623642
-9.999653168845583
-9.667862373762738
-9.253824638916084
-9.48131118302015
-10.936769408909713
-11.060598469778569
-9.447617376453646
-9.635850595791082
-8.407705410998998
-8.730509114613302
-8.652575379970074
-9.401584387220742
-11.955528985484998
-12.534531708357505
-12.8148133353206
-11.071025375332338
-11.3804940317432
-11.341619837279627
-11.439371783255503
-10.363888386177411
-12.874821312358367
-9.427797160292126
-10.798452207263272
-10.510995814329478
-9.902470648446252
-9.885035938206547
-8.590194193088706
-9.615432239057654
-10.181834792396293
-10.081427350996506
-9.235935856223131
-9.762797034597899
-12.680094193088705
-9.671528476294485
-8.73276463607318
-9.33966958371692
-12.297432437755878
-9.965455684097126
-10.070991768133984
-8.737301621240773
-9.418130436709802
-8.702658931915717
-12.02963478652939
-11.448911613822588
-10.078256566851442
-9.119531807282296
-10.592228985484999
-11.776556441157215
-9.061655313546481
-8.630620296724219
-9.900706818683826
-9.68266498644374
-9.886395262782447
-9.11808596122269
-12.161752207263273
-12.817815751772189
-12.623663545412496
-11.117577842048563
-11.637820552436219
-10.051807025983116
-10.974752609124934
-12.540955806911295
-11.98231368324918
-12.595670722023492
-8.860940515222046
-9.343883648959858
-11.955528985484998
-9.856861287171213
-13.315265300429434
-10.025401519150215
-12.460453410833328
-11.694379939768115
-9.866607201293588
-8.743405527540997
-11.776556441157215
-12.572146400351977
-9.22028542077531
-8.959423835300552
-9.00058838617741
-10.564106747629129
-10.09027370755367
-10.255940593440684
-9.248401025413505
-10.936769408909713
-11.029407876337885
-8.546824523584013
-10.516122281493322
-9.667862373762738
-12.66717244353081
-12.054318814019291
-11.334828287763534
-11.660089455871152
-8.87418233127958
-11.553906414566669
-9.528480154311396
-11.676389177966552
-12.405307089829208
-10.278382466829378
-12.66565050737768
-11.192704209996615
-12.392707876337884
-11.316794193088706
-10.592228985484999
-9.750063776805627
-10.147992800703957
-8.650605083086303
-7.922233798088828
-9.886395262782447
-9.060343964910347
-10.426269573058779
-10.936769408909713
-10.542164782668172
-11.746010106585802
-10.074704405149685
-9.128281823684532
-9.218571747604514
-9.399257965103095
-9.82613240970703
-8.956119229509625
-10.363888386177411
-10.774282579266117
-9.406264835841228
-9.924606821666659
-8.875139605000122
-10.173191227686605
-10.9064
-9.216863020106306
-9.228195175179835
-8.649295185058252
-9.135673600930646
-10.64692079588444
-10.968781186881367
-11.372633062937359
-8.814971107340728
-12.2697
-9.754277842048563
-9.552048386962605
-9.775810166499463
-9.737598607615253
-8.798366559235639
-10.340666834711383
-9.200041614062952
-8.575574347400101
-9.196733931341884
-8.78059538873047
-10.318321780322053
-12.362056021596548
-10.453186647597056
-8.60518420050689
-12.114361027800088
-12.365923178573704
-9.358873656378043
-8.256833926465209
-8.760523172706801
-11.841358685831205
-8.735785426642215
-9.146179619730919
-9.811978580309448
-10.82108752876643
-11.448126308505865
-8.806468827017602
-8.832632450486287
-10.32938890006195
-11.117577842048563
-11.816486647597054
-10.798452207263272
-9.965455684097126
-8.433945038284984
-8.846160997940762
-12.771965305758505
-9.011342794877462
-8.869419041974657
-9.161519173750134
-12.635137344057755
-11.002623178573705
-11.44155656685144
-11.536491227686605
-9.016185960264794
-9.473363766147484
-11.434291768133985
-9.784647250958278
-10.82365063424592
-10.774282579266117
-8.984238172962446
-9.22200406833094
-9.514212628577953
-9.584326701452518
-8.730509114613302
-9.089886647597055
-12.172853580309397
-8.654552255486696
-8.905609869657832
-9.272270793355036
-9.886395262782447
-9.450142214681458
-9.403919986569713
-8.803914946707689
-11.076728979618094
-9.660597575045278
-8.3994970345979
-9.128281823684532
-9.246604138853183
-10.563341614062951
-11.156918235721204
-12.00685148360171
-9.250203381956574
-9.380968521172619
-9.066929946802937
-8.847073987585325
-9.281713954728417
-9.083041789082449
-8.706970166987771
-8.308596338168499
-8.57326831267508
-9.865618616375647
-8.8452494139775
-8.971701014755364
-10.173191227686605
-11.619240593440683
-10.02918096614638
-8.618696841648475
-9.694014988973146
-9.736231229509434
-11.076728979618094
-11.208846400351979
-11.51957368627999
-11.590353222018637
-10.952558975756876
-9.00058838617741
-8.42581575267577
-8.4842232758686
-8.760523172706801
-9.686424196959196
-8.855354873161358
-11.930192433423372
-9.667862373762738
-11.874295814329479
-9.850501020622268
-9.128281823684532
-9.30303478652939
-8.646033062937358
-12.010220795884441
-12.04970700255306
-9.713428979618095
-10.75106102780009
-9.0695849901184
-12.059105332472074
-12.332081186881368
-11.353428990276235
-9.163075215821008
-9.22028542077531
-11.114649807237248
-9.255643607066206
-9.228928985484998
-10.099824111053616
-9.447617376453646
-10.094533303828339
-9.246604138853183
-10.485734134991963
-11.955528985484998
-12.075817790274883
-12.626120296720341
-12.22576221164347
-10.115613255340751
-8.590194193088706
-10.72588693094555
-9.635850595791082
-8.897595213710973
-12.480877842048564
-9.126814478033419
-8.427826865564771
-9.323107002553058
-8.454299575064464
-8.755022780566255
-9.582892530897498
-9.514212628577953
-12.777343496896332
-9.279813235063363
-9.04610762803393
-9.408619008593606
-9.598938869848652
-7.330124242400542
-11.809994004274014
-12.923134676161894
-8.590194193088706
-12.028649638087504
-11.161455220888794
-10.363888386177411
-9.195086993792662
-11.803028110327917
-9.62216042131468
-10.968781186881367
-9.343883648959858
-10.75106102780009
-10.60990413885318
-10.246154029018527
-7.522473050545807
-7.31344500796723
-11.260363545412497
-11.413140319058208
-9.576593815459322
-9.17408354268392
-8.790477237041657
-8.876098428962187
-9.363227158839628
-8.607008774114716
-8.468590059623246
-8.806468827017602
-10.1238231727068
-9.543099999999999
-8.774097944460456
-10.439575159235085
-12.114361027800088
-10.131770589579466
-11.076728979618094
-10.968781186881367
-9.460350634245922
-9.387761027800089
-11.448911613822588
-9.58606719623642
-9.897063545412497
-9.408619008593606
-10.286310002350397
-10.60714226407599
-11.038517420733882
-11.002623178573705
-8.817664735418006
-10.32938890006195
-10.849969352323791
-8.420013250392792
-11.038517420733882
-9.713428979618095
-11.770189812261078
-10.98886318100395
-11.077519465624738
-11.157972394439893
-8.726768902129844
-10.296789455871153
-8.863753222018637
-11.72435323151567
-7.080734841467766
-8.611901972768976
-7.916513235063363
-9.29910072775522
-7.529340593440684
-10.871900513884539
-8.722311613822589
-8.029033047949033
-9.134098817458387
-10.497487844398961
-7.865628985484999
-9.865618616375647
-7.407093949150176
-10.115981022732303
-8.766872549021807
-11.328755684097127
-8.071852207263273
-8.68641737166241
-8.350128979618095
-8.854429034556471
-8.482246400351977
-9.406264835841228
-9.68266498644374
-9.00058838617741
-11.448911613822588
-10.164672035137269
-7.159795262782446
-9.522951603765963
-12.542319974542472
-7.170463545412497
-9.399557499628783
-10.849969352323791
-7.472909945764476
-7.980583648959858
-9.103818435489247
-7.600558864780866
-8.290120836663698
-10.131770589579466
-8.707691768133984
-8.906619373171242
-10.070991768133984
-7.3972231727068
-9.941769578925683
-9.605481186881368
-8.514696913925167
-7.539291645616971
-8.1798
-12.39081883200479
-11.38181268351633
-8.993525793481007
-8.836209945764477
-11.545134792396293
-10.236526602795736
-7.614066834711383
-8.836209945764477
-7.455234792396293
-9.798155220888795
-11.427115029752404
-10.64692079588444
-7.099532409707031
-7.1390186163756475
-10.318321780322053
-9.264823227645177
-9.48131118302015
-10.388058014174566
-12.114361027800088
-8.578469578925683
-10.413256441157214
-11.48240542928191
-9.605481186881368
-8.912712809464354
-7.620017373916544
-8.390977842048564
-8.957218716672717
-9.195086993792662
-7.93973478652939
-10.217729034556472
-8.31414187044068
-11.997000100907245
-9.435152207263272
-8.1798
-9.228928985484998
-10.849969352323791
-8.590194193088706
-12.40926498644374
-10.147992800703957
-9.04738778781304
-9.639323178573704
-9.343883648959858
-6.8165
-10.199509945764476
-8.498249365531665
-9.561134094674827
-10.467118435489247
-9.97766382108586
-9.228928985484998
-9.103818435489247
-12.406051045876415
-8.67949245450835
-9.845546400351978
-9.415738216618324
-11.495070589579464
-7.637288386177411
-9.745879493191284
-8.383413987574926
-11.271227587233346
-8.741873641389718
-11.860787844398962
-8.596144732293865
-7.405170589579465
-7.1507718140953145
-9.646330049311835
-12.332081186881368
-9.789115752675771
-10.082658621829943
-9.918994706973244
-8.1798
-7.509926602795735
-10.75106102780009
-11.131268016524965
-7.9015232276451774
-9.132705806911295
-7.509926602795735
-12.029634786529389
-9.875915809261691
-8.284441429401344
-8.952832965750924
-9.243026643574993
-7.4190947575249755
-9.815719974542471
-12.951401988632712
-12.542319974542472
-7.570189455871152
-11.830418435489246
-8.002115973410758
-9.156875434908452
-9.543099999999999
-10.131770589579466
-10.056724242400541
-10.255940593440684
-9.138656346116454
-10.968781186881367
-9.012549877185833
-12.406051045876415
-10.388058014174566
-8.242181186881368
-8.749573017342467
-10.112873017342467
-10.236526602795736
-7.472909945764476
-9.01740296720342
