-8.590194193088706
-9.605481186881368
-12.332081186881368
-12.213269352323792
-8.590194193088706
-8.590194193088706
-8.935003714076034
-11.681621780322052
-8.590194193088706
-8.590194193088706
-11.706407346771478
-12.480877842048564
-8.590194193088706
-9.959444732293866
-10.758553646498834
-10.085611613822588
-10.560033931341883
-9.784647250958278
-11.399247595993742
-12.240812628577952
-11.816486647597054
-10.66633478652939
-9.201702410852285
-9.059035514284611
-12.524755220888794
-12.088380579807389
-9.218571747604514
-8.590194193088706
-11.859305806911294
-10.246154029018527
-12.692055684097127
-8.86187660026633
-8.671288069180136
-12.891272035137268
-12.446231240619035
-8.590194193088706
-12.572146400351977
-11.993033287129075
-12.213269352323792
-9.462930480014736
-12.401817420733883
-12.78332424240054
-11.39248096614638
-8.836209945764477
-8.590194193088706
-8.73276463607318
-12.680094193088705
-8.80137203513727
-9.470738157999053
-10.192590835699049
-9.413355623193087
-12.029634786529389
-10.238439605000123
-12.114361027800088
-11.727188386177412
-9.310982203402054
-12.161752207263273
-8.722311613822589
-8.590194193088706
-8.56300088195594
-12.186950634245921
-12.572146400351977
-8.590194193088706
-10.369838925382572
-9.108062709342981
-12.332081186881368
-9.218571747604514
-9.924606821666659
-9.039748021592752
-12.01677834437524
-11.991423227645177
-11.938366228225975
-11.218797452528264
-7.93835489055927
-8.590194193088706
-12.75578096614638
-9.156875434908452
-12.623663545412496
-12.365923178573704
-8.590194193088706
-11.117577842048563
-11.117577842048563
-11.681621780322052
-9.310982203402054
-12.480877842048564
-12.440028979618095
-11.97320413885318
-9.80272724103774
-8.590194193088706
-8.590194193088706
-8.590194193088706
-8.611041836432614
-9.503041095881754
-9.115204818470733
-12.440028979618095
-12.2697
-12.572146400351977
-8.699802117363827
-8.64733575579991
-8.788818766301292
-9.056427256026064
-9.329263803271253
-9.771440599307587
-8.931378674073404
-12.161752207263273
-9.517814749850023
-9.23417634923081
-12.2697
-12.623663545412496
-12.623663545412496
-10.575066228225975
-9.503041095881754
-8.590194193088706
-8.590194193088706
-7.9015232276451774
-12.480877842048564
-12.332081186881368
-11.938366228225975
-9.016185960264794
-8.590194193088706
-12.742475379970074
-11.802875159235086
-12.010220795884441
-12.524755220888794
-12.114361027800088
-8.590194193088706
-8.887727090824995
-10.48138596122269
-10.139826137886487
-8.663865965901406
-7.208084598597359
-6.568643893906519
-11.97320413885318
-9.935993204648144
-11.117577842048563
-9.372031390470381
-8.590194193088706
-11.208846400351979
-11.366162248068509
-11.78956957305878
-12.891272035137268
-9.865618616375647
-12.029634786529389
-9.17408354268392
-10.426269573058779
-11.536491227686605
-9.329263803271253
-11.049112314899254
-12.572146400351977
-11.002623178573705
-10.26589164561697
-9.365415973410757
-12.742475379970074
-9.310982203402054
-9.406264835841226
-9.983863601998419
-10.728715973410758
-9.1066445681448
-9.083041789082449
-9.503041095881754
-9.410982579266117
-10.227053222018636
-8.496225180082536
-12.891272035137268
-11.208846400351979
-10.774282579266117
-8.902591645616969
-8.590194193088706
-12.524755220888794
-12.680094193088705
-12.114361027800088
-8.590194193088706
-12.742475379970074
-13.09048838617741
-8.881884211165032
-11.938366228225975
-11.703966834711384
-8.77733775373281
-10.48138596122269
-8.590194193088706
-8.931378674073404
-11.660089455871152
-12.401817420733883
-8.649295185058252
-9.007736243621098
-8.943082218374066
-9.025992787650631
-12.300069408909714
-11.434291768133985
-8.570971224761006
-9.953494193088705
-8.784692800703956
-9.671528476294485
-12.161752207263273
-9.09126516665327
-9.50028084068576
-9.213460288515256
-10.1238231727068
-9.076275159235085
-10.139826137886487
-11.52797203513727
-12.572146400351977
-7.769405806911294
-12.365923178573704
-8.590194193088706
-12.982540593440683
-12.332081186881368
-11.90546478266817
-12.680094193088705
-11.982243607066206
-8.590194193088706
-8.724536063529385
-8.705529597743817
-9.022296165857682
-9.748297096544352
-11.536491227686605
-13.034057738501202
-9.123890651512918
-12.240812628577952
-10.296789455871153
-11.52797203513727
-11.84324363732506
-8.590194193088706
-8.590194193088706
-8.631889479776522
-11.038517420733882
-12.680094193088705
-10.48138596122269
-11.97320413885318
-9.953494193088705
-11.44155656685144
-12.186950634245921
-11.536491227686605
-8.590194193088706
-8.722311613822589
-12.572146400351977
-13.055988900061951
-11.938366228225975
-8.755022780566255
-8.778150483671242
-11.52797203513727
-9.750063776805627
-12.186950634245921
-11.859305806911294
-8.695542576206494
-12.070483648959858
-7.931943893906519
-7.187388887577579
-9.625553402905037
-8.624942402379906
-12.332081186881368
-8.70245513099631
-10.877512628577954
-12.524755220888794
-13.078763772014389
-8.631889479776522
-9.248401025413505
-8.971701014755364
-7.245715913497095
-8.141010808086493
-10.558386993792661
-8.04958025290085
-8.1798
-8.1798
-8.861445817325126
-7.359011613822588
-8.618075893854613
-7.886903381956573
-9.20839257996897
-9.754277842048563
-7.980583648959858
-7.1268938172246425
-7.769405806911294
-9.675217420733883
-7.020113987574926
-7.491129034556471
-8.784692800703956
-11.58102903455647
-8.703375294576828
-10.705950077988598
-12.161752207263273
-8.977366834711383
-7.010998607615252
-8.187547425765484
-7.980583648959858
-7.041368016524965
-7.7997752158210085
-8.24879660394099
-8.1798
-10.478504818470734
-7.181327587233347
-7.627607214032725
-8.406401762030821
-5.655979493191285
-7.020113987574926
-9.72137639649076
-8.1798
-7.019279493191284
-7.760007614865922
-10.000293594724335
-8.156578448533972
-8.1798
-8.003336745588486
-9.178864782668171
-7.027677842048563
-8.1798
-9.653420836663699
-10.526375215821009
-9.567269627997156
-7.865628985484999
-7.75478596122269
-8.278116546696147
-9.918994706973244
-6.828461491008421
-7.383181241819745
-9.470738157999053
-7.865628985484999
-8.861445817325126
-8.1798
-7.225711228325183
-9.343883648959858
-8.408140599307588
-7.71946963386406
-7.30258096614638
-7.666412634444857
-10.707183648959857
-8.1798
-8.1798
-8.1798
-8.311917420733883
-11.931638045968947
-11.495070589579464
-9.415738216618324
-9.378721559587065
-7.763514478033418
-9.27043745689118
-7.553510221437841
-8.3994970345979
-9.264823227645177
-7.2388556840971265
-6.576434786529389
-8.086842214681457
-8.890670296556914
-7.529340593440684
-8.619318441356151
-8.390977842048564
-11.859305806911294
-9.543099999999999
-8.071852207263273
-9.667862373762738
-8.042964835841227
-6.406105806911294
-6.8165
-8.245479655953817
-7.912730003870491
-7.4711184960855626
-10.340666834711383
-7.769405806911294
-10.628123227645178
-7.027677842048563
-8.1798
-8.250128603754032
-8.367756290582536
-8.1798
-8.1798
-6.377218435489247
-8.1798
-8.1798
-8.671288069180136
-7.491129034556471
-8.512615809261693
-10.35917064275252
-8.573843979873741
-8.41514747004572
-8.071852207263273
-7.769405806911294
-7.769405806911294
-7.010998607615252
-10.526375215821009
-8.309701297121574
-8.452457508135764
-7.642044023529619
-8.156578448533972
-7.865628985484999
-11.109179493191284
-12.480877842048564
-11.660089455871152
-5.655979493191285
-8.1798
-7.057157583372128
-9.771696797362166
-8.590194193088706
-7.330124242400542
-9.44510325943956
-11.495070589579464
-7.010998607615252
-10.860833394144642
-9.582892530897496
-7.969688850864246
-7.7997752158210085
-9.827088138190874
-12.096418028389257
-9.751745805400473
-8.43176629188093
-10.798452207263272
-7.181327587233347
-7.293103313568912
