-8.833234676161895
-12.010529007087284
-8.722311613822589
-10.776182063927262
-11.328900842460328
-9.966231379383443
-11.156750717441632
-10.464703852961405
-8.490586017568635
-10.070991768133984
-8.770072955015353
-9.514212628577953
-10.565600994316357
-11.189914130830005
-10.786367393264694
-10.846067241697266
-10.958015024655918
-8.659190797029694
-9.713428979618095
-10.111000371397086
-10.271129462059136
-10.35313471295106
-12.223969047112105
-9.71928891841441
-11.47164732867841
-11.294427882986618
-10.432922366146933
-10.363888386177411
-10.07650206942659
-10.067904902586967
-8.590194193088706
-9.30303478652939
-9.679898064362902
-8.492197452528265
-9.132705806911295
-10.449514984342951
-10.720308682897754
-10.826378262176462
-9.628264489809048
-9.89776508850739
-9.907674626315998
-11.703966834711384
-10.40792752642204
-10.60265389483855
-12.358009100928976
-7.980583648959858
-10.309914489809048
-8.03337281182975
-10.501956346116454
-13.012910002350397
-9.91343528897046
-11.359761389325124
-13.803328979618096
-11.159925162366099
-13.284986993792662
-13.252975215821008
-7.359011613822588
-11.448911613822588
-10.974329062923474
-13.23759581432948
-11.118424266305913
-10.843794657809616
-8.490586017568635
-9.352402841509193
-8.700515029752404
-11.687129482059165
-9.928753598939046
-11.978611241886936
-13.695381186881367
-11.15770592177588
-7.690530437533479
-9.30303478652939
-9.30303478652939
-7.637288386177411
-7.529340593440684
-8.350128979618095
-9.419039121931837
-10.75607812250379
-10.7739985202324
-12.77631737166241
-10.180095955119528
-8.80137203513727
-9.573469408909714
-8.64733575579991
-8.590194193088706
-10.695427678837946
-9.953494193088705
-8.722311613822589
-10.25026666992286
-9.897063545412497
-7.529340593440684
-11.042229493502635
-8.1798
-8.047682579266116
-10.496005806911294
-8.151759052835303
-10.535536017568635
-10.189881883073742
-11.416037078731067
-8.682550214685254
-11.562464266901321
-13.002612809464352
-8.8278077242356
-8.892640593440685
-11.58102903455647
-11.52797203513727
-8.74494138746106
-10.66633478652939
-8.652575379970074
-7.673923183364942
-8.699090062356563
-9.543099999999999
-9.26667635487685
-10.291923191019594
-8.533763545412496
-10.774282579266117
-7.699669573058779
-7.93973478652939
-8.350919465624738
-10.054309659872699
-8.43661212120027
-10.035947595993743
-8.47245983592982
-12.972754029018526
-8.590194193088706
-7.93973478652939
-11.859305806911294
-11.678350621805693
-11.78956957305878
-11.911972481443549
-7.226894193088706
-11.682719229509624
-11.521045484248388
-8.80137203513727
-7.359011613822588
-10.997586342976641
-8.2534717728127
-11.852899814032174
-14.043394193088705
-6.342984990118401
-8.722311613822589
-10.707183648959857
-11.194226554663373
-8.507444827334627
-9.69432320017599
-9.98287137018201
-9.713428979618095
-13.633
-10.307457738501203
-10.318321780322053
-10.75106102780009
-8.760523172706801
-10.49232828342572
-8.590194193088706
-8.977366834711383
-8.482246400351977
-11.649610002350398
-11.32156908424298
-10.085611613822588
-10.991564489809047
-10.563911244474593
-11.41301737166241
-9.25571368324918
-11.057314988973147
-10.759972811829748
-10.04971737166241
-8.882854029018526
-8.533763545412496
-9.514212628577953
-8.961404741395967
-6.074772035137269
-11.057623200175989
-8.80137203513727
-9.755547932633242
-7.0780010675626555
-9.264823227645177
-6.820073928721843
-7.549412809464353
-11.208846400351979
-9.996461389325127
-13.57656935232379
-11.013164827973204
-10.682907708457046
-8.590194193088706
-7.848466228225974
-8.590194193088706
-7.6596646224197675
-8.492197452528265
-9.543099999999999
-11.260363545412497
-9.30303478652939
-8.631889479776522
-7.7997752158210085
-11.41301737166241
-11.69268890006195
-9.103818435489247
-8.944157738501202
-9.00058838617741
-9.30303478652939
-9.00058838617741
-8.590194193088706
-9.30303478652939
-9.732185496959648
-11.076728979618094
-7.226894193088706
-10.253970296556913
-11.038517420733882
-7.25029389390652
-8.1798
-8.242181186881368
-7.244928287763534
-12.823526500641826
-8.925091107013873
-9.737598607615253
-9.044830230198237
-10.798452207263272
-10.944600191288059
-10.619013683249179
-11.58102903455647
-10.183928160518736
-11.46429793907488
-11.013443067083369
-12.2697
-11.218797452528264
-7.570189455871152
-8.1798
-10.650753001283649
-10.181834792396293
-12.029634786529389
-11.340963821085861
-8.242181186881368
-5.4532
-8.680870973564565
-11.356333484603736
-11.619240593440683
-9.829388200651646
-10.955768054979803
-10.199509945764476
-8.390977842048564
-8.482246400351977
-10.798452207263272
-12.114361027800088
-13.089542580792742
-10.620037676365225
-11.353428990276235
-13.016300648560787
-7.980583648959858
-10.707183648959857
-9.246604138853181
-10.48370101272421
-8.616835948548697
-9.06296957305878
-10.296789455871153
-10.363888386177411
-9.845546400351978
-10.131770589579466
-9.012549877185833
-8.854429034556471
-12.029634786529389
-9.343883648959858
-10.403892635100316
-10.798452207263272
-6.538223227645177
-9.675217420733883
-11.239215809261692
-9.47600106969374
-11.615306534666518
-6.026081022732303
-6.878881186881368
-9.261134283205779
-6.878881186881368
-10.977964064297442
-10.849969352323791
-10.04279245450835
