-8.304562373762737
-6.846869408909714
-7.541302084449105
-7.437226819194759
-7.434698386880264
-7.666412634444857
-6.218635215899894
-7.555569610182548
-7.680255582413832
-8.892640593440683
-9.543099999999999
-6.875600991969546
-8.923010002350397
-9.132705806911295
-8.652575379970074
-8.276023178573704
-7.766452814918647
-8.578469578925683
-8.350128979618095
-8.102221616172987
-8.074324334726109
-7.826873491176974
-8.269098261419645
-7.192394706973244
-7.61066084065595
-8.319364986443741
-7.339358931915718
-7.885101025413506
-7.273693594724334
-8.25886042131468
-7.366459179532446
-8.386763776805626
-10.32938890006195
-8.897595213710973
-11.038517420733882
-7.696615370824459
-9.024758014174568
-8.944157738501202
-8.74494138746106
-7.826873491176974
-7.539291645616971
-7.920320795884441
-7.426347420974247
-7.746184255445268
-8.462832409707032
-6.693932361574668
-7.7620507599401485
-9.259298394394712
-8.057713918060896
-10.75106102780009
-8.034566486983948
-7.835085462865111
-6.9268208366636985
-6.990789353362252
-7.60952984954379
-6.99477639649076
-6.8214613250004374
-7.435203210273512
-7.0900590289299315
-8.596144732293865
-7.627890194132039
-9.387761027800089
-8.253723991589709
-7.812373003147715
-7.364215056818615
-6.975104365455072
-8.134233394144642
-6.9560649864437405
-7.126907384433046
-8.416912221477963
-7.229861987108058
-7.615206534133903
-7.843412937233487
-8.55346467169216
-7.456106129812097
-11.379175379970073
-9.024758014174568
-8.487201020622267
-6.898953402905038
-6.825448386962605
-7.280136244444773
-7.446591227686604
-6.963607428152068
-7.988815400686674
-7.259714033529153
-8.33399846977857
-7.42511195729665
-7.32696098869077
-9.147695814329479
-8.225958975756877
-6.933997575045279
-7.863890148208234
-8.761313658713444
-7.539291645616971
-7.3436701669877715
-7.3972231727068
-7.203672641622678
-6.862658975756877
-7.4474499278620385
-7.4448775545158075
-7.802899622370616
-7.631397057299535
-7.739110411835939
-7.040503043884376
-7.35532266938319
-7.63374655906196
-7.521498443466186
-8.737301621240773
-7.94171166204601
-6.944928476294485
-7.8569854207753105
-7.841738045968949
-7.1239010206222675
-6.892186773057675
-11.117577842048563
-11.076728979618094
-8.330714988973147
-8.672647595993743
-7.256640694347929
-8.045319008593605
-7.099532409707031
-11.161455220888794
-8.62056360199842
-9.427797160292126
-10.413256441157214
-8.583716942671494
-8.262253402905037
-7.727965166653271
-7.680255582413832
-8.008953182444195
-8.988863772014389
-7.586264841534959
-11.510380513900044
-7.7997752158210085
-7.801335358139233
-8.156578448533972
-8.492197452528265
-11.727188386177412
-9.990128990276236
-8.43942724103774
-9.20839257996897
-10.9064
-8.319364986443741
-6.933997575045279
-7.623246455290356
-8.902591645616969
-12.680094193088705
-7.286649771821642
-7.486521434126445
-9.147695814329479
-9.365415973410759
-11.727188386177412
-9.80272724103774
-11.859305806911294
-10.849969352323791
-9.675217420733883
-8.012067025587044
-7.0900590289299315
-8.185750539205161
-6.7235422146814585
-9.771440599307587
-9.103818435489247
-7.9508912826249825
-7.814765223239193
-7.609642851484621
-10.413256441157214
-7.302580966146381
-6.663442624716735
-8.863753222018637
-6.736330480014735
-8.626828990276236
-8.714956566851443
-7.8400678793686955
-8.722311613822589
-9.492076455357548
-9.00058838617741
