-6.162596864853694
-7.260388008548026
-6.554872255779438
-11.4945509811511
-9.636174336823405
-11.128250039241138
-11.739270733212654
-11.558044368091796
-11.695607754831851
-9.259676083676307
-7.673923183364942
-10.021394194221596
-11.988111407521231
-11.988111407521231
-11.904267059522894
-7.31619245450835
-7.381641387461061
-7.148796674053353
-11.778428668131088
-10.558386993792661
-6.138564602108145
-11.49857875530461
-7.222176449663816
-7.310710251755594
-10.635383487538228
-10.40197543052869
-7.093357498002381
-7.344391768133985
-11.291586761789308
-6.8129581728845485
-11.713785193233377
-7.5060820497110115
-6.323356441157215
-5.465161491008422
-5.863594193088706
-6.349675159235085
-8.70909702925669
-6.892186773057675
