-6.010701621240773
-8.408140599307588
-8.676308697285334
-9.387761027800089
-7.66449683245533
-7.446591227686604
-6.661161027800089
-5.872916590462051
-9.823021276979626
-8.69342424240054
-8.818534792396292
-7.980583648959858
-6.3632866475970555
-9.284770509919579
-7.4296736862799895
-7.1491493208780685
-8.626828990276236
-8.650835458788906
-7.7211044448443
-8.390977842048564
-6.846869408909714
-7.93973478652939
-9.543099999999999
-7.84646978466568
-6.03148581997281
-6.3632866475970555
-8.462832409707032
-7.104326554663374
-10.375849877185832
-7.938330172878734
-9.713136813925862
-9.28547631799877
-6.049926137886488
-7.149315809261692
-8.8452494139775
-6.408914149295226
-7.637288386177411
-9.766073305699113
-7.027677842048563
-6.186112809464352
-8.350128979618095
-6.106924799814479
-7.198926280116488
-8.849225071183428
-6.625802841509193
-6.368015219184492
-8.752385059883261
-10.102121708512662
-9.352231250820505
-10.265690976688704
-10.074758337075371
-6.228421780322053
-9.134098817458387
-9.747633291922078
-10.48370101272421
-8.793290655608264
-10.442813491832222
-8.766011397200653
-8.752385059883261
-8.834186005252274
-9.611232408236749
-9.27043745689118
-8.766011397200653
-9.529462945372579
-8.411563605678863
-9.58397000829619
-8.138900616105484
-9.88396851175163
-9.924832416513045
-9.733991390509432
-9.693098938763832
-10.061110517374319
-7.5799477212580255
-7.79807622308894
-8.288866684386754
-9.24316932912025
