-9.884284480984698
-10.526375215821009
-10.181834792396293
-11.52797203513727
-7.673923183364942
-7.983338963641858
-9.771440599307587
-10.849969352323791
-8.566972641622678
-8.872272414567973
-10.070991768133984
-8.23498859667271
-9.558090007418183
-11.842755088578802
-10.575066228225975
-10.222538008386618
-12.029634786529389
-10.707183648959857
-11.448911613822588
-10.118229557897449
-9.140153372621151
-10.165640267671971
-10.75106102780009
-8.835313543371932
-8.48869552793791
-10.276012809464353
-7.870525074425383
-9.43762433472611
-8.309701297121574
-8.501808427919107
-9.789878763230677
-11.371242127722633
-9.947602864210827
-12.480877842048564
-8.150912628577952
-7.62681840890272
-8.316001984025885
-11.354637579617542
-8.489693966061836
-8.281270542319515
-8.79297368627999
-10.373516448868145
-10.352163772014388
-11.038517420733882
-11.859305806911294
-11.727188386177412
-10.60990413885318
-9.784647250958278
-9.810442903955154
-10.04279245450835
-8.13698084068576
-8.255486773057676
-10.936769408909713
-11.117577842048563
-10.15627368627999
-11.590353222018637
-8.776526137886488
-11.410772338379973
-11.619240593440683
-11.944470296720342
-7.366684060335496
-11.117577842048563
-10.575066228225975
-11.69755886288622
-11.637908124344442
-11.028065303362887
-10.572659411443606
-11.170634841467766
-11.505860779793533
-10.658543893906518
-11.316794193088706
-11.97320413885318
-12.029634786529389
-9.73782711926966
-11.727188386177412
-8.56640361354699
-10.413256441157214
-9.35670885079567
-12.30633479718753
-10.33612984954379
-8.091924423286942
-9.784647250958278
-7.226894193088706
-7.959807002553058
-8.652575379970074
-11.185150810620385
-10.409088796066262
-10.860148353556559
-9.277945794619738
-10.21417432657968
-9.435152207263272
-7.740800442480613
-7.226894193088706
-12.2697
-11.619240593440683
-10.363888386177411
-11.002623178573705
-10.798452207263272
-7.663930141637403
-9.34177286716211
-8.744172959491836
-9.109484255445267
-9.941769578925683
-11.038517420733882
-12.2697
-8.539170648446254
-8.324256630203076
-10.542078298053596
-11.727188386177412
-10.877512628577954
-9.489366731327172
-11.379175379970073
-9.608779655953818
-11.448911613822588
-8.96274698902278
-10.64692079588444
-10.227053222018636
-10.002897226131243
-7.69386943966743
-8.23498859667271
-9.138656346116454
-7.656767012007977
-10.344092535688734
-12.06837286716211
-12.085473656378042
-10.488650759940148
-12.121232366051151
-10.076213421777217
-8.108224618597992
-10.255940593440684
-12.680094193088705
-11.161455220888794
-12.891272035137268
-9.83575983592982
-9.261134283205779
-9.272270793355034
-10.496005806911294
-9.51139992178136
-8.855354873161358
-11.549260808086494
-9.983863601998419
-9.48131118302015
-8.661189922172113
-11.619240593440683
-11.038517420733882
-8.212667613743436
-11.850618727322463
-9.678929493502633
-11.109179493191284
-11.24443235108776
-11.389126432146359
-8.661189922172113
-9.401584387220742
-11.213801020622268
-10.968781186881367
-10.199509945764476
-7.337215029752404
-10.236526602795735
-10.078256566851442
-8.992356842129567
-11.52797203513727
-9.329263803271253
-10.056724242400541
-8.544079624522158
-8.73427310483101
-10.575066228225975
-11.161455220888794
-10.139826137886487
-8.946314657706965
-10.66633478652939
-9.552048386962605
-11.002623178573705
-11.117577842048563
-10.968781186881367
-10.894675385836976
-8.308228476294484
-7.393995318112125
-11.673214489809048
-10.628123227645178
-7.573476111939597
-8.94739607109834
-9.897063545412497
-8.528405376108855
-8.076309495570529
-9.061655313546481
-9.325152164058704
-8.682944788879787
-8.867524404622927
-7.8354163227045
-8.012736413637068
-9.44259977297313
-8.1798
-7.93973478652939
-10.686407002553057
-10.774282579266117
-9.264823227645177
-8.599743975397256
-9.473363766147484
-8.291906882262973
-8.63252509300684
-9.44259977297313
-9.80272724103774
-10.286310002350397
-8.673328531856239
-8.862814167631177
-8.646684051092198
-8.658525919175235
-9.126814478033419
-8.880915979277662
-9.147695814329479
-8.358076396490759
-8.497236407770162
-8.142514279720674
-9.664218832004789
-9.462930480014736
-11.316794193088706
-9.68266498644374
-10.728715973410758
-7.491129034556471
-9.365415973410757
-8.53484102281119
-11.573606314288977
-11.898836017568634
-11.424079604908165
-10.26589164561697
-10.774282579266117
-10.526375215821009
-11.77913628692603
-10.48138596122269
-7.985893762286266
-10.774282579266117
-9.618786773057675
-8.831741444046983
-11.625426525690283
-11.77880341083333
-12.2697
-11.665423597186177
-10.839395484248389
-11.536553413766782
-11.310931886007193
-10.774282579266117
-9.838196366833056
-8.544627587233347
-8.420902250060081
-9.369818028389258
-9.11808596122269
-9.218571747604514
-11.859305806911294
-9.646330049311835
-11.316794193088706
-11.219009676161896
-10.276012809464353
-8.501808427919107
-11.859305806911294
-9.128281823684532
-8.30091883200479
-8.600345982228156
-11.97320413885318
-11.420024242400542
-10.2085494139775
-8.148942331694183
-8.659856422358013
-8.294057273248534
-9.195086993792662
-11.260363545412497
-7.949685838705675
-10.04279245450835
-10.217729034556472
-9.435152207263272
-8.637634714080079
-8.438968447006895
-8.65653575371423
-11.448911613822588
-9.462930480014736
-7.344391768133985
-11.399247595993742
-9.953494193088705
-9.907927587233347
-10.10824138746106
-9.092646902793048
-7.25732592882275
-11.52797203513727
-10.296789455871153
-11.316794193088706
-9.784647250958278
-11.52797203513727
-12.2697
-10.591973008959245
-13.09048838617741
-8.24879660394099
-9.435152207263272
-7.226894193088706
-8.819406129812096
-9.517038761233506
-9.277918597711633
-11.076728979618094
-12.53857858030945
-9.134187844398962
-9.401584387220742
-10.66633478652939
-12.680094193088705
-11.859305806911294
-7.5205254380423066
-8.390977842048564
-9.947602864210827
-9.33966958371692
-8.19936202756713
-8.964972832498338
-11.208846400351979
-11.314435321376259
-9.505814279720674
-11.161455220888794
-9.690207428152068
-10.276012809464353
-11.038517420733882
-9.059035514284611
-9.019844511558878
-12.680094193088705
-10.936769408909713
-9.03596479039988
-9.84063289773629
-9.635850595791082
-10.244646265448747
-11.783526367688069
-11.208846400351979
-8.8380068323248
-9.268535300413928
-8.572693204648145
-9.625553402905037
-11.316794193088706
-11.161455220888794
-8.943905032107498
-11.58102903455647
-11.316794193088706
-12.982540593440683
-11.727188386177412
-9.602200991969546
-7.908970793355035
-9.399257965103095
-9.30898532573455
-10.217729034556472
-9.907927587233347
-7.707616989931444
-8.471005704211137
-9.237700607655373
-9.745879493191284
-10.9064
-8.430318235721202
-9.767103043884376
-9.807334841467766
-8.43667979449662
-10.348806614452362
-9.912605860396086
-9.517038761233506
-9.140153372621151
-10.035947595993743
-10.10824138746106
-10.75106102780009
-10.035947595993743
-10.9064
-10.686407002553057
-9.268535300413928
-10.64692079588444
-8.766872549021807
-9.125350759940147
-10.82365063424592
-8.591973083762426
-11.208846400351979
-8.482740000770045
-9.860536407770162
-9.771440599307587
-9.32106888120422
-8.22563902240287
-10.496005806911294
-9.04738778781304
-11.619240593440683
-12.050059217744623
-12.007268476427305
-10.681722969888222
-11.117577842048563
-10.936769408909713
-7.226894193088706
-9.258217884146838
-9.558150736036852
-8.1798
-10.255940593440684
-11.52797203513727
-9.440106827533562
-9.478650173295147
-8.925091107013873
-9.741724573212586
-8.283030049311837
-8.942008648420488
-8.566972641622678
-8.358076396490759
-9.816659028929932
-10.375849877185832
-9.897063545412497
-8.945235215899894
-10.363888386177411
-8.619318441356151
-9.29910072775522
-9.462697833020776
-8.94978917796655
-10.789941321986538
-10.936769408909713
-8.340730787572722
-9.281713954728417
-9.612096603940989
-11.70298005675888
-10.48138596122269
-8.272550595791081
-10.834038157999053
-11.976209614754811
-10.453186647597056
-8.626199459470326
-8.055790037677038
-9.646330049311835
-9.053830437533477
-11.208846400351979
-8.487201020622267
-8.967207075403136
-8.985391189231766
-9.628965940693218
-11.448911613822588
-8.551797640087326
-11.379175379970073
-9.990128990276236
-10.246154029018527
-9.612096603940989
-9.567269627997156
-8.57788939890162
-9.70808503447732
-9.821376772354823
-12.2697
-7.6559331809241025
-9.907927587233347
-8.917839020423331
-9.784647250958278
-9.329263803271253
-9.066929946802937
-9.177266742110513
-8.993525793481007
-8.70913761419359
-10.936769408909713
-11.379175379970073
-10.10824138746106
-10.686407002553057
-8.872272414567973
-10.439575159235085
-9.185300429370505
-9.310982203402054
-10.936769408909713
-11.379175379970073
-9.697847194372354
-9.80272724103774
-11.260363545412497
-9.789115752675771
-11.002623178573705
-9.132705806911295
-10.936769408909713
-10.592228985484999
-9.592468054979804
-10.022490797029695
-8.680870973564565
-11.260363545412497
-10.255940593440684
-9.891705376108854
-11.117577842048563
-9.713428979618095
-10.936769408909713
-12.029634786529389
-10.936769408909713
-10.82365063424592
-11.002623178573705
-9.177266742110513
-8.142514279720674
-7.994273823436259
-8.43622312369328
-8.65719839918595
-8.29729757504528
-8.700515029752404
-7.525014562677901
-9.531375385836977
-11.859305806911294
-10.40052318336494
-9.376483093150656
-10.39363521476599
-9.881132351087759
-8.578469578925683
-9.508600513884538
-11.260363545412497
-10.26589164561697
-9.531375385836977
-8.492197452528265
-10.707561487981907
-9.918994706973244
-9.935993204648144
-8.572693204648145
-10.2085494139775
-12.680094193088705
-9.582892530897496
-10.070991768133984
-10.04971737166241
-12.029634786529389
-10.439575159235085
-9.97766382108586
-8.497236407770162
-8.453359028929931
-10.575066228225975
-10.04971737166241
-9.455224423286943
-10.40052318336494
-9.561134094674827
-9.281713954728417
-8.010508056971375
-9.380968521172619
-11.16604503117828
-8.183373928721842
-10.070991768133984
-11.161455220888794
-9.784647250958278
-8.984238172962446
-9.697847194372354
-8.87418233127958
-12.2697
-9.745879493191284
-10.849969352323791
-11.038517420733882
-11.316794193088706
-10.921390007418184
-9.898950419611444
-9.508600513884538
-9.97766382108586
-10.952558975756876
-11.260363545412497
-8.783050431642016
-8.89660096718484
-8.120684206373793
-9.365415973410757
-9.83575983592982
-9.457781980901746
-10.968781186881367
-10.707183648959857
-7.749466822451854
-11.283033348538098
-10.99573829073937
-11.720167420733883
-11.227513931255736
-11.558492103186897
-11.151127307201694
-11.600134813998578
-8.92197218671714
-9.012549877185833
-8.350128979618095
-10.40052318336494
-10.686407002553057
-9.032205579884426
-10.66633478652939
-11.859305806911294
-11.260363545412497
-10.82365063424592
-7.958990911910856
-10.798452207263272
-11.536491227686605
-11.727188386177412
-11.619240593440683
-8.729010193136322
-9.343883648959858
-9.639323178573704
-11.553181883073742
-9.793618235721201
-7.8649328376479755
-11.448911613822588
-10.592228985484999
-10.255940593440684
-8.512615809261693
-10.515567834478423
-10.774282579266117
-10.015875379970073
-10.10824138746106
-10.467118435489247
-10.04971737166241
-10.728715973410758
-8.89660096718484
-9.430238704647584
-10.085611613822588
-9.68266498644374
-8.197834094674828
-11.038517420733882
-11.379175379970073
-11.859305806911294
-12.029634786529389
-10.774282579266117
-10.75106102780009
-9.43762433472611
-12.029634786529389
-8.748025111448577
-10.958015024655918
-9.055127423084281
-8.47733289773629
-9.447617376453646
-10.32938890006195
-10.82365063424592
-11.038517420733882
-7.583122710206066
-9.870744827334626
-8.403803043884377
-10.809767094082508
-9.48666935232379
-9.31499627753781
-8.809891227686604
-8.06279405015117
-10.26488898040329
-10.34294843162803
-8.65719839918595
-9.566653205591471
-9.095420086631968
-9.639323178573704
-10.227053222018636
-11.379175379970073
-10.48138596122269
-9.891705376108854
-8.24879660394099
-9.178864782668171
-9.789115752675771
-11.316794193088706
-11.002623178573705
-9.147695814329479
-12.029634786529389
-11.859305806911294
-11.651691107013875
-10.352163772014388
-9.935993204648144
-9.983863601998419
-9.82613240970703
-9.32106888120422
-9.378721559587065
-10.318321780322053
-10.164672035137269
-8.390977842048564
-12.2697
-10.26589164561697
-10.707183648959857
-7.347867748766627
-8.1798
-10.022490797029695
-9.455224423286943
-8.23498859667271
-11.859305806911294
-9.215159209816331
-11.011988921024281
-10.778576500641824
-10.64692079588444
-8.23239462245921
-11.448911613822588
-10.00286224806851
-11.260363545412497
-8.822904359588168
-9.056427256026064
-9.435152207263272
-10.592228985484999
-9.473363766147484
-10.286310002350397
-10.413256441157214
-10.236526602795735
-7.539693187624343
-10.60990413885318
-11.727188386177412
-9.066929946802937
-10.131770589579466
-10.296789455871153
-11.002623178573705
-7.992113756585131
-11.916254972882237
-11.316794193088706
-10.686407002553057
-8.95392636156892
-11.038517420733882
-10.968781186881367
-9.91343528897046
-9.924606821666659
-10.139826137886487
-10.877512628577954
-8.79883999848918
-9.13716309521855
-10.236526602795735
-9.505918699583255
-12.2697
-10.592228985484999
-10.496005806911295
-10.035947595993743
-12.52651212120027
-9.223727719234397
-9.447617376453646
-8.895608387460037
-11.316794193088706
-10.774282579266117
-8.023096278059032
-10.75106102780009
-11.379175379970073
-9.468124141977322
-12.680094193088705
-11.038517420733882
-8.565267195410815
-8.225958975756877
-8.346979644175738
-10.063815029752403
-8.653233605348795
-9.369818028389258
-8.840712428809907
-8.062065642841116
-9.602200991969546
-10.217729034556472
-10.199509945764476
-11.503126137886486
-11.921686993792662
-9.91343528897046
-10.347757876337884
-11.898712492487967
-10.40052318336494
-12.549972191948573
-9.97766382108586
-9.250203381956574
-9.990128990276236
-8.445424142849491
-9.939050507377683
-9.248401025413505
-8.80137203513727
-10.526375215821009
-8.804765016727627
-10.592228985484999
-10.728715973410758
-11.619240593440683
-9.09126516665327
-10.276012809464353
-12.010220795884441
-11.921686993792662
-11.865286552415505
-11.560592077722106
-10.728715973410758
-9.758522115902297
-10.388058014174566
-11.448911613822588
-11.78956957305878
-10.948730899918136
-12.2697
-10.9064
-8.097050634245921
-12.260884844601623
-12.2697
-11.859305806911294
-11.859305806911294
-9.798155220888795
-11.448911613822588
-10.363888386177411
-10.960670081319122
-10.485107514876201
-12.332081186881368
-9.47600106969374
-9.35670885079567
-9.453440683753906
-10.015875379970073
-10.15627368627999
-11.859305806911294
-8.67674500796723
-10.64692079588444
-11.260363545412497
-9.056427256026064
-9.363227158839628
-10.131770589579466
-9.632398261419644
-9.331330380123882
-10.972079655953818
-9.758522115902297
-9.460350634245922
-10.04971737166241
-11.161455220888794
-9.91343528897046
-8.216434797187532
-8.852581689322438
-11.379175379970073
-9.907927587233347
-8.61498088593294
-11.52797203513727
-10.38908770854692
-10.708697907164739
-10.1238231727068
-11.599826602795735
-10.558386993792661
-10.95277529789554
-9.35670885079567
-8.646033062937358
-10.510995814329478
-8.739583218157419
-11.161455220888794
-9.521936577456128
-9.473890287895992
-10.150464928166793
-9.206712937233487
-8.150912628577952
-9.149215901601368
-10.798452207263272
-9.053830437533477
-11.208846400351979
-10.510995814329478
-8.827306414566667
-8.165180154311395
-8.240538817819427
-9.612096603940989
-8.245479655953817
-10.496005806911294
-9.092646902793048
-11.260363545412497
-9.166199622370616
-10.439575159235085
-10.276012809464353
-9.144667297919716
-12.07199790716474
-10.496005806911294
-8.23857396977555
-10.276012809464353
-11.448911613822588
-9.639323178573704
-10.037084015176573
-10.558386993792661
-8.90359601170545
-10.453186647597056
-8.992356842129567
-8.859072773398154
-9.04610762803393
-9.085770243990162
-10.968781186881367
-10.147992800703957
-10.542164782668172
-11.770463793616674
-11.859305806911294
-11.975660890161025
-9.702426082607067
-12.117973964495942
-10.496005806911294
-10.217729034556472
-8.868470965443528
-9.775810166499463
-10.75106102780009
-9.709494920843927
-10.085611613822588
-7.563879552449734
-7.226894193088706
-9.561134094674827
-9.798155220888795
-11.52797203513727
-10.771447424604373
-11.763823183364941
-11.448911613822588
-10.588665300429433
-11.71786362051887
-11.582187692918488
-10.085611613822588
-8.589011228325184
-10.40052318336494
-9.089886647597055
-11.52797203513727
-12.210584206373793
-11.379175379970073
-11.619240593440683
-11.727188386177412
-10.26589164561697
-11.379175379970073
-11.727188386177412
-11.203932897736289
-11.953790148208233
-11.076728979618094
-11.316794193088706
-10.73533139047038
-10.227053222018636
-9.470738157999053
-12.2697
-11.619240593440683
-9.605481186881368
-11.69363892102428
-10.877512628577954
-11.316794193088706
-11.727188386177412
-9.440106827533562
-10.32938890006195
-10.707183648959857
-12.13056161382259
-11.637908124344442
-9.729431944797781
-9.452677865953934
-9.460350634245922
-9.30898532573455
-9.447617376453646
-9.605481186881368
-8.606399957950861
-9.771440599307587
-8.748798558543777
-9.034709066350853
-10.575066228225975
-11.316794193088706
-11.379175379970073
-10.496005806911294
-10.765417141602889
-8.55013528897046
-10.164672035137269
-10.707183648959857
-11.208846400351979
-11.248376611009318
-9.680867952223277
-10.812125965794955
-9.293248222107232
-10.100601621240774
-8.755022780566255
-9.44510325943956
-10.707183648959857
-9.953494193088705
-10.707183648959857
-11.038517420733882
-10.15627368627999
-10.173191227686605
-11.619240593440683
-12.680094193088705
-11.260363545412497
-10.592228985484999
-11.727188386177412
-8.182767794019354
-7.305751652508976
-11.002623178573705
-12.029634786529389
-7.226894193088706
-10.632257155609775
-10.933669518453435
-9.422944070274538
-10.40052318336494
-10.936769408909713
-10.375849877185832
-12.2697
-10.772393980620937
-9.902470648446252
-11.859305806911294
-10.065063859617197
-12.029634786529389
-11.10573478946284
-11.000378145291268
-11.161455220888794
-9.91343528897046
-11.379175379970073
-9.97766382108586
-8.722311613822589
-11.316794193088706
-10.158691289633058
-12.050059217744623
-11.503626528934786
-11.808431800999209
-10.48138596122269
-9.675217420733883
-11.463901621240772
-8.237593985550973
-7.226894193088706
-7.88330413885318
-11.448911613822588
-11.379175379970073
-12.680094193088705
-9.561134094674827
-9.811227008019507
-9.605481186881368
-9.492076455357548
-8.938799569197561
-11.260363545412497
-12.982540593440683
-11.859305806911294
-10.15627368627999
-12.2697
-11.161455220888794
-8.408140599307588
-7.226894193088706
-8.30091883200479
-9.881132351087759
-8.453359028929931
-10.936769408909713
-11.379175379970073
-9.694014988973146
-11.076728979618094
-11.139110166499464
-11.241410717063221
-10.75106102780009
-9.947602864210827
-10.139826137886487
-11.379175379970073
-10.774282579266117
-10.48138596122269
-9.183684947693832
-9.435152207263272
-12.029634786529389
-12.2697
-10.628123227645178
-9.20503804596895
-11.509244094717213
-8.741109182061852
-9.850501020622268
-9.870744827334626
-8.778964330764579
-9.440106827533562
-9.406264835841226
-9.996461389325127
-9.635850595791082
-9.457781980901746
-9.27603000387049
-10.085611613822588
-9.930272641622677
-11.52797203513727
-8.107438157999054
-9.754277842048563
-8.176847008007353
-9.57973479718753
-9.965455684097126
-10.276012809464353
-11.859305806911294
-10.015875379970073
-9.924606821666659
-12.680094193088705
-11.991423227645177
-9.570361403519879
-11.727188386177412
-11.916082133450658
-10.968781186881367
-9.537208671122123
-9.80272724103774
-10.789342662867274
-10.686407002553057
-10.936769408909713
-8.026742624716734
-7.847621012283465
-11.379175379970073
-11.885659280682853
-10.968781186881367
-12.109656524352927
-10.548712754454414
-9.358873656378043
-9.053830437533477
-9.850501020622268
-8.918869610182547
-13.139856441157216
-10.936769408909713
-12.2697
-10.628123227645178
-8.930326098387866
-10.975060431864955
-11.065118203885081
-11.16321212120027
-9.427797160292126
-11.816486647597054
-11.35870222242215
-10.485678739044925
-9.870744827334626
-10.728715973410758
-11.859305806911294
-10.496005806911294
-11.316794193088706
-9.43762433472611
-8.717887630595825
-9.686424196959196
-10.707183648959857
-8.165180154311395
-10.00286224806851
-10.100601621240774
-9.056427256026064
-9.13716309521855
-11.52797203513727
-12.2697
-11.208846400351979
-10.181834792396293
-8.566972641622678
-9.705586829643597
-7.781367297919716
-10.405583672865228
-10.375849877185832
-9.385488189434428
-9.103818435489247
-9.083041789082449
-9.75029067837909
-9.656998331941887
-10.510995814329478
-10.526375215821009
-9.870744827334626
-11.422383114112987
-10.00286224806851
-9.941769578925683
-9.54905053920516
-9.235935856223131
-12.029634786529389
-8.261805250891923
-12.572146400351977
-6.8019999316902755
-9.635850595791082
-9.660597575045278
-11.991423227645177
-8.762000458135732
-12.029634786529389
-7.257887165686577
-9.595694622459211
-9.522731821127289
-9.540147008007354
-8.672647595993743
-9.365415973410757
-10.66633478652939
-9.03596479039988
-8.9982248155049
-7.287961120457775
-10.2085494139775
-9.965455684097126
-10.190606414566668
-10.2085494139775
-9.930272641622677
-11.002623178573705
-11.002623178573705
-12.680094193088705
-11.448911613822588
-11.727188386177412
-11.52797203513727
-10.04971737166241
-10.60990413885318
-8.832632450486287
-9.180467148104057
-9.354551931589908
-8.651917885546949
-12.507313531146892
-10.526375215821009
-9.39694064837906
-9.598938869848652
-9.505814279720674
-9.489366731327172
-9.420532361574669
-9.697847194372354
-8.706249444236354
-8.482246400351977
-9.449889245796097
-8.076806827533563
-8.625570597311174
-8.234339036906869
-11.316794193088706
-11.669293414821798
-12.38825611073898
-12.281661491008421
-10.849969352323791
-11.208846400351979
-9.57973479718753
-12.029634786529389
-10.255940593440684
-10.2085494139775
-8.694129511890939
-10.2085494139775
-9.875915809261691
-9.635850595791082
-10.592228985484999
-9.965455684097126
-8.703375294576828
-11.076728979618094
-12.2697
-9.460350634245922
-9.406264835841226
-9.070916989931444
-7.8761706348845
-9.241245969549539
-9.013759425445473
-10.510995814329478
-8.204133875702558
-7.548392871800967
-9.274147415107343
-8.780778488331267
-10.94936719623642
-7.956655782375558
-10.82365063424592
-11.316794193088706
-11.260363545412497
-10.64692079588444
-11.379175379970073
-9.918994706973244
-8.610674876646463
-10.32938890006195
-10.271943558620372
-8.69342424240054
-9.80272724103774
-11.117577842048563
-10.936769408909713
-10.036299811185307
-10.496005806911294
-11.562809945764474
-11.117577842048563
-11.238669615686845
-7.5305259265036115
-8.991190194132038
-8.537543326302675
-11.448911613822588
-8.08877320310944
-8.29148284168045
-11.938366228225975
-11.859305806911294
-8.36818046248702
-11.619240593440683
-8.395222115902298
-10.307457738501203
-9.907927587233347
-11.234044827334627
-10.308535215899894
-11.34716360199842
-9.410982579266117
-9.618786773057675
-8.600345982228156
-8.907630600858868
-9.039748021592752
-8.46522462979851
-10.774282579266117
-7.3893810227323025
-7.374001621240773
-10.66633478652939
-8.809891227686604
-9.91343528897046
-10.035947595993743
-9.965455684097126
-9.996461389325127
-10.877512628577954
-11.076728979618094
-9.793618235721201
-9.582892530897496
-8.830851776460833
-9.97766382108586
-10.877512628577954
-8.016993536869403
-8.15487300232211
-8.778150483671242
-8.040619986569713
-11.076728979618096
-11.685299303807625
-12.161752207263273
-12.095693496896331
-11.54157110734073
-8.518228997930887
-11.379175379970073
-11.859305806911294
-10.009333062937358
-8.862814167631177
-12.2697
-12.680094193088705
-9.965455684097126
-8.680870973564565
-9.725390470626516
-11.002623178573705
-12.2697
-8.898591132645844
-7.7997752158210085
-10.728715973410758
-9.112337628038585
-8.502318616375648
-9.383224042632497
-9.897063545412497
-9.032205579884426
-9.010138168485962
-10.686407002553057
-10.00286224806851
-8.772484663715222
-7.834259121255498
-9.870744827334626
-12.000747415107343
-9.196733931341884
-8.695542576206494
-8.594949830440914
-8.022188189434427
-8.126066731327171
-8.107438157999054
-8.393096175854515
-8.694129511890939
-10.542164782668172
-8.564699803257016
-9.2394706348845
-9.064286756398875
-10.375849877185832
-8.173908671122124
-10.100601621240774
-11.002623178573705
-9.780212221477962
-9.418130436709802
-9.897063545412497
-10.798452207263272
-9.225456402702376
-9.065606876605035
-8.822027862511472
-12.2697
-9.200041614062952
-8.487201020622267
-10.139826137886487
-11.208846400351979
-7.628589907036614
-10.60990413885318
-7.815564782668171
-10.1238231727068
-8.96832736649836
-9.20503804596895
-8.449144963686994
-7.672664790399881
-9.420532361574669
-9.468124141977322
-8.627459191152317
-8.517308623793832
-8.177141645319818
-8.910674688115513
-9.123890651512918
-9.555061491008422
-8.649295185058252
-9.180467148104057
-8.339566433869686
-9.09126516665327
-9.996461389325127
-11.076728979618094
-10.849969352323791
-11.248376611009318
-11.115770897474675
-9.784647250958278
-8.866579354674188
-9.169340604098826
-9.182073861891098
-10.26589164561697
-11.076728979618094
-10.936769408909713
-10.774282579266117
-10.510995814329478
-9.329263803271253
-11.619240593440683
-11.379175379970073
-10.798452207263272
-8.899588729625206
-10.66633478652939
-10.60990413885318
-10.707183648959857
-12.029634786529389
-12.680094193088705
-8.651261120457775
-7.510882331279579
-10.496005806911294
-8.72009549021028
-7.707750354875623
-11.161455220888794
-9.06296957305878
-10.526375215821009
-8.162299011559439
-9.392333047949034
-10.592228985484999
-7.564926544176465
-10.363888386177411
-10.48138596122269
-8.572693204648145
-8.946314657706965
-8.63956224806851
-9.592468054979804
-11.002623178573705
-9.881132351087759
-11.448911613822588
-12.2697
-10.542164782668172
-9.870744827334626
-11.161455220888794
-9.018622480852239
-8.409884558351031
-12.38719757504528
-12.109824042632496
-11.99513530041393
-10.515567834478423
-7.519068921521352
-11.632209869657833
-10.80840325943956
-9.358006784089687
-10.628123227645178
-7.763514478033418
-10.496005806911294
-8.73427310483101
-9.546067794019352
-8.467626554663374
-10.774282579266117
-10.871900513884539
-10.450439201055936
-10.084871983911064
-11.448911613822588
-11.328755684097127
-9.948776449663816
-12.029634786529389
-11.859305806911294
-11.203932897736289
-8.849821434126445
-9.694014988973146
-9.729431944797781
-13.55025063424592
-9.468175851969832
-10.40052318336494
-8.308228476294484
-8.024461027800088
-12.365923178573704
-9.274500540413591
-14.043394193088705
-12.398128476294485
-10.968781186881367
-10.592228985484999
-14.254572035137269
-8.316579514464966
-9.52559901155944
-8.351008080800181
-10.2085494139775
-11.930026611009318
-9.152267834478424
-7.636105421413889
-9.552048386962605
-9.440106827533562
-9.164635358139233
-11.619240593440683
-8.621187165686576
-10.070991768133984
-10.75106102780009
-10.728715973410758
-10.849969352323791
-10.40052318336494
-12.2697
-14.453788386177411
-14.043394193088705
-12.015978445800656
-8.787991269776406
-9.996461389325127
-10.75106102780009
-9.656998331941887
-14.105775379970073
-10.64692079588444
-8.945235215899894
-8.432582382523133
-14.585905806911294
-9.543099999999999
-9.605481186881368
-9.965455684097126
-9.543099999999999
-7.907141192619206
-9.47600106969374
-9.57973479718753
-12.480877842048564
-11.117577842048563
-12.070483648959858
-9.132705806911295
-7.980583648959858
-8.977757414193334
-8.468590059623246
-8.618075893854613
-10.04279245450835
-11.654108710366941
-9.58606719623642
-11.448911613822588
-11.859305806911294
-9.272270793355034
-8.8452494139775
-8.290120836663698
-8.986546455290355
-10.9064
-11.08467639649076
-8.53268802528536
-11.117577842048563
-8.380083043952952
-10.340666834711383
-7.93973478652939
-9.383356488304589
-9.306995160273546
-10.147992800703957
-10.296789455871153
-8.040152129044634
-8.3994970345979
-8.354884616970304
-9.406264835841226
-8.083813698271696
-10.217729034556472
-10.0884306642996
-12.351232159441109
-11.038517420733882
-8.57615226220165
-8.207061403519878
-9.037223183364942
-8.356478355933103
-8.123369352323792
-7.330124242400542
-9.953494193088705
-8.071852207263273
-9.729431944797781
-8.518881197539509
-10.9064
-8.071852207263273
-10.100601621240774
-6.8165
-10.147992800703957
-9.144667297919716
-6.878946976499434
-8.861445817325126
-9.134098817458387
-12.312949564987031
-8.7251157920004
-8.839809188867868
-8.933489455871152
-10.131770589579466
-9.729431944797781
-9.378721559587065
-7.27626224806851
-9.19180679888084
-8.950652213130176
-10.164672035137269
-7.712975159235086
-9.076275159235085
-8.060611511122433
-10.497007677371014
-11.859305806911294
-10.849969352323791
-10.255940593440684
-8.353747124070367
-10.095604952101379
-10.296789455871153
-8.572693204648145
-9.169340604098826
-9.816659028929932
-10.413256441157214
-10.66633478652939
-10.115981022732303
-8.818534792396292
-9.653420836663699
-8.892640593440683
-8.46666461510624
-8.653892563310169
-9.257468180674032
-9.406264835841226
-9.97766382108586
-9.675217420733883
-10.654610172366368
-9.503041095881754
-10.526375215821009
-8.630620296724219
-8.375945545164472
-7.634479158876101
-8.326907428152067
-9.22687203633067
-10.66633478652939
-9.771440599307587
-9.492076455357548
-6.9560649864437405
-8.000946308460856
-10.779038216618325
-8.024461027800088
-9.679451045876416
-13.633
-8.289407924275121
-8.449611714729834
-8.925091107013873
-7.66612010790565
-11.315374918736264
-8.588786731975965
-9.134098817458387
-12.401817420733883
-13.222605806911293
-13.695381186881367
-12.982540593440683
-8.462832409707032
-11.179019974542472
-9.815719974542471
-10.497487844398961
-12.406051045876413
-9.218571747604514
-9.406781951308531
-8.981938854860328
-8.264298564410682
-10.368182307553118
-8.213293815459322
-8.560180134995207
-8.143272159517014
-7.831786993792662
-10.217729034556472
-8.605791767176088
-10.849969352323791
-9.228928985484998
-8.952336895647905
-8.997776801796418
-10.558386993792661
-8.220860355080397
-11.519864075125966
-8.5209844809847
-10.968781186881367
-11.038517420733882
-8.539170648446254
-9.667862373762738
-6.878946976499434
-8.746481241819746
-8.7251157920004
-10.217729034556472
-10.628123227645178
-6.8165
-9.68266498644374
-10.66633478652939
-8.69342424240054
-11.117577842048563
-11.315374918736264
-11.316794193088706
-10.530624143694789
-12.2697
-12.293869627997156
-12.572146400351977
-9.073590013285088
-9.029712634444856
-11.100898607615251
-10.361053231515669
-10.579140145678828
-10.320078676766041
-8.69061153560395
-9.156875434908452
-8.322370442984475
-8.024461027800088
-7.472909945764476
-7.710022167242439
-8.96608890006195
-9.953494193088705
-9.163075215821008
-6.878946976499434
-9.182073861891098
-9.425365642841115
-6.8165
-8.506416028349134
-7.302715543636943
-8.596144732293865
-9.017787248610441
-8.977366834711383
-11.179019974542472
-13.08765323151567
-8.024461027800088
-7.109159835929821
-8.370201195641764
-8.511577993628435
-8.361119386331108
-9.156875434908452
-8.071852207263273
-7.713513652830349
-10.470227924774845
-10.798452207263272
-9.815719974542471
-8.92684337571248
-8.024461027800088
-9.567269627997156
-11.997000100907245
-8.7251157920004
-9.952074918736264
-11.117577842048563
-11.218797452528264
-9.953494193088705
-7.93973478652939
-9.605481186881368
-10.388058014174566
-7.011080845780143
-7.621157876337884
-8.544627587233347
-7.170463545412497
-7.953351074006211
-11.997000100907245
-8.390977842048564
-7.591721780322053
-8.530542828492305
-7.980583648959858
-7.203672641622678
-7.356353259142406
-8.213293815459322
-10.363888386177411
-9.28745300128365
-8.818534792396292
-7.838402410852285
-8.533763545412496
-8.390977842048564
-12.332081186881368
-10.278057970969998
-11.305069578925682
-7.491129034556471
-6.994856411852348
-9.598938869848652
-10.100601621240774
-7.226894193088706
-6.840607956868807
-11.038517420733882
-8.274631700454556
-10.439575159235085
-10.318321780322053
-8.287984669582126
-9.2394706348845
-12.401817420733883
-9.816659028929932
-9.415738216618324
-10.340666834711383
-6.8165
-9.0844044448443
-10.9064
-10.147992800703957
-8.697668516254277
-9.163075215821008
-10.340666834711383
-7.491129034556471
-7.693387565402506
-8.295855251147648
-10.526375215821009
-8.185750539205161
-8.523095262782446
-8.68641737166241
-8.649949771821642
-9.555061491008422
-8.3775970766877
-8.07037387024759
-9.771440599307587
-9.195086993792662
-9.497533394144641
-7.998617743634687
-8.3994970345979
-9.156875434908452
-8.525213596588399
-6.766019891528952
-8.024461027800088
-9.076275159235085
-9.519878448533971
-10.968781186881367
-7.900044890629494
-10.296789455871153
-9.39694064837906
-10.413256441157214
-7.4213928007039565
-8.334547194372355
-12.2697
-8.765278810059009
-10.388058014174566
-8.79297368627999
-7.686656441157215
-7.374001621240773
-9.166199622370616
-8.024461027800088
-7.740518435489247
-9.0844044448443
-9.455224423286943
-7.591721780322053
-8.3994970345979
-7.4213928007039565
-7.509926602795735
-11.379175379970073
-8.920936187035176
-8.590194193088706
-8.579631647340296
-9.667862373762738
-9.460350634245922
-6.960125967438297
-8.010953057869571
-9.941769578925683
-9.383224042632497
-9.076275159235085
-9.807334841467766
-8.361285475713688
-7.7985646914057645
-7.509926602795735
-6.912723178573704
-8.220226103635515
-11.545134792396293
-11.448911613822588
-9.057729948888616
-8.528405376108855
-7.226894193088706
-10.115981022732303
-10.413256441157214
-10.69233746579242
-7.4213928007039565
-9.253824638916084
-10.413256441157214
-9.618786773057675
-10.388058014174566
-11.117577842048563
-10.255940593440684
-10.496005806911294
-10.015875379970073
-8.210169408909714
-10.199509945764476
-9.218571747604514
-10.66633478652939
-8.160004149511323
-9.737598607615253
-8.91681022143784
-6.8165
-10.798452207263272
-7.119045087520667
-9.235935856223131
-8.533763545412496
-7.763079492158629
-9.126814478033419
-11.316794193088706
-7.93973478652939
-11.208846400351979
-8.318219298654551
-8.580796001043334
-6.986750041724881
-9.068255980206443
-10.592228985484999
-8.043467842166917
-10.467118435489247
-10.9064
-7.330124242400542
-9.420532361574669
-11.727188386177412
-7.002831944797782
-7.637288386177411
-9.1066445681448
-10.628123227645178
-7.907141192619206
-12.16381519006194
-8.029492197772106
-7.539894060795796
-10.439575159235085
-7.865628985484999
-8.150349017238696
-11.038517420733882
-7.3717287828751115
-9.014971449752409
-8.512615809261693
-8.57499699614306
-7.96472731065231
-9.780212221477962
-7.359011613822588
-10.363888386177411
-8.706249444236354
-8.55013528897046
-10.085611613822588
-10.042664397046165
-8.285856181967388
-7.359011613822588
-8.713270740492655
-8.754241165050527
-8.568112341045197
-8.396928381253725
-9.845546400351978
-10.526375215821009
-9.660597575045278
-7.226894193088706
-9.605481186881368
-9.002961430104383
-8.723793651310256
-9.065606876605035
-7.09953240970703
-7.192394706973244
-8.914757970969998
-8.578469578925683
-8.390977842048564
-7.959807002553058
-10.592228985484999
-9.076275159235085
-8.778150483671242
-11.117577842048563
-10.849969352323791
-9.378721559587065
-6.8165
-9.855497452528263
-6.8165
-9.679451045876416
-10.085611613822588
-9.598938869848652
-9.543099999999999
-8.902591645616969
-7.263528990276237
-7.302715543636943
-8.66588096614638
-8.322370442984475
-8.588786731975965
-8.695308330837577
-9.27043745689118
-9.815719974542471
-10.224801988632713
-8.452457508135764
-7.865628985484999
-10.860833394144642
-11.117577842048563
-11.619240593440683
-8.523095262782446
-8.722311613822589
-10.340666834711383
-9.667862373762738
-8.543532168480214
-8.354089353362252
-10.592228985484999
-9.930272641622677
-9.218571747604514
-8.73427310483101
-9.754277842048563
-9.00058838617741
-9.044830230198237
-9.343883648959858
-9.007736243621098
-6.878946976499434
-8.19661458102601
-7.251063821085861
-7.9015232276451774
-6.846931735734044
-8.358877037136333
-7.226894193088706
-7.9508912826249825
-10.558386993792661
-7.992545139968279
-10.75106102780009
-6.8165
-10.056724242400541
-10.363888386177411
-12.401817420733883
-10.592228985484999
-10.558386993792661
-11.016720836663698
-7.549412809464353
-8.043790384286874
-9.153799720629701
-7.740518435489247
-9.327204414526546
-10.66633478652939
-8.453466454072574
-8.55346467169216
-10.056724242400541
-8.91681022143784
-12.213269352323792
-6.8344730592985385
-9.492076455357548
-6.878946976499434
-9.28362079588444
-8.123369352323792
-8.147300775684192
-10.100601621240774
-9.392333047949034
-10.798452207263272
-9.875691747996676
-9.845546400351978
-8.07037387024759
-10.439575159235085
-12.501453351008127
-11.434291768133985
-12.572146400351977
-7.749037628038584
-7.359011613822588
-8.607008774114716
-7.529340593440684
-9.29910072775522
-9.807334841467766
-6.994856411852348
-7.359011613822588
-8.984238172962446
-8.399413104105367
-9.612096603940989
-8.660522796842738
-10.296789455871153
-9.027230141637403
-10.9064
-7.878657596639029
-8.123369352323792
-7.831786993792662
-10.75106102780009
-11.117577842048563
-8.820278751439737
-11.562809945764474
-10.056724242400541
-9.30303478652939
-11.52797203513727
-7.686656441157215
-8.62056360199842
-9.941769578925683
-7.405170589579465
-9.48666935232379
-8.933489455871152
-10.236526602795735
-10.924434094674828
-6.8165
-7.461297308888741
-7.8278529350184956
-8.562435656455085
-8.319364986443741
-7.567868009183376
-7.509926602795735
-10.015875379970073
-8.267722944501168
-10.056724242400541
-9.952074918736264
-11.72435323151567
-7.770810686943716
-8.588786731975965
-8.588786731975965
-7.315366881052935
-11.859305806911294
-11.002623178573705
-7.053612221477963
-10.029180966146379
-7.438072035137269
-8.586652365973254
-12.213269352323792
-7.865628985484999
-8.210169408909714
-9.508600513884538
-7.997311217910293
-9.109484255445267
-7.93973478652939
-8.024461027800088
-7.472909945764476
-9.016636907536881
-13.633
-10.849969352323791
-8.336858480328354
-6.878946976499434
-9.689235859069996
-9.264823227645177
-12.612995262782446
-10.276012809464353
-9.440106827533562
-11.52797203513727
-11.117577842048563
-10.70171119075186
-8.984238172962446
-9.465521616172987
-13.633
-7.549412809464353
-9.012549877185833
-7.807249193440132
-8.904602084449104
-8.748025111448577
-9.886395262782447
-10.707183648959857
-8.335316620948708
-10.496005806911294
-9.163075215821008
-8.447746914236516
-12.2697
-9.440106827533562
-9.460350634245922
-11.038517420733882
-9.729431944797781
-12.114361027800088
-9.430238704647584
-10.633700100907244
-8.630620296724219
-8.372656238553311
-7.226894193088706
-10.413256441157214
-8.533763545412496
-12.406051045876413
-9.514212628577953
-9.667862373762738
-10.00286224806851
-7.612247866561263
-9.82613240970703
-8.752681022732302
-10.217729034556472
-9.941769578925683
-8.631889479776522
-9.022296165857682
-6.8165
-9.141654193873899
-9.352402841509193
-9.024758014174568
-7.455234792396293
-9.605481186881368
-10.66633478652939
-8.682252709704342
-6.878946976499434
-10.558386993792661
-9.198385462865112
-9.592468054979804
-11.260363545412497
-7.713513652830349
-8.500280495026807
-11.239215809261692
-10.526375215821009
-8.429414995779162
-8.81506220961367
-11.830418435489246
-11.016720836663698
-8.565835131825759
-12.815030664299597
-9.055127423084281
-9.83575983592982
-7.686656441157215
-10.164672035137269
-11.479281022732302
-9.653420836663699
-9.83575983592982
-9.573469408909714
-9.754277842048563
-9.567269627997156
-7.2661803534895
-10.078256566851442
-9.465248393418392
-13.114658014174566
-11.660089455871152
-8.939867330834437
-9.076275159235085
-8.997776801796418
-9.134098817458387
-10.0884306642996
-9.875915809261691
-6.8165
-6.8165
-8.716420284944713
-9.690207428152068
-10.968781186881367
-10.199509945764476
-10.029180966146379
-6.8165
-8.820278751439737
-9.465521616172987
-9.745879493191284
-7.4664859369881595
-11.316794193088706
-11.293572641622678
-10.558386993792661
-8.768470589579465
-9.410982579266117
-8.892640593440683
-7.865628985484999
-7.405170589579465
-8.36289656151642
-8.199668087882644
-8.4942078913604
-9.248898709152796
-12.13333492214395
-9.625553402905037
-8.652575379970074
-10.296789455871153
-9.789115752675771
-7.740518435489247
-9.435152207263272
-8.977366834711383
-11.134740599307587
-9.35670885079567
-10.070991768133984
-10.707183648959857
-9.907927587233347
-8.25886042131468
-10.91836149100842
-9.531375385836977
-8.15828882141482
-8.123369352323792
-7.4179490721169685
-7.691048890865362
-8.507444827334627
-10.620037676365225
-9.798155220888795
-10.988853402905038
-7.831786993792662
-9.492076455357548
-10.340666834711383
-10.181834792396293
-7.071555220888794
-7.226894193088706
-8.946314657706965
-9.592468054979804
-7.740518435489247
-11.208846400351979
-8.071852207263273
-8.778150483671242
-12.2697
-11.859305806911294
-7.864237507365853
-10.224801988632713
-13.08765323151567
-10.798452207263272
-9.697847194372354
-10.276012809464353
-9.68266498644374
-10.496005806911294
-8.931378674073404
-13.22408784439896
-11.448911613822588
-9.027230141637403
-12.332081186881368
-10.801759915793085
-9.897063545412497
-8.910674688115513
-8.590194193088706
-11.619240593440683
-8.043467842166917
-9.169340604098826
-8.462832409707032
-7.491129034556471
-7.7997752158210085
-7.895265629861603
-7.661458014174567
-10.015875379970073
-9.713428979618095
-10.029180966146379
-8.784692800703956
-10.707183648959857
-10.592228985484999
-7.831786993792662
-10.056724242400541
-12.213269352323792
-9.420532361574669
-10.798452207263272
-9.195086993792662
-10.849969352323791
-8.459024848885951
-8.492197452528265
-10.91836149100842
-10.94936719623642
-11.076728979618094
-9.815719974542471
-8.452457508135764
-8.402076880366716
-9.941769578925683
-10.255940593440684
-10.9064
-12.678674918736265
-10.00286224806851
-9.48131118302015
-8.123369352323792
-8.861445817325126
-7.770810686943716
-10.497487844398961
-9.406781951308531
-9.27043745689118
-9.543099999999999
-10.224801988632713
-9.235935856223131
-7.93973478652939
-8.820278751439737
-8.107438157999054
-10.217729034556472
-7.93973478652939
-7.4213928007039565
-7.631162619099212
-8.925091107013873
-7.344391768133985
-8.283030049311837
-8.358076396490759
-8.27047678047586
-6.994856411852348
-9.17500490995677
-11.860787844398962
-10.968781186881367
-8.268410203623231
-8.024461027800088
-8.370201195641764
-12.365157460950199
-8.261573249278053
-8.602155684097127
-9.745879493191284
-8.605791767176088
-7.002831944797782
-8.534258941492297
-7.712975159235086
-8.057232361574668
-10.497487844398961
-8.16691559375764
-8.568112341045197
-8.68641737166241
-8.071852207263273
-10.029180966146379
-11.859305806911294
-11.316794193088706
-7.623246455290356
-9.435152207263272
-8.858141107325222
-9.369818028389258
-10.318321780322053
-7.686656441157215
-6.8165
-7.1289978125026
-7.2388556840971265
-8.1571480240153
-11.830418435489246
-8.716420284944713
-9.06296957305878
-8.486206774096136
-10.592228985484999
-9.35670885079567
-10.628123227645178
-7.219363742867223
-9.35670885079567
-9.598938869848652
-8.1798
-8.1798
-8.7251157920004
-8.7251157920004
-10.633700100907244
-10.9064
-8.559055588280735
-6.8165
-9.798155220888795
-9.762797034597899
-9.729431944797781
-8.326907428152067
-10.361053231515669
-10.015875379970073
-7.661458014174567
-9.089886647597055
-9.713428979618095
-9.762797034597899
-9.807334841467766
-11.830418435489246
-9.865618616375647
-7.712975159235086
-10.100601621240774
-9.82613240970703
-11.379175379970073
-8.24283941226009
-8.33608704873104
-10.318321780322053
-10.255940593440684
-10.9064
-11.038517420733882
-10.217729034556472
-9.392333047949034
-11.448911613822588
-9.392333047949034
-8.904602084449104
-9.06598350163753
-8.81333352614569
-10.592228985484999
-9.049956441157216
-8.865635810781786
-7.980583648959858
-9.897063545412497
-8.17449517306922
-8.461878221479267
-8.877248479311834
-6.902092212686873
-10.164672035137269
-9.392333047949034
-9.952074918736264
-8.581328755425478
-12.480877842048564
-11.448911613822588
-9.166199622370616
-12.2697
-10.255940593440684
-9.573469408909714
-12.572146400351977
-9.246604138853181
-8.581962649040863
-6.8854966039409895
-8.133321107340727
-12.287734094674828
-8.090395174910705
-9.667862373762738
-8.285856181967388
-8.933489455871152
-7.251063821085861
-8.757373837264442
-8.123369352323792
-7.959807002553058
-11.179019974542472
-8.875082124910065
-11.038517420733882
-9.070916989931444
-10.558386993792661
-11.619240593440683
-7.509926602795735
-9.953494193088705
-9.04738778781304
-9.555061491008422
-11.208846400351979
-9.865618616375647
-7.686656441157215
-10.75106102780009
-8.523095262782446
-8.791308217763579
-8.912712809464352
-9.990128990276236
-8.1798
-9.460350634245922
-9.272270793355034
-8.578469578925683
-8.408140599307588
-8.692016218747233
-9.195086993792662
-10.029180966146379
-13.222605806911293
-10.558386993792661
-8.14140344699862
-11.448911613822588
-8.019020802690456
-8.566972641622678
-8.1798
-7.493167793916074
-8.435766804852056
-11.448911613822588
-8.797998386880264
-8.929275390628215
-9.855497452528263
-9.049956441157216
-10.968781186881367
-11.603671291036697
-8.1798
-9.11808596122269
-9.081682262268842
-8.888706534666516
-8.1798
-9.646330049311835
-8.123369352323792
-9.335485300102578
-9.430238704647584
-9.754277842048563
-10.00286224806851
-11.273424523584012
-8.44867858030945
-10.217729034556472
-9.30303478652939
-10.056724242400541
-8.689210177157605
-8.024461027800088
-7.509926602795735
-8.610674876646463
-8.328427515423957
-8.213293815459322
-10.056724242400541
-8.371836759298366
-8.359678761926647
-9.098206320795832
-6.8165
-7.226894193088706
-9.228928985484998
-9.147695814329479
-9.039748021592752
-8.3994970345979
-9.497533394144641
-9.378721559587065
-8.995870642752521
-9.331330380123882
-9.007736243621098
-9.29910072775522
-12.114361027800088
-8.502318616375648
-10.558386993792661
-10.924434094674828
-9.762797034597899
-7.93973478652939
-8.707691768133984
-9.555061491008422
-9.953494193088705
-9.48666935232379
-8.264298564410682
-8.387604193791558
-8.215275393602166
-9.141654193873899
-9.990128990276236
-7.988245384926049
-8.123907845919055
-9.667862373762738
-9.646330049311835
-8.942008648420488
-8.981938854860328
-11.859305806911294
-11.117577842048563
-11.117577842048563
-8.358076396490759
-9.049956441157216
-8.768470589579465
-8.170984844601623
-8.35329515650651
-8.614363821085862
-11.117577842048563
-8.237593985550973
-9.567269627997156
-7.909345642159692
-7.601004200392067
-8.633161389325126
-8.071852207263273
-9.771440599307587
-10.9064
-7.159795262782446
-7.405170589579465
-9.343883648959858
-9.132705806911295
-10.115981022732303
-9.00058838617741
-9.120981192748273
-9.762797034597899
-7.326470322579875
-10.181834792396293
-6.8165
-9.990128990276236
-11.619240593440683
-10.276012809464353
-9.886395262782447
-11.117577842048563
-10.115981022732303
-10.115981022732303
-9.713428979618095
-9.660597575045278
-9.855497452528263
-9.195086993792662
-8.752681022732302
-6.8165
-8.265665940693218
-10.66633478652939
-9.335485300102578
-9.218571747604514
-10.66633478652939
-6.8165
-9.253824638916084
