-6.78479992178136
-7.226894193088706
-8.350128979618095
-9.324744831536178
-9.754277842048563
-8.590194193088706
-7.429732417920613
-10.363888386177411
-8.1798
-9.577419483586432
-9.103818435489247
-9.06296957305878
-8.027850624739145
-8.488504180643472
-8.481689388670233
-8.30790932468269
-8.689524035406787
-8.969002113939831
-7.4207165209278285
-5.863594193088706
-6.02663559816558
-9.30303478652939
-6.136703728423189
-9.00058838617741
-9.80085459407477
-8.4952349736164
-7.006901195641763
-8.892640593440683
-7.944588912235691
-6.903394429928537
-8.077348969128876
-7.185045741478751
-6.557949035919492
-7.541220387617246
-9.543099999999999
-8.590194193088706
-6.615346413804449
-7.661458014174567
-8.057232361574668
-7.389935442064605
-8.242181186881368
-8.892640593440683
-7.93973478652939
-8.481689388670233
-7.483935408547062
-5.863594193088706
-7.921248556941606
-8.003046111625059
-5.863594193088706
-8.8452494139775
-8.071852207263273
-8.68641737166241
-8.173685298536853
-8.590194193088706
-6.549372697243825
-8.202503999362255
-7.330124242400542
-5.879427746774313
-8.321541660659609
-7.504740559567811
-9.992246595830565
-6.23948890006195
-7.93973478652939
-6.574472462400895
-7.637288386177411
-7.688379152745576
-8.145609200160221
-7.867793863681612
-7.295474974509781
-5.863594193088706
-8.027850624739145
-7.2526118787586675
-8.597009851227329
-6.50333705096714
-7.305636440245386
-7.404646987695861
-7.213261065316855
-5.863594193088706
-6.824018535777279
-5.719354377231611
-6.8165
-7.529340593440684
-5.857029809325501
-5.8512813406739985
