-9.971088130963008
-11.780300895104961
-11.415372507614046
-9.394540221678204
-7.090564386755876
-9.544493010547093
-7.744948737726429
-10.635968321556158
-13.179786647597053
-9.953494193088705
-10.802592650051288
-11.538780769113046
-12.171419460908082
-10.376763686182631
-8.874255007302411
-9.108316482710025
-11.714441191261566
-11.517525385299145
-9.093410668797379
-11.939577014509263
-8.557372762892491
-7.699669573058779
-12.94990880808786
-9.380900988104031
-11.448911613822588
-6.954234264987029
-10.017140177011786
-8.755979517398416
-9.179670302000806
-12.680094193088705
-8.999180925064671
-10.869278972396106
-9.27184001041383
-6.886069329610152
-12.14730852155225
-12.982540593440683
-10.635196181721419
-9.672473572717934
-6.395281160829903
-9.959444732293866
-8.572975882268032
-10.453186647597056
-10.511190511366152
-9.329263803271253
-6.354382236818057
-7.949443037941992
-7.608618712330353
-10.286310002350397
-10.510995814329478
-12.400064899697899
-8.502054884106936
-13.225424857388303
-11.72576911182497
-10.318321780322053
-10.380748091330265
-10.420524273153372
-9.754277842048563
-9.657096211537286
-10.522015563093372
-10.718129994240542
-9.905501042224552
-9.680831649979885
-9.27184001041383
-11.223235126736812
-11.701718967355813
-9.06330307639002
-9.121881596840591
-7.254159936431474
-10.262888729625205
-7.226894193088706
-10.551844676759947
-11.189740620909872
-11.589414167631176
-10.23978239374035
-12.452113793616672
-10.48138596122269
-13.633
-9.16446325440851
-12.524755220888794
-6.272584232814024
-11.371333229995574
-8.705673497043877
-9.217306815074663
-8.999180925064671
-7.00876609918283
-10.185240284126996
-11.061540110999642
-12.029634786529389
-8.825541663134425
-9.00058838617741
-9.845546400351978
-9.908537344057756
-11.006116248688883
-10.858028803167109
-9.306995160273546
-9.96288992136002
-11.38101414171286
-8.156578448533972
-12.521618838989191
-12.343253714076035
-12.394057241239302
-7.725537821465949
-12.028623188229922
-8.598029546507625
-9.817176144397237
-10.9064
-12.982540593440683
-10.137755748241503
-11.757291318475344
-7.649516974730617
-10.59770519324403
-9.889388281320754
-12.029634786529389
-9.241245969549539
-10.36246911182497
-8.181204880032421
-10.303167330834437
-11.862124857388304
-11.727188386177412
-7.458655171538451
-13.634482037487667
-8.633161389325126
-11.72576911182497
-8.09940558644795
-12.812211613822589
-7.213261188622377
-6.667941143050952
-10.510995814329478
-10.626278755425478
-13.09048838617741
-12.161752207263273
-9.076275159235085
-11.097153410833329
-9.50028084068576
-8.819623883548468
-7.376857282045921
-8.511577993628435
-5.9317592184216235
-10.18888362144129
-6.20441921961093
-9.502860152166438
-11.453145238965119
-8.511905953930023
-9.449080470917936
-11.519632417920612
-11.414043496896332
-10.15627368627999
-8.79297368627999
-8.914456668040636
-10.560449976591329
-7.935810530380529
-9.167085634701834
-10.952370471783262
-11.609454029018526
-11.479281022732302
-10.843915218354901
-10.988033193460845
-10.374558078044007
-9.995115873697335
-9.748869850370918
-10.11218203577858
-8.59914258005131
-9.983863601998419
-10.227053222018636
-9.990128990276236
-9.343883648959858
-7.806670804974905
-7.554086128614527
-12.646915005449252
-12.880475666612767
-7.77221444673964
-10.310362722414581
-9.829170696410388
-12.029634786529389
-10.212479221981624
-9.765239217713368
-9.32612710748302
-11.727188386177412
-10.282805981462333
-12.2697
-12.891272035137268
-12.543729115232656
-6.1498871948761575
-8.861308876977786
-9.858061960934968
-9.01186703924504
-11.275629642211845
-11.769478645174786
-12.348149156681906
-12.271182037487668
-10.40052318336494
-7.3893810227323025
-9.27184001041383
-6.381648169611857
-10.975995187405061
-11.372668814019292
-7.635884469082543
-9.00058838617741
-11.07760808080018
-8.732555908914772
-12.186950634245921
-10.257004947812717
-11.681621780322052
-7.831786993792662
-10.226936888754238
-8.835591282993464
-9.124927539182002
-7.7997752158210085
-12.812211613822589
-7.848466228225974
-9.00058838617741
-9.132705806911295
-12.891272035137268
-8.942888239990785
-9.135509985089106
-10.635280401362461
-8.724975871773616
-12.2697
-11.04409429399595
-10.496005806911294
-10.490361254038636
-10.167163122487432
-12.2697
-9.135509985089106
-10.635196181721419
-11.04409429399595
-13.893545897028368
-9.135509985089106
-11.68571075187051
-11.139110166499464
-9.679996866713727
-11.002623178573705
-12.480539707421752
-10.470635256647716
-12.318296039807711
-11.867888273913518
-11.208846400351979
-13.633
-11.91464461442214
-9.860536407770162
-11.04409429399595
-9.049956441157216
-9.528480154311396
-10.531493466976253
-8.60382550936595
-8.434855220888794
-10.496005806911294
-6.122621219713879
-9.544493010547093
-11.114572366146934
-9.27184001041383
-7.93973478652939
-6.545244129461989
-11.615969434924327
-11.180429115232656
-12.04247632232399
-10.144385583598138
-8.562927372119557
-8.533763545412496
-10.907882037487667
-10.287349640312305
-11.357612849220121
-9.975201972768977
-10.45380902962347
-7.172362299001641
-12.029634786529389
-11.634903690294665
-10.704178173058228
-9.858061960934968
-8.614363821085862
-10.334534168459747
-11.72576911182497
-10.63278532137626
-8.933489455871152
-10.23366863907826
-10.226114167631177
-11.874295814329479
-6.136254234827742
-11.069708014174566
-10.621743816397212
-10.411475497979096
-9.75583959377523
-9.830164403764801
-11.006116248688883
-13.39293478652939
-11.180429115232656
-10.025005483193372
-9.550060343307504
-10.150488538853274
-8.342237920642217
-8.031240221678203
-6.967867047408542
-7.312760133781923
-13.633
-9.925750751078553
-9.319683553694656
-10.496005806911294
-10.403427677692441
-10.782655147442211
-10.780505086183183
-11.067659308187825
-11.599826602795735
-10.158934139418626
-9.97766382108586
-10.255940593440684
-8.512615809261693
-8.590194193088706
-11.488441824479928
-12.034677221157445
-11.532572527464
-9.680831649979885
-11.873558088692162
-10.144385583598138
-9.406897219145524
-11.816486647597054
-11.076728979618094
-12.680094193088705
-8.312657975761235
-10.212204201306006
-9.844412678626467
-7.86580315041262
-10.36246911182497
-10.858406849135847
-11.72576911182497
-7.649249877185833
-10.226114167631177
-10.660797515947968
-9.178864782668171
-10.413256441157214
-8.150912628577952
-7.263528990276237
-11.180429115232656
-11.703966834711384
-10.788665642841115
-12.798570658151363
-12.388776312889219
-6.395281160829903
-11.457434476726666
-11.180429115232656
-9.807334841467766
-10.062532404866486
-9.48666935232379
-10.173191227686605
-11.038517420733882
-10.226114167631177
-8.482246400351977
-10.028875300828993
-12.951146645572058
-5.877227205785094
-9.786324482875772
-8.317535385707911
-9.754277842048563
-11.316794193088706
-9.817176144397237
-10.686759217744623
-9.326382660519297
-8.893628206125356
-10.199509945764476
-10.33522660960175
-10.36246911182497
-11.37192590034263
-12.000344917650928
-8.892640593440683
-11.859305806911294
-8.985552790841966
-12.159999686227287
-12.30798103701358
-8.825541663134425
-9.00058838617741
-9.950250882863426
-10.201405307936337
-6.736106103346707
-7.175870648446253
-8.578469578925683
-7.680255582413831
-10.637760847464403
-11.399247595993742
-12.891272035137268
-9.544493010547093
-8.412966458289148
-9.140453232676778
-11.811564495138118
-12.498647635205476
-13.844177842048563
-11.830418435489246
-6.954234264987029
-10.240843813041097
-8.482246400351977
-11.39080369914637
-10.035947595993743
-8.45713021153422
-10.194151776460833
-12.365923178573704
-11.862124857388304
-11.72576911182497
-11.998496181721418
-10.013249771821641
-11.453145238965119
-12.407394293995951
-10.405583672865228
-10.334392650229741
-11.589414167631176
-11.739149877185833
-9.967149744386408
-7.4213928007039565
-7.559710002350398
-8.69342424240054
-8.727842131161687
-8.590786562990223
-8.47733289773629
-8.469555135089044
-8.058487338439209
-10.178096987281766
-7.6904164386999465
-8.702974645900486
-11.076728979618094
-12.547314391437556
-11.260363545412497
-7.84037984259936
-11.612734027489902
-8.002115973410758
-12.164955988520262
-10.217729034556472
-10.532130116280657
-6.21805216492299
-6.50434511644928
-7.540452846553901
-9.693534819327649
-10.312849891815635
-9.994364201384894
-9.17270158420537
-11.091291103751818
-8.366131944797782
-10.211492454105333
-9.514212628577953
-9.709691004193022
-10.997545235313257
-10.606928869250602
-12.891272035137268
-8.931378674073404
-10.70310362801787
-10.271943558620372
-9.57160264855977
-9.422944070274538
-9.407205381975759
-7.125495296017544
-8.269098261419645
-10.690504414526547
-11.142629188253613
-9.235935856223131
-10.14145048367124
-10.592228985484999
-8.087348476933062
-10.294678674073404
-11.859305806911294
-9.636543484889678
-9.855497452528263
-8.125526271529553
-11.310902864210828
-10.75106102780009
-9.217887664724046
-8.766412637479498
-10.66633478652939
-11.01288029837992
-10.798452207263272
-10.968781186881367
-9.97766382108586
-10.9064
-10.524819173750133
-7.887987435357699
-8.750979038612865
-9.27603000387049
-9.339145160491046
-10.798452207263272
-9.123890651512918
-12.51508812852822
-8.493201818616743
-9.093200501400167
-10.551844676759947
-11.301712421363659
-11.282294706973245
-11.379175379970073
-11.328755684097127
-8.376770735078088
-9.990128990276236
-11.615306534666518
-13.08765323151567
-9.073590013285088
-9.897063545412497
-11.02751883200479
-9.526886989497152
-9.965455684097126
-8.404668016524965
-8.979648431628029
-10.91836149100842
-10.00286224806851
-11.125239578014755
-8.806468827017602
-7.154532351087759
-10.136590754605125
-11.363593594724334
-12.269708234678799
-10.82365063424592
-11.8607251371514
-10.770034922143951
-10.849969352323791
-11.100898607615251
-13.360300100907246
-12.406051045876413
-11.533580927669833
-10.933661403519878
-11.859305806911294
-10.147992800703957
-9.374253057869572
-9.235935856223131
-10.020233251995142
-11.301712421363659
-9.435152207263272
-10.66633478652939
-7.363812016501167
-11.611398443466186
-10.692563803271254
-11.619240593440683
-12.213269352323792
-9.188642279364863
-10.628123227645178
-12.742475379970074
-11.908673861891097
-9.348127922813593
-9.092646902793048
-10.500463095218551
-10.849969352323791
-7.6784756731196255
-10.854833517522913
-11.053507428152066
-12.037582203402055
-12.372930049311837
-11.588101988632712
-12.406051045876413
-7.675436793905126
-8.877058808194944
-9.147726178638813
-8.550122888211291
-11.340963821085861
-7.867857386065587
-7.8525401456788275
-9.722364623465898
-9.930272641622677
-9.585430899918135
-11.18943240970703
-7.4914991962860515
-7.968859034796836
-11.038517420733882
-8.463788138190873
-8.01452515719452
-8.252132239057655
-10.415577795908094
-12.37873821177778
-11.397209474644901
-11.020570299653794
-8.366115723823626
-11.249695262782446
-12.213269352323792
-10.203109188867867
-12.213269352323792
-12.029634786529389
-10.66633478652939
-9.904647392321525
-9.461278084266668
-9.387761027800089
-9.374253057869572
-9.157581757428655
-7.17402668756364
-6.986434395353455
-7.637288386177411
-9.845546400351978
-10.150464928166793
-7.226894193088706
-11.987734283205778
-11.495070589579464
-11.053507428152066
-9.690207428152068
-12.680094193088705
-7.961671906094123
-11.34966180683214
-8.396928381253725
-9.605481186881368
-6.7820005138845385
-8.804765016727627
-8.991440844506698
-10.044861438560808
-6.876255578732937
-9.365415973410757
-9.705586829643597
-9.129752814918648
-8.894617468957303
-9.639323178573704
-8.32957014749396
-9.855497452528263
-9.679451045876416
-8.384291474380149
-11.074365408945583
-10.276012809464353
-9.85670289644757
-10.48370101272421
-10.374642794877461
-9.427681874318274
-13.08765323151567
-8.15091504521503
-9.593369722873039
-9.503041095881754
-10.048325893543263
-9.798155220888795
-9.182073861891098
-9.729431944797781
-9.556755551297702
-11.108346173325108
-10.628123227645178
-8.338404365455073
-11.802875159235086
-8.511577993628435
-10.9064
-9.31499627753781
-10.628123227645178
-9.398329949760786
-8.956862641456684
-9.406781951308531
-8.45241997454247
-10.131770589579466
-8.680870973564565
-10.578459209816332
-6.388604818470733
-8.922324839963803
-9.450142214681458
-10.372800954003505
-10.152781597232181
-8.822027862511472
-11.494601503099267
-11.592794880069235
-6.871039036906869
-10.265736164181437
-8.771656036074907
-10.936769408909713
-9.409563304913675
-9.42070852155225
-7.382872950395346
-6.684856427764541
-9.918994706973244
-12.678674918736265
-9.185300429370505
-12.982540593440683
-9.842593408359331
-10.97539660394099
-8.358076396490759
-8.4734312449536
-11.451730664299598
-12.58330289644757
-9.010138168485962
-9.156875434908452
-7.866325952801714
-7.181766322834881
-9.886395262782447
-8.737301621240773
-7.637288386177411
-11.007060492170027
-7.980583648959858
-8.854429034556471
-10.029180966146379
-8.73276463607318
-10.75106102780009
-9.990128990276236
-8.094481980901746
-8.1798
-7.570189455871152
-10.781430436709803
-11.218797452528264
-10.912350539205159
-7.769405806911294
-10.368644023529619
-10.070991768133984
-9.625553402905037
-7.738267202103324
-11.921686993792662
-7.831786993792662
-9.112452049464618
-9.014871200168987
-10.558386993792661
-8.68641737166241
-8.1798
-10.925656125381465
-9.27043745689118
-12.186624542263845
-9.901493718532683
-10.217729034556472
-9.596342051356068
-8.071852207263273
-7.63657998657389
-10.114753501276528
-8.229168054979803
-7.865628985484999
-11.892799622370616
-9.886395262782447
-12.114361027800088
-10.074758337075371
-8.133685431433452
-9.780212221477962
-10.115981022732303
-9.573469408909714
-10.94936719623642
-9.574092972597871
-7.93973478652939
-10.579140145678828
-11.997000100907245
-9.750904193791559
-9.034709066350853
-11.315374918736264
-10.954804287985588
-10.467118435489247
-8.25886042131468
-11.296998342600027
-11.303909786846347
-12.332081186881368
-10.415577795908094
-8.757373837264442
-8.636993594724334
-10.779038216618325
-11.771430230198236
-13.360300100907246
-12.506812221477963
-10.034783080620391
-8.933489455871152
-8.319364986443741
-10.252669434924325
-12.23520051388454
-8.462832409707032
-8.771825292198347
-10.467118435489247
-9.930272641622677
-10.592228985484999
-10.798452207263272
-9.860035975328717
-9.707381348292854
-12.680094193088705
-8.002115973410758
-9.953494193088705
-9.007736243621098
-10.276012809464353
-9.824035221766799
-9.039748021592752
-9.228928985484998
-11.727188386177412
-8.963858864780866
-10.526375215821009
-12.39154574881455
-12.447976396490759
-11.301712421363659
-11.865256346116453
-8.316128684206275
-12.908434792396292
-8.384295137996919
-8.65047396279628
-9.561134094674827
-11.727188386177412
-10.604292457845496
-9.50221166730738
-8.290120836663698
-6.723036384947847
-11.042751045876413
-10.770034922143951
-13.22408784439896
-10.385596165857681
-9.839655071474102
-9.392333047949034
-11.316794193088706
-11.859305806911294
-12.406051045876413
-11.72435323151567
-11.588101988632712
-12.815030664299597
-10.063815029752403
-10.628123227645178
-11.495070589579464
-10.728212854304912
-10.633700100907244
-11.991423227645177
-11.042751045876413
-10.199509945764476
-11.997000100907245
-11.58102903455647
-8.626828990276236
-7.529340593440684
-10.358052395820442
-10.707183648959857
-13.49663492214395
-10.929337424290848
-9.19180679888084
-11.023897575045279
-7.012125621610586
-10.318321780322053
-10.056724242400541
-9.193446896336752
-12.13333492214395
-10.439575159235085
-10.081187630595826
-8.770072955015353
-10.75106102780009
-10.733118028389258
-10.628123227645178
-11.828860281315194
-11.877339901586122
-9.406781951308531
-13.044921780322051
-8.282325618928706
-7.225490275993837
-13.621275385836977
-10.439575159235085
-9.279054652426371
-9.864598678712262
-10.181834792396293
-9.789115752675771
-11.117577842048563
-11.72435323151567
-12.634527587233347
-9.073590013285088
-10.388058014174566
-10.849969352323791
-10.558386993792661
-7.637288386177411
-7.068828859967692
-10.497443330928675
-6.467829499369537
-11.199039421341938
-6.810608671122123
-10.398009066350854
-12.815030664299597
-13.222605806911293
-10.190606414566668
-11.52797203513727
-12.815030664299597
-7.067922855709526
-10.085611613822588
-11.459550617166522
-8.80137203513727
-8.1798
-10.585304068330938
-8.984146028589498
-9.675217420733883
-12.13333492214395
-9.2394706348845
-11.165385028892919
-9.134098817458387
-10.238343195804125
-10.056724242400541
-9.410982579266117
-9.4486260200829
-10.75106102780009
-12.13333492214395
-9.611232408236749
-12.7757958061075
-9.024758014174568
-9.907927587233347
-10.131770589579466
-9.789115752675771
-8.663195820196382
-10.04279245450835
-9.598938869848652
-10.91836149100842
-10.75106102780009
-10.662868451176971
-9.218571747604514
-9.531375385836977
-7.226894193088706
-9.704808297424679
-10.707183648959857
-10.635570793355035
-6.127829034556472
-11.04596498644374
-9.369818028389258
-11.473081241819743
-11.997000100907245
-13.49663492214395
-6.360265156308076
-7.033884745694697
-11.143512221477962
-12.749128173058226
-10.102121708512662
-10.11582525486047
-10.180443671118251
-12.312667196236418
-11.451730664299598
-6.415956516121968
-11.026508401866895
-6.296433646128051
-11.305069578925682
-10.856000032353478
-11.991423227645177
-8.53808527020063
-9.03868627782923
-9.123890651512918
-10.371036243621097
-8.863753222018637
-10.0884306642996
-8.869419041974655
-9.924832416513045
-10.318321780322053
-11.179019974542472
-9.755124266305913
-7.443649336154373
-7.511810864955094
-8.465896218262564
-8.248048674652798
-9.310065941078214
-11.928847446639367
-12.678674918736265
-8.626828990276236
-10.591460697268442
-7.678983672865228
-9.679451045876416
-8.217695870437822
-10.855376455357547
-10.164672035137269
-10.388058014174566
-10.276012809464353
-9.883231905299159
-8.28379614557883
-9.790912639236094
-9.922355588280736
-10.849969352323791
-12.147132361574668
-5.60641133445229
-5.97249006235656
-8.520626395258002
-9.762797034597899
-11.495070589579464
-9.197100589612278
-8.832632450486287
-8.79297368627999
-9.519878448533971
-9.392333047949034
-9.78286925062157
-8.230456572718346
-8.659190797029694
-8.8452494139775
-9.573469408909714
-10.514087100082264
-10.261891132645845
-8.1798
-10.144712605792135
-8.420457583372128
-12.678674918736265
-8.179794546726113
-11.847119866410793
-9.592468054979804
-8.697853124352317
-9.175673003147715
-8.778150483671242
-8.476355071474101
-10.076796458424212
-9.460350634245922
-10.6420022646833
-10.122246411010119
-8.763689349595216
-7.4659537359031765
-10.082658621829943
-11.859305806911294
-9.387761027800089
-8.779779298088268
-13.22408784439896
-10.526375215821009
-9.618786773057675
-8.283030049311837
-11.23780771725288
-10.438680110585087
-11.75296809687788
-8.822027862511472
-9.037223183364942
-8.882854029018526
-10.469944568144799
-9.965455684097126
-8.96608890006195
-7.5799477212580255
-12.760509474644902
-11.021942208641248
-11.72435323151567
-11.199059835929821
-11.042751045876413
-8.863753222018637
-10.849969352323791
-11.068886829643597
-10.662400727755221
-9.0844044448443
-8.847073987585325
-8.590194193088706
-7.48176726548593
-9.65213821177778
-11.451700050453622
-8.311917420733883
-10.79746623922996
-9.264823227645177
-11.009630049311836
-10.708030073217206
-7.995573656378042
-12.982540593440683
-10.320078676766041
-9.807334841467766
-11.199059835929821
-12.213269352323792
-11.562809945764474
-11.165385028892919
-12.951401988632712
-10.056724242400541
-10.628123227645178
-12.842581022732302
-11.005415984068897
-10.085611613822588
-10.834038157999053
-11.931638045968947
-8.1798
-13.222605806911293
-13.210881192748271
-9.918994706973244
-9.713428979618095
-9.163075215821008
-8.495215676569126
-10.413256441157214
-11.619240593440683
-10.783832361574667
-13.222605806911293
-10.217729034556472
-11.208846400351979
-8.1798
-9.40289118758422
-8.1798
-7.225490275993837
-8.1798
-7.059741311247558
-9.550704329801398
-10.439575159235085
-10.224801988632713
-10.296789455871153
-10.526375215821009
-7.2258294184976855
-9.807334841467766
-8.972045729751692
-8.332439444517215
-11.509650431642017
-13.005888467430589
-9.378721559587065
-9.57973479718753
-11.495070589579464
-12.229641095881753
-9.153799720629701
-11.830418435489246
-8.13753186321709
-9.537208671122123
-10.658492636554891
-7.699932775404602
-9.598938869848652
-13.451244252017474
-7.907141192619206
-10.798452207263272
-10.928366244900111
-10.085611613822588
-7.645155798500642
-13.08765323151567
-10.568680308074786
-9.178864782668171
-9.406781951308531
-11.012456181967389
-8.717887630595825
-10.631835300413927
-7.738267202103324
-8.384249659791537
-9.953494193088705
-9.952074918736264
-9.760314569823006
-8.320734808340351
-12.2697
-11.72435323151567
-11.997025319421034
-11.921686993792662
-10.707183648959857
-9.215908282357328
-10.579140145678828
-8.139741095881753
-8.847823691058133
-13.41483992872639
-11.143512221477962
-8.986546455290355
-10.164672035137269
-10.403258949163904
-7.912730003870491
-10.968781186881367
-13.222605806911293
-9.816659028929932
-10.318321780322053
-8.697853124352317
-10.467118435489247
-9.412079709225925
-9.20839257996897
-7.712975159235086
-12.029634786529389
-9.387761027800089
-9.537208671122123
-11.305069578925682
-11.859305806911294
-7.934625589425989
-8.749573017342467
-9.594181488987589
-12.13333492214395
-12.13333492214395
-6.715500343447796
-9.415738216618324
-10.706666791156994
-7.810466161991691
-8.533763545412496
-9.324988290914238
-7.225490275993837
-9.423911511122432
-13.49663492214395
-8.395128413816096
-9.52559901155944
-11.076728979618094
-11.179068455388332
-10.439575159235085
-9.141654193873899
-10.63933000387049
-10.309614657706964
-7.2901971005321275
-10.810917376453647
-8.563566647567244
-13.360300100907246
-11.206286290701007
-7.225490275993837
-8.316128684206275
-8.588786731975965
-11.379175379970073
-10.613679541934154
-11.215571529457929
-9.66077373502286
-8.635713434945224
-12.2697
-9.401584387220742
-8.356478355933103
-11.483973837264443
-10.450987671375081
-8.560630552413032
-11.30044397987374
-10.770034922143951
-11.639312809464354
-11.174346914236517
-9.74758745936813
-11.097291390509433
-8.87898425271195
-10.439575159235085
-9.75767082363892
-8.621511678529549
-9.918994706973244
-9.132705806911295
-8.220860355080397
-11.143512221477962
-11.619240593440683
-8.185152786840224
-7.0900590289299315
-11.860787844398962
-11.859305806911294
-8.675786405775579
-8.763267284953727
-7.225490275993837
-9.599589858003492
-10.238439605000123
-11.609454029018526
-10.647302902168875
-10.729593769964692
-8.326907428152067
-11.997000100907245
-9.027230141637403
-12.293869627997156
-13.22408784439896
-11.819800501400167
-12.982540593440683
-12.332081186881368
-11.983337676365224
-11.134740599307587
-9.68266498644374
-10.579140145678828
-11.32899739615077
-12.815030664299597
-8.236941562711204
-12.965039605000122
-8.697853124352317
-10.526375215821009
-8.200280683557757
-9.845546400351978
-11.412591548918893
-9.415738216618324
-12.480877842048564
-9.692324467030282
-7.451762209613671
-6.454509310495836
-7.87581620586034
-7.8410694138626775
-7.951696277537811
-8.700515029752404
-9.681167959939044
-8.776526137886488
-9.47600106969374
-9.410982579266117
-10.276012809464353
-11.316794193088706
-8.931378674073404
-9.886395262782447
-10.059550375056094
-11.260363545412497
-11.076728979618094
-9.34036889347358
-9.875915809261691
-10.592228985484999
-9.543099999999999
-10.296789455871153
-10.345238854860328
-7.7458996730474885
-6.1390358107817855
-11.991423227645177
-8.780105599373561
-8.30837559361843
-9.704497170950267
-9.712009705265652
-9.952074918736264
-10.11910542928191
-11.860787844398962
-11.451730664299598
-10.413256441157214
-10.75106102780009
-10.526375215821009
-10.798452207263272
-12.345386773057674
-9.720856788062395
-11.424410517374318
-9.413224712990184
-8.882854029018526
-8.683637677978384
-9.147695814329479
-11.660089455871152
-12.982540593440683
-8.685025893543262
-11.72435323151567
-10.849969352323791
-9.886395262782447
-11.061147194372355
-10.12857881005901
-10.628123227645178
-13.222605806911293
-11.434291768133985
-8.1798
-9.690207428152068
-6.0450796688023924
-11.134740599307587
-12.161752207263273
-9.729431944797781
-13.49663492214395
-11.17995902892993
-12.424447194372355
-11.009630049311836
-11.969626643574992
-7.858704068330939
-11.097291390509433
-11.473081241819743
-7.497079573761632
-10.217729034556472
-8.984146028589498
-8.7251157920004
-11.440096458424211
-14.109735753714231
-11.02245525114765
-9.256810686250907
-7.164572216534621
-7.192618173164679
-9.855497452528263
-8.534258941492297
-11.737942794877462
-12.352153402905037
-11.802875159235086
-8.629353828504048
-8.725428188761729
-8.24047321772328
-10.04004500796723
-12.053804414526544
-9.058251829633889
-12.114361027800088
-8.87318368705708
-11.437186999659566
-7.98270198276581
-9.571915406214796
-10.698785300102578
-8.375945545164472
-11.660089455871152
-8.99587064275252
-9.8367312449536
-8.75566573544669
-8.090649775502536
-10.434216989931445
-10.49689458416177
-12.40926498644374
-9.420532361574669
-9.675217420733883
-8.390977842048564
-9.543099999999999
-10.892936548560211
-11.615306534666518
-9.952074918736264
-9.39694064837906
-11.107514024674872
-9.965455684097126
-11.46847364138972
-10.529499622370617
-10.849969352323791
-10.091562153027748
-9.455224423286943
-9.310982203402054
-10.224801988632713
-9.543099999999999
-11.619240593440683
-7.784092264634453
-9.037223183364942
-9.911226056305795
-9.747576024487028
-10.361053231515669
-11.06997849745458
-7.098006445802596
-7.202421500951755
-10.067527702954726
-8.1798
-11.751358014174567
-9.907927587233347
-11.288132416513045
-12.2697
-9.378721559587065
-10.577439272152946
-9.918994706973244
-11.305069578925682
-11.053507428152066
-9.729431944797781
-11.049832307553118
-7.226894193088706
-7.674931826994194
-7.259761806832142
-10.388304762945456
-10.085611613822588
-10.628123227645178
-11.271227587233346
-8.996506029100486
-10.270851893076529
-10.90937526960258
-13.49663492214395
-10.83824473816077
-7.070281356659803
-11.639312809464354
-10.694630380123881
-10.100601621240774
-12.119851703939661
-10.94303479718753
-10.798452207263272
-10.045552709704342
-9.54905053920516
-11.293572641622678
-10.592228985484999
-9.049956441157216
-9.897063545412497
-9.771440599307587
-6.452584909016699
-10.798452207263272
-10.182881476457514
-11.633219373171242
-11.206286290701007
-8.123979915261355
-8.256328983678614
-7.359011613822588
-9.004890592375174
-10.558386993792661
-10.347538172962446
-7.6589961658576815
-9.855497452528263
-10.428906876605035
-12.246478448533972
-9.27043745689118
-7.871227832569822
-11.859305806911294
-10.439575159235085
-8.984238172962446
-10.637713064907025
-11.784329948888615
-8.3104390837182
-11.833527924774845
-9.228928985484998
-10.94303479718753
-8.442187496233732
-11.62306765328833
-6.853828055060014
-7.907141192619206
-11.619240593440683
-10.75106102780009
-10.9064
-10.97539660394099
-8.468590059623246
-8.675376050901457
-11.080689353362251
-13.525052207263272
-12.812211613822589
-10.628123227645178
-9.042537836280669
-11.271227587233346
-9.624873249278053
-11.860787844398962
-12.219755891075879
-7.555569610182548
-10.924434094674828
-8.507444827334627
-9.253824638916084
-8.17743642932749
-7.308259724916574
-7.019279493191284
-10.628123227645178
-11.038517420733882
-9.508600513884538
-10.592228985484999
-10.592228985484999
-9.28362079588444
-10.388058014174566
-12.634527587233347
-10.66633478652939
-8.850556244853314
-8.830247565204386
-11.751358014174567
-8.80137203513727
-13.360300100907246
-9.65213821177778
-11.519907342905995
-10.279288467430591
-7.122211793607141
-10.514650601657985
-8.912712809464352
-9.434018485537761
-7.852608282357328
-12.880114724134621
-9.952074918736264
-10.756551703939662
-7.225490275993837
-7.710290013285088
-9.862884392700817
-8.836209945764477
-9.210684567880046
-10.497487844398961
-9.930272641622677
-11.859305806911294
-11.619240593440683
-11.038517420733882
-9.519309420458287
-9.52559901155944
-7.159795262782446
-9.931412341045197
-10.236526602795735
-11.786943964910348
-10.292995450005309
-10.156607342905996
-12.75578096614638
-8.854429034556471
-11.991423227645177
-9.543099999999999
-11.337274876646463
-9.81384632213334
-11.619240593440683
-11.463901621240772
-11.260363545412497
-10.170280927669834
-9.261134283205779
-9.845546400351978
-12.440028979618095
-9.573469408909714
-11.09273194479778
-11.448911613822588
-10.255940593440684
-8.652575379970074
-11.619240593440683
-13.234690620909873
-7.93973478652939
-9.865618616375647
-10.340666834711383
-13.525052207263272
-9.945262649040863
-10.421029948888616
-9.646330049311835
-10.733118028389258
-8.96832736649836
-9.425365642841115
-8.220860355080397
-8.7251157920004
-7.634479158876101
-12.114361027800088
-7.86385329845913
-9.952074918736264
-7.649249877185833
-8.487201020622267
-8.181163337874763
-11.208846400351979
-10.074758337075371
-11.997000100907245
-10.688452164058702
-10.652678445800657
-8.75894641101012
-11.100898607615251
-8.468789109363986
-10.311779463289337
-9.27043745689118
-9.54905053920516
-10.677393475294046
-8.500280495026807
-9.134098817458387
-9.435152207263272
-11.619240593440683
-9.089886647597055
-9.163075215821008
-9.965455684097126
-9.531375385836977
-12.213269352323792
-12.114361027800088
-10.363888386177411
-12.480877842048564
-12.213269352323792
-10.798452207263272
-11.038517420733882
-8.87898425271195
-8.26089387609143
-11.983337676365224
-9.58606719623642
-10.798452207263272
-8.596144732293865
-11.58102903455647
-8.7251157920004
-9.103818435489247
-10.592228985484999
-9.29069115215465
-8.64733575579991
-9.530772771906609
-8.975093996345722
-7.557636187035176
-11.072794920843927
-11.699429849543792
-10.371036243621097
-9.120488003492618
-11.038517420733882
-8.653892563310169
-10.100601621240774
-7.495586322863728
-9.072519355367332
-8.385924551056076
-8.892640593440683
-9.013193300105915
-8.316128684206275
-11.915144676759947
-11.685299303807625
-8.827306414566667
-11.997000100907245
-7.361820253650936
-11.72435323151567
-12.029634786529389
-10.497487844398961
-9.992691528139332
-10.120051712025425
-9.132705806911295
-7.686656441157215
-8.984238172962446
-10.403048021592753
-10.497487844398961
-10.628123227645178
-10.413256441157214
-9.48666935232379
-9.175673003147715
-9.651071476157085
-9.195086993792662
-10.888899011559438
-11.233633093196213
-11.454862153027747
-9.078972538238466
-6.721068775717862
-11.908673861891097
-10.928107779680271
-10.861930843332214
-9.272270793355034
-8.483214244629872
-9.632398261419644
-7.112664392695704
-8.291835336897993
-10.388058014174566
-9.789115752675771
-11.260363545412497
-7.93440648836247
-9.264823227645177
-11.776556441157215
-11.315374918736264
-10.246154029018527
-9.306995160273546
-9.679451045876416
-9.406781951308531
-11.042751045876413
-11.72435323151567
-9.218571747604514
-10.361053231515669
-10.66633478652939
-8.861445817325126
-11.179019974542472
-8.940629849982894
-8.578469578925683
-11.588101988632712
-8.80137203513727
-10.715702841509193
-9.57973479718753
-8.212042073624838
-10.803406827533562
-11.04596498644374
-11.100898607615251
-11.181841617693081
-9.573469408909714
-10.948730899918136
-9.758096316770548
-10.558386993792661
-9.361046406218883
-9.952074918736264
-7.225490275993837
-9.531375385836977
-11.218797452528264
-7.712975159235086
-10.558386993792661
-10.056724242400541
-9.816659028929932
-9.211766228225974
-8.839809188867868
-12.114361027800088
-9.435152207263272
-10.303167330834437
-8.619318441356151
-12.815030664299597
-9.352317046164849
-7.8085654423266355
-9.092646902793048
-11.478969486988635
-9.531375385836977
-9.514212628577953
-8.123369352323792
-10.236526602795735
-7.897834283205778
-9.514212628577953
-8.390977842048564
-8.1798
-9.516961319113936
-10.056724242400541
-10.074758337075371
-11.660089455871152
-8.185332049192256
-11.093543560644106
-8.287984669582126
-8.30749343750712
-9.387761027800089
-12.010602902168875
-8.975093996345722
-13.633
-13.39293478652939
-7.830144624730722
-8.950652213130176
-10.147992800703957
-11.24443235108776
-7.089401534506806
-9.662043421104885
-8.783050431642016
-9.592468054979804
-10.260298465465752
-11.96253585622313
-11.451730664299598
-12.374341429401344
-12.04970700255306
-10.164672035137269
-10.558386993792661
-10.613503381956573
-7.6519141526322905
-7.858704068330939
-8.955021780322053
-9.625553402905037
-9.802085028892918
-8.288781276827304
-10.10824138746106
-10.347538172962446
-8.847073987585325
-11.218797452528264
-10.707183648959857
-11.589962799622704
-8.70886842399412
-11.310222248830973
-7.226894193088706
-9.038736793905127
-11.204912341577812
-12.38719757504528
-12.246478448533972
-12.20260106969374
-11.871267297919715
-8.588786731975965
-8.183959089526246
-10.413256441157214
-7.769405806911294
-12.070483648959858
-12.06501119075186
-10.040718353414714
-10.148486401122025
-9.00864492884313
-11.72435323151567
-9.369818028389258
-8.306026091856006
-8.603365232356767
-11.588101988632712
-10.558386993792661
-11.72435323151567
-10.072875052604678
-10.592228985484999
-8.763689349595216
-12.123612931820656
-12.746833251995143
-11.165110008217301
-11.371333229995574
-10.340666834711383
-10.660834394388845
-12.660298342600028
-9.57973479718753
-10.947270008296188
-12.161752207263273
-10.04279245450835
-9.543099999999999
-11.806113491832223
-12.13333492214395
-8.888706534666516
-10.215881689322437
-10.9064
-10.968781186881367
-10.363888386177411
-10.66633478652939
-7.3972231727068
-8.809891227686604
-10.647302902168875
-8.275229635324328
-10.131770589579466
-11.06997849745458
-11.956225952801713
-11.806113491832223
-10.217729034556472
-11.260902039007762
-10.131770589579466
-10.9064
-11.599826602795735
-8.1798
-8.902471248340076
-7.226894193088706
-10.606326643574993
-9.252479494677745
-10.199509945764476
-10.013249771821641
-10.9064
-8.544627587233347
-12.300069408909714
-10.75106102780009
-12.037582203402055
-11.117577842048563
-10.423643964910347
-7.826873491176974
-10.164672035137269
-11.315374918736264
-10.798452207263272
-9.274899732447674
-10.523267210431174
-10.568338045968948
-8.453359028929931
-8.981938854860328
-8.566972641622678
-9.667862373762738
-8.588786731975965
-10.224801988632713
-9.814782407177624
-11.196155135089045
-10.255940593440684
-11.260363545412497
-9.722978761926647
-10.33839399634572
-10.347360735821752
-8.275229635324328
-8.471490018076326
-12.57888330676179
-9.555061491008422
-9.807334841467766
-9.126814478033419
-8.829076441795793
-10.983519960014938
-9.66581922868851
-13.251341606318924
-11.082088836361143
-11.991423227645177
-10.323386975560854
-11.639312809464354
-9.406781951308531
-9.092646902793048
-9.907927587233347
-12.54231997454247
-12.2697
-12.13333492214395
-12.2697
-11.451730664299598
-7.581935215899895
-9.198385462865112
-8.312657975761235
-9.555061491008422
-9.514212628577953
-10.355656842129568
-6.8165
-9.745879493191284
-10.496005806911294
-11.588101988632712
-11.997000100907245
-8.38174617332511
-11.228918616375648
-9.543099999999999
-10.217729034556472
-9.268535300413928
-9.123890651512918
-10.798452207263272
-8.441265980612409
-8.1798
-11.379175379970073
-7.715132078440848
-11.143512221477962
-12.533934841467765
-9.675217420733883
-10.070991768133984
-8.763689349595216
-8.123369352323792
-7.491129034556471
-10.592228985484999
-9.268535300413928
-8.03642251880851
-10.402036793905125
-10.968781186881367
-8.285415354064487
-9.713428979618095
-7.599002822709992
-10.68958019781356
-10.628123227645178
-9.311342357717145
-9.05230363993207
-9.435152207263272
-6.997905036386455
-12.33869660394099
-9.243026643574993
-10.995698261419642
-10.558386993792661
-10.00286224806851
-10.439575159235085
-9.163075215821008
-10.057006249391907
-8.091924423286942
-11.161455220888794
-10.974532408236747
-7.047983433584586
-10.236526602795735
-7.989021335341583
-9.537208671122123
-10.526375215821009
-10.199509945764476
-8.193431316277247
-7.162975612419655
-12.161752207263273
-9.911226056305795
-11.892799622370616
-10.388058014174566
-9.751745805400473
-9.39694064837906
-10.033909474644902
-6.839068262686551
-11.727188386177412
-8.680870973564565
-10.029180966146379
-11.859305806911294
-11.792471254223706
-9.990128990276236
-11.260363545412497
-10.837190287895993
-6.875339359765916
-10.33162736649836
-8.311917420733883
-9.425365642841115
-10.276012809464353
-6.897186626046363
-9.310982203402054
-6.31037129071397
-6.5547333223352515
-7.19116714827529
-8.738821708512662
-8.768470589579465
-10.783832361574667
-11.519907342905995
-12.213269352323792
-11.859305806911294
-10.102121708512662
-11.000241544427386
-9.816659028929932
-11.288132416513045
-11.369906702016255
-12.092454709012294
-11.097291390509433
-7.8285067988808406
-9.930272641622677
-9.044830230198237
-12.2697
-11.134740599307587
-11.157822855709526
-8.591379526151632
-9.101005728692655
-12.54231997454247
-10.733118028389258
-9.166199622370616
-9.736776853608003
-12.678674918736265
-9.789115752675771
-10.347538172962446
-8.566972641622678
-11.076728979618094
-10.255940593440684
-13.769351045876414
-13.22408784439896
-8.588786731975965
-11.615306534666518
-9.34430670983329
-8.955021780322053
-11.802875159235086
-10.75106102780009
-10.94303479718753
-12.937705394308576
-9.907927587233347
-10.015875379970073
-7.472909945764476
-7.647319724972191
-9.33966958371692
-10.707183648959857
-9.425365642841115
-8.57515859775326
-6.8450026485597695
-7.980583648959858
-7.729900501400167
-12.572146400351977
-10.933661403519878
-11.615306534666518
-12.096418028389257
-10.66633478652939
-12.230910808086492
-10.190606414566668
-9.401584387220742
-11.463901621240772
-11.72435323151567
-9.002961430104383
-9.201702410852285
-8.867524404622927
-9.185300429370505
-8.549029642211847
-11.434291768133985
-9.83575983592982
-9.72137639649076
-10.75106102780009
-9.745879493191284
-9.263714128974593
-10.0884306642996
-8.74494138746106
-9.612096603940989
-9.253824638916084
-9.014971449752409
-8.948479463289337
-9.747633291922078
-9.47600106969374
-9.618786773057675
-9.675217420733883
-9.816659028929932
-9.54905053920516
-10.140033742796485
-8.42581575267577
-10.363888386177411
-10.849969352323791
-9.855497452528263
-9.365415973410757
-10.413256441157214
-10.01063575579991
-9.081986029614718
-8.7251157920004
-11.860787844398962
-12.61056851175163
-12.651432416513044
-12.452202867852979
-9.537208671122123
-12.716728990276236
-12.213269352323792
-11.206286290701007
-10.320078676766041
-10.519559012502766
-9.497533394144641
-9.624873249278053
-13.222605806911293
-7.740518435489247
-10.26308845088437
-9.675217420733883
-12.963126602795736
-12.213269352323792
-9.990128990276236
-9.60416692736907
-9.52559901155944
-7.86354299272061
-9.905738772662216
-8.202737424290849
-8.898591132645844
-7.890524638916084
-8.583131600392303
-7.109159835929821
-8.631889479776522
-11.316794193088706
-10.555106798880841
-8.820558262204838
-8.997776801796418
-10.497487844398961
-9.78848812852822
-11.888119173750132
-9.284079353026645
-7.225490275993837
-8.316128684206275
-9.952074918736264
-8.316128684206275
-11.353428990276235
-10.769564835841226
-8.316128684206275
-9.815719974542471
-8.740345708497417
-9.228928985484998
-9.697847194372354
-8.491194787314585
-8.712039941903257
-7.591721780322053
-10.9064
-7.8761706348845
-8.497236407770162
-11.260363545412497
-9.756820753618983
-10.849969352323791
-12.310570008296187
-10.296789455871153
-12.33869660394099
-11.955528985484998
-11.52797203513727
-10.834038157999053
-13.087653231515668
-10.724346406218881
-10.987643414821799
-7.1189464003519785
-8.086842214681457
-11.660089455871152
-9.198385462865112
-9.268535300413928
-8.207061403519878
-9.367612909761421
-11.448911613822588
-7.547781751498462
-10.029180966146379
-7.566355532896479
-9.450142214681458
-9.714060861926926
-11.759697631391223
-9.68266498644374
-10.439575159235085
-9.211766228225974
-10.081187630595826
-11.151788128528219
-10.849969352323791
-8.125396648744038
-9.29910072775522
-7.763807656384136
-7.73073187106709
-11.018864738827013
-9.306995160273546
-10.75106102780009
-12.215426271529555
-9.531489224266984
-10.955768054979803
-10.236526602795735
-13.193718435489247
-10.34294843162803
-9.48131118302015
-9.816659028929932
-10.9064
-9.978487289860471
-11.208846400351979
-10.707183648959857
-12.480877842048564
-9.543099999999999
-10.347538172962446
-11.859305806911294
-8.722311613822589
-10.650753001283649
-12.812211613822589
-8.678117137589874
-8.908643558620371
-11.17995902892993
-10.493941356266966
-11.208846400351979
-7.6889945946336695
-8.882854029018526
-9.90902503642092
-9.415738216618324
-9.311342357717145
-10.66633478652939
-10.029180966146379
-10.388058014174566
-9.639323178573704
-12.2697
-10.558386993792661
-9.926753451186597
-10.628123227645178
-9.378721559587065
-7.1622320013646545
-8.613131617379555
-11.499890754605127
-9.969091767176089
-9.284194047825798
-10.762093775610733
-9.492076455357548
-9.31499627753781
-9.807334841467766
-8.740345708497417
-7.972185300102579
-11.161455220888794
-9.330502883598994
-10.199509945764476
-9.215159209816331
-10.467118435489247
-8.042025781453766
-7.470939648880705
-11.068886829643597
-9.387761027800089
-10.199509945764476
-10.147992800703957
-10.871900513884539
-7.675436793905126
-10.9064
-10.340666834711383
-12.572146400351977
-11.776556441157215
-10.251810516234936
-11.117577842048563
-8.534258941492297
-11.002623178573705
-11.859305806911294
-9.639323178573704
-11.096801195641765
-11.228918616375648
-8.022642059649966
-8.411633669422766
-10.413256441157214
-8.588786731975965
-9.424880535343942
-11.451730664299598
-11.315374918736264
-9.215908282357328
-10.885460045450618
-10.04279245450835
-9.918994706973244
-8.479293408359332
-9.569370277668545
-12.769392454508349
-11.485546411010118
-9.924606821666659
-9.406264835841226
-9.705586829643597
-8.910674688115513
-8.04108821408892
-11.06577882425376
-12.815030664299597
-9.359090572909937
-11.860787844398962
-9.816659028929932
-8.43667979449662
-12.678674918736265
-7.351072091318116
-5.840258792248771
-11.955528985484998
-11.830418435489246
-11.710838172962447
-9.716883079626061
-8.287984669582126
-7.789118219350143
-7.757681192748271
-10.17663352614569
-8.084342572149955
-9.69165318345795
-8.279516248688884
-8.699627727952375
-10.267902084449105
-10.9064
-9.23523142584
-8.791308217763579
-9.00534402352962
-9.225456402702376
-8.370658698222233
-9.163075215821008
-8.975093996345722
-10.100601621240774
-11.955528985484998
-9.514212628577953
-10.181834792396293
-10.707183648959857
-8.884798443466186
-9.163075215821008
-10.849969352323791
-10.146350431642016
-9.211766228225974
-10.91836149100842
-9.771440599307587
-12.72946224806851
-9.679451045876416
-11.619240593440683
-9.667862373762738
-9.291310172366368
-10.373919724972192
-10.798452207263272
-10.595722055600177
-12.569586290701007
-8.533763545412496
-10.53820609514847
-9.514212628577953
-10.296789455871153
-7.247865409953046
-10.798452207263272
-9.789115752675771
-12.406051045876413
-11.465421708512661
-10.568763569735744
-13.932886290701006
-9.195086993792662
-11.038517420733882
-8.671288069180136
-9.049956441157216
-9.667862373762738
-7.260764047726865
-9.555061491008422
-7.535490517617312
-10.228935810781785
-10.015875379970073
-8.827306414566667
-9.897063545412497
-7.874047236312638
-8.480735393283748
-5.833467584159933
-7.710022167242439
-7.596786975560855
-10.068001539627499
-10.53579833780879
-10.115981022732303
-8.1798
-12.053804414526544
-9.713428979618095
-11.016720836663698
-9.599618879799857
-10.33455008277075
-11.15241575267577
-11.545134792396293
-10.628123227645178
-13.360300100907246
-10.14145048367124
-8.86000590781854
-8.30928116976397
-10.879206688867233
-10.968781186881367
-7.747038824273699
-10.6027706348845
-11.059611334452292
-8.186348895665565
-8.414267062943452
-12.2697
-12.2697
-10.290479552449733
-11.08467639649076
-9.729431944797781
-8.818534792396292
-7.498149561913176
-10.892936548560211
-9.740070735078087
-9.918994706973244
-10.707183648959857
-10.628123227645178
-10.707183648959857
-9.660597575045278
-8.33301133445229
-7.769405806911294
-9.132705806911295
-7.295890797029696
-10.955768054979803
-9.886395262782447
-9.47600106969374
-11.208846400351979
-12.61056851175163
-12.406051045876413
-11.316794193088706
-9.591182335327588
-9.624873249278053
-11.038517420733882
-11.72435323151567
-10.633700100907244
-9.264823227645177
-9.842986290701006
-11.860787844398962
-10.936769408909713
-11.463901621240772
-9.392333047949034
-7.438072035137269
-10.628123227645178
-8.735785426642215
-9.605481186881368
-8.707691768133984
-10.467118435489247
-8.652575379970074
-8.861445817325126
-9.327204414526546
-9.141654193873899
-10.292995450005309
-12.337877610074191
-8.30383186945393
-10.72332382546606
-9.150739901586123
-9.31499627753781
-11.802875159235086
-10.962238869848653
-9.862564059297036
-9.141654193873899
-13.10730296720342
-10.849969352323791
-10.475637628038584
-10.075339941903257
-8.791308217763579
-10.558386993792661
-8.784692800703956
-9.705586829643597
-8.667228119553915
-10.770034922143951
-7.997746406218882
-9.559914581026009
-9.842593408359331
-7.104615441552335
-10.66633478652939
-8.847823691058133
-11.196155135089045
-8.977366834711383
-8.977366834711383
-10.190606414566668
-11.588101988632712
-12.325538869848652
-11.72435323151567
-10.633700100907244
-14.042211228325183
-12.412270442984475
-11.679432965750923
-11.577340090117072
-13.58743339414464
-12.506812221477963
-11.41301737166241
-8.21580526638162
-10.662400727755221
-9.883231905299159
-10.849969352323791
-9.935993204648144
-11.448911613822588
-10.070991768133984
-12.480877842048564
-9.081682262268842
-11.448911613822588
-10.099824111053616
-8.784692800703956
-10.75106102780009
-8.616056114204705
-9.918994706973244
-8.316128684206275
-11.997000100907245
-8.999799371876371
-14.110133251995142
-9.990128990276236
-9.410982579266117
-6.833314581026009
-10.578459209816332
-9.97766382108586
-9.514212628577953
-9.00058838617741
-12.2697
-9.990128990276236
-7.781065296552709
-7.963904414526547
-8.682252709704342
-10.115981022732303
-8.984238172962446
-8.7251157920004
-12.13333492214395
-9.306995160273546
-11.315374918736264
-10.66633478652939
-12.40926498644374
-9.965455684097126
-9.508600513884538
-12.54231997454247
-13.633
-11.997000100907245
-11.860787844398962
-8.863753222018637
-8.446816711897217
-9.89760203900776
-10.170280927669834
-8.073829082779893
-9.410982579266117
-12.54231997454247
-8.402076880366716
-9.29519263655489
-13.08765323151567
-9.150739901586123
-12.114361027800088
-8.948479463289337
-10.982086773057674
-6.058092800703957
-8.707691768133984
-8.746481241819746
-10.592228985484999
-10.565002410852285
-9.430238704647584
-10.538973003147715
-9.632398261419644
-9.679451045876416
-11.478969486988635
-9.639323178573704
-8.784692800703956
-9.789115752675771
-9.531375385836977
-8.927179552449735
-9.592468054979804
-9.953494193088705
-12.024134394388845
-11.050570435608657
-9.592468054979804
-10.085611613822588
-13.483151703939662
-8.1798
-7.498149561913176
-8.376770735078088
-12.812211613822589
-11.282294706973245
-10.75106102780009
-9.172498337808792
-8.281622025658528
-8.057232361574668
-8.970574328083913
-8.452457508135764
-10.129375143288913
-9.68266498644374
-10.340666834711383
-8.434855220888794
-9.195086993792662
-9.531375385836977
-9.556755551297702
-8.850740090117073
-11.038517420733882
-10.162982808122141
-9.410982579266117
-10.346272454293903
-9.435152207263272
-11.955528985484998
-7.488360173701114
-9.034709066350853
-9.065606876605035
-7.039466741985313
-9.034709066350853
-8.529473137745732
-9.134098817458387
-12.705993225891595
-10.413256441157214
-9.68266498644374
-8.45713021153422
-10.707183648959857
-11.575504201306007
-11.613349264562807
-10.164672035137269
-11.249695262782446
-10.269919373171243
-10.415577795908094
-13.769351045876414
-9.697847194372354
-12.2697
-13.633
-7.225490275993837
-9.604435722571809
-8.588786731975965
-9.115204818470733
-10.565002410852285
-13.222605806911293
-9.264823227645177
-7.770810686943716
-10.276012809464353
-9.492076455357548
-10.9064
-10.715702841509193
-9.922355588280736
-12.842269486988636
-10.835612125254341
-11.420024242400542
-9.420532361574669
-9.374253057869572
-9.172498337808792
-9.58606719623642
-7.924153001283649
-10.496005806911294
-9.632398261419644
-9.58606719623642
-8.752681022732302
-10.015875379970073
-10.38510502218192
-10.183578751439738
-8.523095262782446
-8.588786731975965
-8.424919350283226
-7.334554544637724
-9.30303478652939
-10.75106102780009
-8.224680198440806
-6.645875057532863
-9.907927587233347
-9.455224423286943
-8.176258172884548
-10.592228985484999
-11.315374918736264
-11.315374918736264
-8.981938854860328
-11.997000100907245
-9.789115752675771
-10.798452207263272
-8.269098261419645
-12.161752207263273
-8.31712086372991
-9.365415973410757
-11.315374918736264
-12.651432416513044
-10.129375143288913
-10.361053231515669
-8.401215682153527
-10.147992800703957
-10.496005806911294
-7.036197034597899
-10.900508671122124
-9.561134094674827
-10.879206688867233
-9.270432597365051
-8.594949830440914
-9.250203381956574
-11.18943240970703
-11.745377320065645
-8.701371659273207
-11.415269651610874
-8.629580987499587
-8.417420450673976
-7.8726358562231304
-9.653420836663699
-8.80137203513727
-8.7251157920004
-11.72435323151567
-8.75580542928191
-10.506004912631525
-8.875139605000122
-10.995698261419642
-13.360300100907246
-9.592468054979804
-10.255940593440684
-11.315374918736264
-9.087139201055935
-9.387761027800089
-9.514212628577953
-8.37925322788554
-12.447456788062395
-6.658888189434427
-11.77094661753117
-8.203969627997155
-11.340963821085861
-11.997000100907245
-12.2697
-9.28745300128365
-11.451730664299598
-11.358713295837722
-9.763655734773334
-11.72435323151567
-11.042751045876413
-10.575066228225975
-8.979648431628029
-9.789115752675771
-10.9064
-12.213269352323792
-9.952074918736264
-10.318321780322053
-10.947270008296188
-9.907927587233347
-8.1798
-10.129375143288913
-8.203353205591473
-9.754277842048563
-6.867995615500429
-8.697853124352317
-7.843748484801084
-8.296575973899067
-10.131770589579466
-8.509507803871857
-11.230963777881291
-7.398804144720086
-13.025507789677103
-9.959444732293866
-8.73276463607318
-9.729431944797781
-10.707183648959857
-10.294678674073404
-10.849969352323791
-11.316794193088706
-11.727188386177412
-9.163075215821008
-10.75106102780009
-9.82613240970703
-10.318321780322053
-8.587830622416194
-10.015875379970073
-11.639312809464354
-10.519559012502766
-10.701825898247384
-10.467118435489247
-8.643436244444773
-9.279813235063362
-11.208846400351979
-11.448911613822588
-9.153799720629701
-8.140848811204263
-9.531375385836977
-10.592228985484999
-11.208846400351979
-11.316794193088706
-11.635243558620372
-10.296789455871153
-10.413256441157214
-10.94936719623642
-11.727188386177412
-9.786430606725773
-8.886749264562807
-8.469332141115949
-12.55142023664341
-12.815030664299597
-8.263616058666889
-9.228928985484998
-9.687178911742304
-7.819095728529729
-9.990128990276236
-9.420532361574669
-8.507444827334627
-9.555061491008422
-9.195086993792662
-9.82613240970703
-10.255940593440684
-11.942440145678827
-12.2697
-10.633700100907244
-8.626828990276236
-9.450142214681458
-11.305069578925682
-7.288880795705433
-11.179019974542472
-8.343066386921691
-11.127815682153527
-12.54231997454247
-10.117541165050527
-8.097050634245921
-10.276012809464353
-8.944157738501202
-12.13333492214395
-8.53268802528536
-11.305069578925682
-7.484516372290461
-11.533580927669833
-8.646033062937358
-9.044830230198237
-8.134233394144642
-9.60331422045014
-9.993033484603735
-10.948730899918136
-11.222825180082536
-11.104842927108782
-10.00286224806851
-10.4477044448443
-9.789115752675771
-10.9064
-8.316128684206275
-11.511292800703956
-11.08467639649076
-10.04971737166241
-11.10668304395295
-7.838402410852285
-8.547926056305796
-10.628123227645178
-11.511292800703956
-12.2697
-11.955528985484998
-8.7251157920004
-9.101005728692655
-10.129375143288913
-11.247268511751631
-10.271943558620372
-12.815030664299597
-11.143512221477962
-13.222605806911293
-11.58102903455647
-13.633
-8.820278751439737
-8.490634035592212
-11.038517420733882
-9.291310172366368
-10.633700100907244
-12.634527587233347
-8.714956566851443
-7.42800821776358
-13.193718435489247
-13.396895160273544
-10.214852074755662
-9.306995160273546
-10.96093903690687
-11.550382156142103
-9.543099999999999
-11.39248096614638
-9.703254297406112
-8.056270422017533
-10.147992800703957
-8.26648788483334
-9.188642279364863
-7.225490275993837
-10.565002410852285
-11.105853227885541
-10.617184812854754
-12.252199011559437
-12.161752207263273
-9.52559901155944
-9.537208671122123
-8.763689349595216
-12.337832408236748
-11.596019041974657
-10.035947595993743
-11.181841617693081
-6.877304425184687
-10.624434283205778
-12.074727922813592
-9.990128990276236
-9.465521616172987
-10.66633478652939
-9.990128990276236
-11.727188386177412
-9.092923702096607
-8.62056360199842
-10.319200228544048
-10.803406827533562
-10.774282579266117
-12.406051045876413
-7.924153001283649
-10.80840325943956
-10.318321780322053
-8.642142093837323
-9.941769578925683
-12.480877842048564
-9.663492806570861
-9.690966983954993
-9.541917035236478
-10.936769408909713
-8.383435483785718
-11.023897575045279
-13.22408784439896
-10.181834792396293
-8.199668087882644
-9.516302668022131
-10.9064
-11.179019974542472
-10.75106102780009
-9.618786773057675
-9.19180679888084
-7.857672281255103
-11.588101988632712
-11.068886829643597
-11.737942794877462
-10.628123227645178
-9.592468054979804
-11.04596498644374
-12.474233291922078
-9.228928985484998
-11.451730664299598
-7.712975159235086
-10.9064
-11.479281022732302
-10.526375215821009
-11.451730664299598
-8.988863772014389
-8.470521786188957
-10.66633478652939
-9.77484609103829
-8.127691077111926
-7.458202586415646
-7.275233449083018
-10.849969352323791
-10.66633478652939
-9.387761027800089
-8.830851776460833
-11.448911613822588
-10.056724242400541
-10.388058014174566
-5.530908654364077
-7.939340202264749
-7.4190947575249755
-8.1798
-11.766348021592751
-11.660089455871152
-11.588101988632712
-10.83824473816077
-8.67674500796723
-6.698765642841115
-6.900998564410683
-12.406051045876413
-11.58102903455647
-9.31499627753781
-9.555061491008422
-12.815030664299597
-9.762797034597899
-11.448911613822588
-10.798452207263272
-8.629353828504048
-8.296575973899067
-12.161752207263273
-9.601547128107201
-8.760607390717706
-9.543099999999999
-10.363888386177411
-11.830700442480614
-8.350918937930317
-10.255940593440684
-9.865618616375647
-12.401817420733883
-10.413256441157214
-9.875915809261691
-10.798452207263272
-10.439575159235085
-11.206487528639533
-9.907927587233347
-10.810917376453647
-7.080734841467766
-9.343883648959858
-8.326907428152067
-8.566972641622678
-9.754277842048563
-10.526375215821009
-9.076275159235085
-11.134740599307587
-10.592228985484999
-10.798452207263272
-8.977366834711383
-9.16136379422761
-6.912723178573704
-8.534258941492297
-11.72435323151567
-7.907141192619206
-10.276012809464353
-11.683378676766042
-7.225490275993837
-8.766011397200653
-12.926109945764475
-9.335485300102578
-9.5204480240153
-10.383144511558879
-11.451730664299598
-8.588786731975965
-8.820278751439737
-10.296789455871153
-9.798155220888795
-10.388058014174566
-8.912712809464352
-10.217729034556472
-10.592228985484999
-9.264823227645177
-12.161752207263273
-9.430238704647584
-10.764884387220743
-8.607008774114716
-7.770810686943716
-8.69342424240054
-9.109484255445267
-8.902390976688705
-12.2697
-11.619240593440683
-10.75106102780009
-8.854429034556471
-9.537208671122123
-10.526375215821009
-8.062065642841116
-12.070483648959858
-11.015438211777779
-11.697174328083914
-11.588101988632712
-7.920320795884441
-11.448911613822588
-9.953494193088705
-10.579140145678828
-11.100898607615251
-8.031332366051153
-6.899838772331345
-7.134949365531665
-11.991423227645177
-10.224801988632713
-9.639323178573704
-11.117577842048563
-11.179019974542472
-9.605481186881368
-10.255940593440684
-9.279813235063362
-8.935607789677105
-9.945262649040863
-7.580857738501202
-11.594124404622926
-11.353428990276235
-7.740518435489247
-11.069666386921691
-9.924832416513045
-10.190606414566668
-9.965455684097126
-9.05230363993207
-8.23369018898749
-8.316128684206275
-12.029634786529389
-11.991423227645177
-9.079567614385136
-13.252975215821008
-12.325538869848652
-11.921686993792662
-9.228928985484998
-8.37101841270343
-9.261134283205779
-12.096418028389257
-8.713496458424212
-8.843430445827378
-8.271858516615636
-10.613503381956573
-10.340666834711383
-7.838402410852285
-9.002961430104383
-7.670631852812365
-7.64611656733975
-10.276012809464353
-9.875915809261691
-8.680870973564565
-9.842986290701006
-11.495070589579464
-10.131770589579466
-10.496005806911294
-11.889675215821008
-9.514212628577953
-8.469555135089044
-11.824806320795833
-10.085611613822588
-12.006413235063361
-8.67949245450835
-9.441601334849205
-12.325538869848652
-10.413256441157214
-10.828821616172986
-7.627890194132037
-8.904602084449104
-11.031162373762735
-7.170463545412497
-10.568338045968948
-9.815719974542471
-9.450142214681458
-9.83575983592982
-7.922233798088828
-8.316128684206275
-7.225490275993837
-8.390977842048564
-10.631835300413927
-8.861445817325126
-8.942008648420488
-9.081682262268842
-9.605481186881368
-10.318321780322053
-11.331631684052534
-12.376464827973205
-12.5600615863534
-10.181834792396293
-11.438639941903256
-12.118933047949033
-8.723496946885515
-9.343883648959858
-10.340666834711383
-9.19180679888084
-9.85670289644757
-11.703966834711384
-8.878791426243165
-9.410982579266117
-12.029634786529389
-10.86523544912314
-8.588786731975965
-11.448911613822588
-10.658492636554891
-8.747398138768904
-9.646330049311835
-9.771440599307587
-10.968781186881367
-9.800120124890856
-9.406264835841226
-9.558944822986264
-10.558386993792661
-9.29519263655489
-11.448911613822588
-7.529340593440684
-9.348127922813593
-11.660089455871152
-9.29519263655489
-9.106743735845349
-11.282294706973245
-10.366261430104382
-10.382410990506337
-10.628123227645178
-14.273828160518734
-7.637288386177411
-12.555988200651644
-10.255940593440684
-11.448911613822588
-10.66633478652939
-7.2772928378277255
-11.061147194372355
-12.213269352323792
-9.747633291922078
-9.636543484889678
-8.479509500818542
-7.309756063527832
-12.815030664299597
-12.2697
-12.359687119748866
-11.701693996345721
-11.508012605792135
-11.315611228325183
-12.812211613822589
-12.959319041974656
-9.57847640422247
-11.862273600930648
-8.981897230108764
-11.955528985484998
-10.234619761639712
-10.085611613822588
-10.628123227645178
-11.328755684097127
-8.357029192723552
-11.15241575267577
-9.55325178913945
-9.965455684097126
-9.319037751709077
-10.237099854737092
-9.842986290701006
-10.202928706114701
-8.867524404622927
-9.642816248688884
-10.015875379970073
-10.467118435489247
-12.593258858843333
-11.82202008663197
-8.066938704647583
-7.685113912276431
-8.84161704879823
-10.3003951458048
-9.163075215821008
-9.115204818470733
-9.049956441157216
-9.163075215821008
-8.043451382155434
-10.029180966146379
-9.73759860761525
-9.034709066350853
-7.958502133355448
-12.198011259404254
-10.182881476457514
-9.283850074455543
-9.73759860761525
-8.08180325943956
-11.218797452528264
-11.179019974542472
-10.199509945764476
-11.339731617379554
-12.070483648959858
-12.174217376453647
-8.454299575064464
-10.225176600266328
-8.751124980661428
-9.60745806239799
-12.2697
-9.081682262268842
-10.849969352323791
-12.419698938763831
-12.874592800703956
-10.94303479718753
-11.588101988632712
-7.030730649158332
-10.9064
-8.1798
-9.930272641622677
-12.678674918736265
-10.66633478652939
-7.424030104250214
-6.682963304913675
-7.897834283205778
-7.458027597891488
-12.2697
-8.722311613822589
-10.467118435489247
-10.015875379970073
-10.76024064837906
-10.236526602795735
-9.815719974542471
-10.224801988632713
-8.873226602795736
-10.070991768133984
-7.996441799740589
-8.098081224005137
-10.798452207263272
-10.628123227645178
-10.388058014174566
-10.91836149100842
-11.340963821085861
-10.029180966146379
-11.72435323151567
-9.965455684097126
-7.289275379970073
-9.687934589786405
-10.490114478033417
-11.72435323151567
-6.610555466702833
-7.551253136625392
-11.282294706973245
-10.02515780004009
-8.161150468682917
-9.383224042632497
-12.678674918736265
-12.951401988632712
-11.406092454508348
-10.824681224005136
-9.225456402702376
-7.1189464003519785
-11.581384842665
-10.224801988632713
-10.402036793905125
-8.1798
-11.2019788574571
-10.670295160273547
-10.497487844398961
-11.042751045876413
-10.628123227645178
-11.830418435489246
-9.639323178573704
-8.559492664826744
-9.406264835841226
-10.029180966146379
-9.82613240970703
-9.279813235063362
-8.619318441356151
-10.894675385836976
-10.94429587043782
-10.255940593440684
-6.889769594375061
-8.1798
-9.145531639653706
-7.637288386177411
-8.611901972768976
-10.496005806911294
-7.426513291172047
-10.75106102780009
-10.388058014174566
-10.388058014174566
-10.514039901586122
-10.742021559587064
-10.998943969119713
-12.358998261419643
-9.132705806911295
-12.2697
-11.053507428152066
-11.100076853608002
-9.762797034597899
-11.639312809464354
-10.131770589579466
-9.711065408945585
-9.48131118302015
-11.751358014174567
-11.17995902892993
-10.844611183020149
-8.720966176085552
-10.707183648959857
-10.086352168849942
-10.496005806911294
-10.643113235063362
-9.57973479718753
-9.80272724103774
-10.803406827533562
-10.82365063424592
-10.100601621240774
-13.044921780322051
-9.543099999999999
-9.911226056305795
-12.2697
-7.907141192619206
-8.766011397200653
-11.143512221477962
-10.439575159235085
-11.619240593440683
-10.048325893543263
-8.395904032093059
-11.448911613822588
-11.619240593440683
-10.66633478652939
-9.807334841467766
-10.115981022732303
-8.1798
-12.815030664299597
-10.526375215821009
-9.639323178573704
-10.217729034556472
-10.852126271529553
-11.72435323151567
-9.323107002553058
-11.002623178573705
-12.300069408909714
-11.802875159235086
-8.5136554472236
-11.860787844398962
-10.296789455871153
-7.2292672370156765
-8.25414267788979
-7.600558864780866
-10.849969352323791
-7.15736851175163
-8.138635449123141
-9.093200501400167
-9.31499627753781
-7.704955980206442
-9.435152207263272
-9.430238704647584
-9.598938869848652
-10.37827144975241
-11.161455220888794
-12.2697
-10.199509945764476
-12.332081186881368
-9.455224423286943
-9.729431944797781
-9.54905053920516
-8.373476853608002
-8.646033062937358
-10.015875379970073
-6.972170626325355
-13.932886290701006
-11.88347543490845
-6.476101129673033
-10.131770589579466
-10.849969352323791
-6.409371200166457
-9.01740296720342
-10.882274070069561
-7.637288386177411
-9.573469408909714
-6.797277031672301
-8.329760800745385
-12.218676455357548
-11.282294706973245
-9.941769578925683
-9.72137639649076
-8.894617468957303
-12.624202039007761
-9.103818435489247
-12.54231997454247
-8.861445817325126
-9.27043745689118
-8.745572243440243
-7.570189455871152
-9.455224423286943
-10.707183648959857
-10.115981022732303
-9.952074918736264
-11.26685802004147
-10.580163020106307
-6.639254709012293
-12.592218616375648
-9.35670885079567
-9.049956441157216
-11.124554505717114
-9.582892530897496
-11.697174328083914
-7.30258096614638
-8.778150483671242
-12.812211613822589
-10.458720086631969
-10.968781186881367
-9.060343964910347
-8.071359018007618
-6.872338869848653
-10.0884306642996
-9.598938869848652
-7.718925698440246
-8.843430445827378
-8.963858864780866
-9.572224248267446
-8.523095262782446
-9.348127922813593
-9.625553402905037
-9.567269627997156
-12.074727922813592
-12.505929188253612
-10.9064
-10.34294843162803
-12.680094193088705
-10.674682388390035
-12.815030664299597
-8.42581575267577
-10.164672035137269
-14.764582388390036
-6.459024055324001
-11.271227587233346
-9.134098817458387
-6.846869408909714
-9.739245545164472
-12.406051045876413
-7.686656441157215
-10.04971737166241
-11.328755684097127
-9.567269627997156
-8.96608890006195
-12.401817420733883
-9.450142214681458
-10.439575159235085
-7.634217580301741
-9.098206320795832
-8.935607789677105
-10.584616010534527
-9.109484255445267
-8.771679668802392
-8.937733729724886
-8.763689349595216
-8.46666461510624
-11.06997849745458
-8.52733953663618
-11.588101988632712
-10.702969583716921
-10.525597194785572
-7.2388556840971265
-9.598938869848652
-12.024134394388845
-8.80137203513727
-11.228918616375648
-11.448911613822588
-11.619240593440683
-9.807334841467766
-12.906695955119526
-8.741873641389718
-9.780212221477962
-10.340666834711383
-10.141244998694527
-10.592228985484999
-10.558386993792661
-8.452457508135764
-8.60242157278432
-9.010138168485962
-12.680094193088705
-10.581871747604513
-9.829964615106238
-11.660089455871152
-10.770034922143951
-8.1798
-11.72435323151567
-12.22413339414464
-11.463901621240772
-10.305308648420487
-9.450142214681458
-10.770034922143951
-11.161455220888794
-10.276012809464353
-13.891985028892918
-11.023175973899065
-10.075339941903257
-10.467118435489247
-12.37873821177778
-8.884798443466186
-13.49663492214395
-10.955768054979803
-9.00534402352962
-7.315229397326048
-9.343883648959858
-8.854429034556471
-9.335485300102578
-10.470227924774845
-10.551844676759947
-11.151788128528219
-10.388058014174566
-11.619240593440683
-11.04596498644374
-11.639312809464354
-9.862564059297036
-10.633724918736263
-11.448911613822588
-12.54231997454247
-11.955528985484998
-10.033909474644902
-10.183928160518736
-7.225490275993837
-7.226894193088706
-8.588786731975965
-10.48370101272421
-11.84758119274827
-7.226894193088706
-9.415738216618324
-10.852126271529553
-11.208846400351979
-12.2697
-9.48666935232379
-9.52559901155944
-10.805400343447795
-9.039748021592752
-11.068886829643597
-11.336050318470171
-11.860787844398962
-11.051991233553508
-11.997000100907245
-10.255940593440684
-10.047492573677088
-10.849969352323791
-7.959807002553058
-8.738821708512662
-9.897063545412497
-8.720390494534858
-11.271227587233346
-13.633
-12.44693717963403
-6.580395160273547
-8.852581689322438
-9.319037751709077
-12.406051045876413
-8.912712809464352
-11.260363545412497
-10.849969352323791
-11.179019974542472
-9.228928985484998
-12.074727922813592
-9.365415973410757
-8.970574328083913
-7.816525681446318
-9.141654193873899
-10.41842742308428
-12.812211613822589
-9.646330049311835
-10.526375215821009
-11.310902864210828
-9.465521616172987
-8.64733575579991
-10.041417137589875
-9.497533394144641
-8.811609875242233
-13.919288200651645
-10.131770589579466
-7.5802121920074725
-9.583526103635513
-8.043467842166917
-7.36856139613114
-7.919938936040712
-9.150739901586123
-11.366162248068509
-9.415738216618324
-11.8332445681448
-9.543099999999999
-10.94936719623642
-10.526375215821009
-8.920011116346888
-10.015875379970073
-10.405583672865228
-12.572146400351977
-7.3666090905769686
-10.439575159235085
-10.318321780322053
-7.280136244444773
-8.856282161788144
-8.80137203513727
-11.588101988632712
-10.558386993792661
-8.288695869267857
-9.72137639649076
-12.087646406218882
-9.435152207263272
-8.981709413405344
-12.487854505717115
-7.6086266096017505
-8.022642059649966
-11.451730664299598
-8.614363821085862
-7.396434266970923
-12.480877842048564
-10.962238869848653
-8.617083729957287
-9.135673600930646
-8.483234013036652
-10.015875379970073
-8.53484102281119
-10.9064
-9.789115752675771
-12.240812628577952
-10.740107868406191
-11.619240593440683
-11.802875159235086
-8.779648827909869
-9.48855622652274
-9.754277842048563
-11.002623178573705
-10.251027899614662
-10.199509945764476
-10.458720086631969
-11.299293204648142
-10.694630380123881
-10.467118435489247
-11.66030094852108
-9.236358917096563
-11.451730664299598
-11.751358014174567
-6.021579720058197
-11.117577842048563
-13.08765323151567
-14.32833960500012
-12.147132361574668
-13.537517376453646
-12.978606534666516
-13.742038211777778
-11.859305806911294
-8.297442000870408
-9.91676467169216
-10.217729034556472
-12.365157460950199
-9.83930139549047
-11.52797203513727
-11.495070589579464
-8.25886042131468
-8.514696913925167
-8.559055588280735
-8.723793651310256
-10.635570793355035
-10.030528119553916
-10.830443364388719
-8.14809992178136
-8.933489455871152
-7.884741211566406
-10.255940593440684
-9.31499627753781
-6.626232035922464
-8.3775970766877
-10.9064
-10.558386993792661
-11.282294706973245
-10.849969352323791
-11.440096458424211
-10.70087374553844
-10.66633478652939
-10.388058014174566
-8.760523172706801
-9.592468054979804
-8.283735318802233
-9.27043745689118
-9.543099999999999
-8.99587064275252
-8.577309786846346
-11.448911613822588
-7.584529190113396
-8.390977842048564
-8.539170648446254
-11.859305806911294
-8.635713434945224
-9.422876806906086
-9.690207428152068
-8.946314657706965
-10.144876184648592
-8.836209945764477
-8.74494138746106
-8.394370823638921
-9.460350634245922
-7.834424297338919
-8.816795955119527
-8.1798
-12.406051045876413
-11.316794193088706
-9.406781951308531
-11.451730664299598
-10.115981022732303
-12.337832408236748
-10.100601621240774
-9.635850595791082
-7.872283536267969
-10.085611613822588
-7.540497089536277
-10.9064
-9.56174479474669
-8.912712809464352
-10.015875379970073
-11.727188386177412
-13.22408784439896
-12.087646406218882
-10.467118435489247
-9.762797034597899
-8.408140599307588
-8.766872549021807
-9.420532361574669
-11.860787844398962
-7.935800727755222
-14.345840593440684
-9.57973479718753
-8.977366834711383
-8.534258941492297
-8.600948601788756
-8.506416028349134
-10.988853402905038
-10.439575159235085
-8.890670296556914
-8.328587351225528
-9.973974876646462
-8.820418506822287
-10.413256441157214
-8.642142093837323
-8.23498859667271
-9.679451045876416
-10.628123227645178
-9.679451045876416
-10.883178448533972
-8.62056360199842
-8.071852207263273
-10.429171254223709
-10.883178448533972
-8.9432111776806
-9.703797733577515
-6.610555466702833
-6.573678203119462
-7.770810686943716
-9.44510325943956
-9.83575983592982
-10.276012809464353
-11.353428990276235
-9.430238704647584
-12.569586290701007
-9.941769578925683
-8.616835948548697
-8.628090063526527
-7.728793821326225
-9.134098817458387
-8.038284387220743
-9.762797034597899
-12.680094193088705
-9.667862373762738
-8.669931656978223
-12.114361027800088
-12.489397034597898
-11.997000100907245
-10.9064
-9.480245343547475
-10.085611613822588
-8.918869610182547
-12.029634786529389
-7.795428562140123
-8.5209844809847
-12.54231997454247
-9.85670289644757
-10.224801988632713
-7.457502942414375
-11.892799622370616
-9.450142214681458
-10.606326643574993
-11.298144661771621
-11.08467639649076
-11.282294706973245
-11.830418435489246
-10.217729034556472
-10.276012809464353
-11.208846400351979
-9.865618616375647
-11.203932897736289
-9.134098817458387
-10.883178448533972
-11.588101988632712
-11.315374918736264
-11.328755684097127
-11.17995902892993
-9.929135131825758
-10.439575159235085
-8.427612639236095
-9.603510889997597
-8.404668016524965
-9.681167959939044
-11.08467639649076
-8.722311613822589
-9.591824846152637
-10.995698261419642
-10.439575159235085
-11.316794193088706
-10.413256441157214
-8.269787119748868
-8.794643852880244
-11.991423227645177
-12.77409257367709
-10.829341206962962
-13.222605806911293
-10.779038216618325
-8.33377876640313
-9.543099999999999
-10.624434283205778
-8.843975549748508
-10.66633478652939
-11.228918616375648
-12.645594706973245
-12.13333492214395
-10.0884306642996
-9.771440599307587
-9.387761027800089
-9.855497452528263
-8.544627587233347
-9.654134608500812
-12.536716711897215
-12.399601297121574
-10.851046829722483
-7.980583648959858
-9.076275159235085
-6.89759387609143
-9.82613240970703
-10.388058014174566
-10.849969352323791
-10.236526602795735
-11.511292800703956
-8.519406318343048
-9.965455684097126
