-8.608228287763533
-9.345397907164738
-7.170463545412497
-9.228928985484998
-9.163075215821008
-8.827306414566667
-8.434855220888794
-8.533763545412496
-9.132705806911295
-8.242181186881368
-6.580395160273547
-8.191761491008421
-7.29389839918595
-9.573469408909714
-9.00058838617741
-8.434855220888794
-8.920109267967925
-8.76397327925953
-8.96496800290018
-9.573469408909714
-8.42581575267577
-8.434855220888794
-9.00058838617741
-8.892640593440683
-8.700515029752404
-9.264823227645177
-8.796943284189616
-8.276023178573704
-8.62138478652939
-9.573469408909714
-8.784692800703956
-8.763198238461616
-10.147992800703957
-10.388058014174566
-7.726586647597055
-8.1798
-7.74760922284111
-7.646838168485963
-8.723073500559916
-9.345397907164738
-8.872764886819237
-8.882854029018526
-8.403803043884377
-7.186835288970459
-8.863753222018637
-8.752681022732302
-9.323107002553058
-9.178864782668171
-10.728715973410758
-9.604022874407276
-8.752681022732302
-7.883304138853182
-6.986828979618095
-8.283030049311837
-8.421347250958277
-8.064497160292126
-8.96608890006195
-9.514212628577953
-7.710290013285088
-8.672647595993743
-7.3494677522803125
-10.763528906039767
-10.537959081228065
-10.842655595213303
-7.865628985484999
-8.024461027800088
-7.539291645616971
-9.163075215821008
-7.491129034556471
-9.28362079588444
-7.226894193088706
-9.605481186881368
-8.322272705955708
-8.482246400351977
-10.85431694839876
-9.813272238086027
-8.590194193088706
-9.148417809403764
-7.974447554489466
-7.4640064145666685
-7.772373600930647
-8.615912808725584
-10.512060010598125
-9.323107002553058
-10.569954515137498
-9.30303478652939
-9.845546400351978
-8.753502207263272
-8.490981490778617
-7.686656441157215
-6.452264782668172
-7.226894193088706
-8.967038921024283
-9.343883648959858
-8.482246400351977
-9.195086993792662
-8.902591645616969
-6.1466266027957355
-7.570189455871152
-11.067420343857194
-8.715282607937047
-6.468486993792662
-8.465164505621338
-9.089886647597055
-7.75478596122269
-9.264823227645177
-8.760523172706801
-8.311917420733883
-9.089886647597055
-8.210169408909714
-9.713428979618095
-8.533763545412496
-6.118649413977501
-9.754277842048563
-8.350128979618095
-9.246604138853183
-9.264823227645177
-7.438072035137269
-8.63956224806851
-9.264823227645177
-7.980583648959858
-7.712975159235086
-11.082604749939577
-8.286564827973205
-8.55013528897046
-9.365415973410759
-8.859091128287554
-8.988863772014389
-9.178864782668171
-8.977366834711383
-7.661458014174567
-7.621019517062591
-7.625563772014388
-7.920320795884441
-8.350128979618095
-9.132705806911295
-10.701202903455647
-7.509926602795735
-8.700515029752404
-7.257263601998419
-9.899520296720343
-7.263528990276237
-8.559311039546401
-10.877512628577954
-9.211766228225974
-8.002115973410758
-7.7843958143294785
-6.452264782668172
-8.729759179532445
-8.675743544011903
-7.686656441157215
-11.505687940361952
-10.558386993792661
-8.590194193088706
-8.123369352323792
-6.262263772014388
-5.875555684097127
-7.865628985484999
-9.147695814329479
-8.836209945764477
-9.14402069373053
-8.047682579266116
-8.533763545412496
-8.66588096614638
-9.037223183364942
-8.482246400351977
-9.365415973410759
-8.097050634245921
-8.242181186881368
-9.178864782668171
-8.892640593440683
-9.212977014509264
-8.276023178573704
-8.818534792396292
-7.959807002553058
-6.323356441157215
-9.798155220888795
-7.712975159235086
-8.276023178573704
-9.00058838617741
-9.178864782668171
-9.211766228225974
-7.027677842048563
-9.195086993792662
-6.617283648959858
-8.955021780322053
-8.926400648560787
-8.80137203513727
-8.912712809464354
-8.902591645616969
-8.66588096614638
-8.714510028503952
-8.651871758796664
-9.058341710565612
-8.933489455871152
-7.649249877185833
-9.163075215821008
-8.43942724103774
-8.533763545412496
-9.246604138853183
-6.285949877185833
-9.195086993792662
-8.988863772014389
-8.590194193088706
-9.076275159235085
-8.590194193088706
-9.00058838617741
-7.486539224266986
-7.860048005852725
-9.049956441157216
-9.228928985484998
-8.590194193088706
-9.264823227645177
-8.242181186881368
-8.836209945764477
-9.28362079588444
-9.012549877185833
-8.210169408909714
-7.93973478652939
-7.980583648959858
-8.66588096614638
-8.097050634245921
-7.071555220888794
-8.311917420733883
-8.220847406776699
-8.210882115818483
-7.848466228225974
-8.242181186881368
-8.482246400351977
-8.809891227686604
-8.590194193088706
-8.590194193088706
-9.089886647597055
-9.543099999999999
-8.024461027800088
-8.827306414566667
-8.311917420733883
-8.482246400351977
-7.7997752158210085
-8.123369352323792
-6.502328985484999
-10.255940593440684
-9.460350634245922
-7.883304138853182
-8.210169408909714
-8.700515029752404
-8.902591645616969
-8.533763545412496
-8.434855220888794
-6.01834138746106
-9.132705806911295
-6.39148596122269
-6.406105806911294
-6.912723178573704
-8.482246400351977
-8.809953413766781
-6.4851662282259745
-9.387761027800089
-9.543099999999999
-8.43942724103774
-8.453359028929933
-8.312334015518026
-10.9064
-8.350128979618095
-5.863594193088706
-6.083291227686605
-8.242181186881368
-5.875555684097127
-6.421095814329479
-10.496005806911294
-9.323107002553058
-6.010701621240773
-7.769405806911294
-9.024758014174568
-8.533763545412496
-8.827306414566667
-7.673923183364942
-8.350128979618095
-8.533763545412496
-8.047682579266116
-8.933489455871152
-8.390977842048564
-7.773863095218551
-8.590194193088706
-8.069390358946388
-7.549412809464354
-8.350128979618095
-8.482246400351977
-8.768470589579465
-8.097050634245921
-6.661161027800089
-9.543099999999999
-7.405170589579465
-8.66588096614638
-7.699669573058779
-9.845546400351978
-8.533763545412496
-8.350128979618095
-6.708552207263272
-9.00058838617741
-6.4851662282259745
-6.1759916456169694
-8.507444827334627
