-9.656183924733373
-8.461103905604556
-9.771367623579073
-7.282082789761416
-7.209393204648144
-7.262270597311175
-6.975104365455072
-7.170463545412497
-7.07612724103774
-7.006901195641763
-7.0580472509582775
-7.2292672370156765
-7.706284990118401
-6.793278448533972
-6.762766731327172
-7.2210028642108295
-7.233443088754271
-6.998790470626516
-7.715672538238466
-7.734906320795832
-6.9092505957910815
-6.39148596122269
-7.002831944797782
-7.144144827334626
-7.58844158541023
-7.426347420974246
-7.31413067529016
-7.244318216955122
-8.08180325943956
-7.843412937233487
-6.746763766147485
-7.574433729724887
-7.049210166499463
-6.78479992178136
-7.531317468957305
-7.234042050532392
-7.314817137589874
-7.2717743915295125
-7.209393204648144
-7.165105376108855
-6.2164822183740664
-6.888956050655295
-8.391280074676743
-7.586264841534959
-7.154532351087759
-7.58844158541023
-7.278842093837325
-7.215169578925683
-6.919730049311836
-7.015124573212586
-7.466663443710274
-7.454364735418006
-8.015421559587065
-6.654368521172619
-7.298557800040089
-7.515684252711952
-7.186835288970459
-7.154532351087759
-7.469332450486287
-6.7461503996900465
-9.272270793355034
-7.1239010206222675
-7.431343852880244
-8.458076772354822
-7.38395267341706
-7.778354193873899
-6.998790470626516
-7.274976528416293
-7.328716218747233
-6.933997575045279
-7.708951993128795
-8.159431821127288
-6.998790470626516
-7.561791107013873
-7.293235753714231
-6.865868054979804
-7.128897452528265
-7.413226137886488
-7.062515752675771
-7.5691331243381805
-7.75478596122269
-6.285949877185833
-7.027677842048563
-8.311917420733883
-7.529340593440684
-7.8552717476045135
-7.274334714080079
-8.326907428152067
-6.898953402905038
-7.049210166499463
-7.080734841467766
-7.0580472509582775
-7.192394706973244
-6.831490007418184
-7.186835288970459
-5.881628287763533
-6.217557738501203
-6.12409441070741
-8.097050634245921
-7.259136266713542
-7.72521133067858
-6.355082262268842
-7.240065232356768
-6.003159179532446
-7.36946463607318
-6.636627158839628
-7.1239010206222675
-7.377045708497418
-6.674984387220743
-7.853563020106307
-7.318952709704342
-6.323356441157215
-7.894168180674031
-7.321725893543262
-7.215169578925683
-6.9092505957910815
-7.907100100907245
-6.990789353362252
-6.952329493502633
-7.277550765807052
-7.181327587233347
-7.181327587233347
-7.286649771821642
-7.555569610182548
-8.173908671122124
-6.801880154311395
-6.919730049311836
-7.377045708497418
-6.834031111720926
-6.986828979618095
-6.982894920843927
-7.454364735418006
-6.916216248688884
-7.109159835929821
-7.785915901601367
-7.874400607655374
-6.952329493502633
-7.394859602034289
-7.027677842048563
-6.998790470626516
-7.5205254380423066
-6.937618832004789
-8.672647595993743
-6.944928476294485
-7.387824980661429
-7.104326554663374
-6.277551528328553
-7.2717743915295125
-7.2210028642108295
-7.062515752675771
-7.312760133781923
-6.3632866475970555
-7.175870648446253
-7.149315809261692
-8.842523053056397
-6.982894920843927
-8.963858864780866
-7.283384051092197
-6.822359938796316
-8.08180325943956
-7.4640064145666685
-6.349675159235085
-6.039501420754597
-6.998790470626516
-7.972185300102579
-6.776441095881753
-7.031922115902297
-6.813547008007354
-7.605027366498359
-7.390160580010398
-7.186835288970459
-6.952329493502633
-6.264608694846993
-7.935260219621847
-8.533763545412496
-7.649249877185833
-8.390977842048564
-7.280136244444773
-7.144144827334626
-7.0234637768056265
-7.128897452528265
-7.170463545412497
-7.0580472509582775
-6.828461491008421
-7.144144827334626
-7.1189464003519785
-6.427199720629702
-7.380872959491836
-7.203672641622678
-7.09953240970703
-7.198006821666659
-8.9982248155049
-7.006901195641763
-6.986828979618095
-7.587352213130176
-7.165105376108855
-8.029033047949033
-7.287961120457775
-9.134187844398962
-7.109159835929821
-7.4474499278620385
-6.7415241419773215
-6.715999772973131
-7.348739941903257
-7.703629946802936
-8.304562373762737
-7.816170883445883
-8.29729757504528
-6.804775385836977
-7.627890194132037
-7.489281689322437
-7.586264841534959
-7.067018235721202
-7.09953240970703
-6.99477639649076
-7.508019761639711
-7.175870648446253
-6.895560421314681
-7.181327587233347
-7.170463545412497
-7.165105376108855
-7.144144827334626
-6.882179655953817
-6.982894920843927
-6.856292530897496
-7.259761806832142
-7.144144827334626
-10.681519490984247
-7.0937743146240635
-6.744138157999053
-6.447483542683921
-6.677319986569712
-6.091064735418006
-6.9268208366636985
-7.309347595993743
-8.68641737166241
-7.4296736862799895
-7.539291645616969
-6.813547008007354
-6.959824196959197
-7.080734841467766
-7.342229597743818
-7.564926544176465
-7.432180706259393
-6.014509182061852
-6.840669627997156
-7.2210028642108295
-6.959824196959197
-7.036197034597899
-7.32311737166241
-6.919730049311836
-6.941262373762737
-7.019279493191284
-7.2210028642108295
-7.346561863418063
-7.010998607615252
-7.159795262782446
-6.85946719623642
-6.959824196959197
-7.062515752675771
-7.154532351087759
-7.318261438560809
-7.253535948548698
-7.226894193088706
-7.625563772014388
-6.843761403519879
-7.711631064067202
-6.78479992178136
-7.353120284944713
-7.947682203402054
-7.11403289773629
-6.967414988973147
-7.071555220888794
-7.165105376108855
-7.760296262515296
-6.882179655953817
-7.015124573212586
-7.718382262268841
-7.036197034597899
-7.297222796842738
-7.109159835929821
-7.165105376108855
-7.294561787117737
-8.045319008593605
-7.43553999848918
-8.165180154311395
-7.006901195641763
-7.608401014755364
-7.006901195641763
-6.952329493502633
-6.952329493502633
-6.61097374553844
-7.062515752675771
-7.377809182061852
-7.1239010206222675
-6.746763766147485
-6.787612628577953
-7.09953240970703
-7.267954548169103
-7.823620330975194
-7.390941165050527
-7.181327587233347
-7.280784382076195
-6.804775385836977
-7.338643434949879
-6.941262373762737
-7.104326554663374
-6.963607428152067
-7.104326554663374
-7.159795262782446
-7.170463545412497
-6.975104365455072
-7.995573656378042
-7.553510221437841
-7.053612221477963
-6.564710172366366
-6.9560649864437405
-8.363202231374983
-8.373528680435909
-6.787612628577953
-7.29405027112435
-6.489558243254985
-6.8854966039409895
-8.434855220888794
-8.276023178573704
-7.306777410023548
-9.165752436736353
-6.476565931462201
-9.516910021577818
-7.662692787650631
-8.411229707340176
-8.516490722260139
-8.254332631893721
-10.07650206942659
-8.62056360199842
