-7.93973478652939
-7.949770894541224
-7.226894193088706
-7.798547694365235
-7.165105376108855
-6.981870996973235
-7.529340593440684
-8.236749165970943
-6.938165303362886
-7.71853180099921
-6.846869408909714
-8.1798
-9.280603223363704
-7.93973478652939
-8.311917420733883
-7.679754945280408
-9.264823227645177
-7.75478596122269
-8.276023178573704
-7.933872479447879
-7.289275379970073
-6.520004138853181
-7.377045708497418
-8.434855220888794
-10.307457738501203
-6.948617420733883
-7.529340593440684
-9.897063545412497
-7.637288386177411
-7.051902541543152
-6.520004138853181
-9.410982579266117
-9.132705806911295
-7.455234792396293
-8.1798
-7.637288386177411
-6.406105806911294
-7.93973478652939
-6.912723178573704
-6.846869408909714
-7.529340593440684
-7.226894193088706
-7.289275379970073
-6.760069352323791
-6.6388159734107575
-5.863594193088706
-8.242181186881368
-7.769405806911294
-7.1189464003519785
-7.529340593440684
-7.93973478652939
-7.170463545412497
-7.529340593440684
-7.649373200175989
-6.846869408909714
-7.769405806911294
-8.590194193088706
-7.226894193088706
-5.863594193088706
-7.1189464003519785
-7.2698613893251265
-6.576434786529389
-6.576434786529389
-9.410982579266117
-8.1798
-8.390977842048564
-8.276023178573704
-8.390977842048564
-7.170463545412497
-5.995711613822588
-5.863594193088706
-8.590194193088706
-8.242181186881368
-7.769405806911294
-6.4851662282259745
-7.60278890006195
-7.784590511366151
-6.8165
-7.93973478652939
-7.226894193088706
-8.590194193088706
-8.590194193088706
-7.529340593440684
-7.529340593440684
-7.769405806911294
-7.1189464003519785
-6.6388159734107575
-6.166040593440684
-5.863594193088706
-6.406105806911294
-6.986828979618095
-8.590194193088706
-7.2268941930887065
-6.986828979618095
-6.948617420733883
-6.8165
-7.289275379970073
-6.538223227645177
-6.273988386177411
-6.406105806911294
-6.661161027800089
-6.406105806911294
-6.986828979618095
-6.406105806911294
-6.217557738501203
-5.995711613822588
-7.170463545412497
-6.8165
-6.273988386177411
-6.406105806911294
-6.273988386177411
-5.995711613822588
-6.576434786529389
-6.520004138853181
-7.93973478652939
-8.482246400351977
-7.282733062937358
-6.679664835841225
-6.872338869848653
-7.359011613822588
-7.071555220888794
-7.637288386177411
-6.6388159734107575
-6.948617420733883
-5.863594193088706
-5.863594193088706
-8.276023178573704
-8.242181186881368
-8.024461027800088
-7.93973478652939
-9.343883648959858
-7.2992264321463605
-8.047682579266116
-6.878881186881368
-6.878881186881368
-7.769405806911294
-8.1798
-7.712975159235086
-10.286310002350397
-6.649883093150655
-7.32311737166241
