-9.430238704647584
-11.020570299653794
-9.845546400351978
-7.9015232276451774
-8.977366834711383
-9.158419304537281
-9.457781980901746
-8.070620003556966
-7.378573641389718
-9.30303478652939
-6.022430789834137
-10.062390062356561
-8.846160997940762
-10.181834792396293
-10.318321780322053
-8.629986723986201
-9.032205579884426
-7.63002379184706
-8.426264463320345
-6.538223227645177
-10.82365063424592
-10.049021223825386
-9.713428979618095
-9.23417634923081
-6.684382579266117
-8.185750539205161
-9.639323178573704
-12.2697
-7.226894193088706
-5.863594193088706
-8.439539336775704
-7.1189464003519785
-9.164635358139233
-11.660089455871152
-7.405811015458217
-8.80137203513727
-9.365415973410759
-9.30303478652939
-7.196673538342362
-9.845546400351978
-9.069373386413215
-9.830926554663375
-8.786204247556245
-8.339178824253763
-8.565852582133342
-7.736750680279347
-7.7368491995929745
-9.953494193088705
-11.147947250958277
-11.739149877185833
-12.680094193088705
-9.28745300128365
-11.69268890006195
-9.180467148104057
-7.58844158541023
-7.470314108762107
-7.356869227512472
-9.631710203623232
-6.743522826039738
-6.225250632959518
-9.137461444263502
-8.29729757504528
-9.852561753385658
-8.663865965901406
-9.947016942671494
-9.33757374553844
-8.086842214681457
-10.413256441157214
-7.659241890562258
-7.297956676066673
-8.053393945102167
-7.3965244327444415
-8.024688792244975
-8.418239245568442
-7.535390816738541
-10.400523183364943
-6.502328985484999
-9.081682262268842
-9.713428979618095
-9.272270793355036
-8.818534792396292
-7.772214446739642
-8.1161472212062
-8.590194193088706
-7.2210028642108295
-10.968781186881367
-11.517500100952239
-8.737301621240773
-8.434855220888794
-14.77630700255306
-9.211766228225974
-8.238900991969546
-7.860427719234396
-9.00058838617741
-10.32938890006195
-10.75106102780009
-11.246047907557074
-6.6388159734107575
-7.549412809464354
-8.68641737166241
-8.311917420733883
-6.933997575045279
-11.006116248688883
-8.714956566851443
-8.290120836663698
-10.147992800703957
-8.374298607615252
-8.120684206373793
-7.538990667723251
-6.641012909761423
-8.96608890006195
-11.199059835929821
-7.878123796151621
-9.543099999999999
-11.406092454508348
-7.763367943280243
-8.886749264562807
-8.390977842048564
-8.044847424604376
-10.181834792396293
-8.915783207013495
-11.399247595993742
-9.051244958895758
-7.945486007884771
-9.281713954728417
-6.228421780322053
-8.564682420767479
-7.659856648863962
-8.590194193088706
-10.9064
-9.138656346116454
-6.48179257996897
-8.950652213130176
-7.529340593440684
-8.276023178573704
-9.158419304537281
-7.740518435489247
-10.526375215821009
-10.496005806911294
-7.635884469082543
-6.990789353362252
-8.031194862732033
-8.25886042131468
-8.809891227686604
-9.076275159235085
-9.147695814329479
-7.836575790320886
-6.684382579266117
-9.68266498644374
-6.576434786529389
-7.635884469082543
-7.263528990276237
-6.553213235063363
-9.46537871651818
-6.684382579266117
-6.520004138853181
-6.127829034556472
-12.008313954728417
-8.25886042131468
-8.150912628577952
-7.635884469082543
-7.499554516339887
-8.181204880032421
-7.635884469082543
-7.071555220888794
-7.499554516339887
-7.637288386177411
-8.317535385707911
-8.1798
-7.908543755001881
-10.255940593440684
-10.363888386177411
-6.243974328083913
-10.592228985484999
-6.166040593440684
-9.141457836826632
-7.3824108140374145
-7.757681192748272
-8.079050005550242
-7.93973478652939
-6.538223227645177
-6.661161027800089
-8.317535385707911
-11.109179493191284
-8.338404365455073
-6.711024334726109
-9.713428979618095
-10.563341614062951
-11.359761389325124
-7.865628985484999
-7.873870629699195
-8.044873351964807
-6.6388159734107575
-9.410982579266117
-11.69268890006195
-11.84468596122269
-6.681574294799308
-10.085611613822588
-6.1759916456169694
-7.32311737166241
-7.011409912714932
-9.070916989931444
-9.91454300429297
-6.538223227645177
-10.728715973410758
-8.979077207592232
-10.240358808194944
-8.748025111448577
-7.7843958143294785
-7.31619245450835
-7.170463545412497
-7.637288386177411
-8.460036283249234
-10.255940593440684
-9.897063545412497
-8.512615809261693
-9.09126516665327
-9.007736243621098
-8.986546455290355
-8.458550620853247
-9.00534402352962
-11.020298331941886
-8.434855220888794
-6.04427576689046
-7.5195540290185265
-7.84509257996897
-10.662400727755221
-9.420773090859212
-7.635884469082543
-7.226894193088706
-9.528480154311396
-9.635850595791082
-10.093059179532446
-8.04532370755367
-10.164672035137269
-8.210169408909714
-8.097050634245921
-9.049956441157216
-10.147992800703957
-9.995189479776522
-10.467118435489247
-9.86868901392479
-7.257700027613951
-10.2085494139775
-9.365415973410759
-8.987703979935052
-6.186112809464354
-9.132705806911295
-8.963858864780866
-9.00058838617741
-8.453862035255622
-10.147992800703957
-10.496005806911294
-7.528354625407371
-8.044873351964807
-7.3632243680467155
-7.509926602795735
-9.48666935232379
-10.526375215821009
-7.772214446739642
-7.3632243680467155
-7.908543755001881
-9.84063289773629
-9.33966958371692
-10.100601621240774
-10.093059179532446
-10.217729034556472
-6.536375882411143
-6.217557738501203
-8.380914024674874
-6.206889455871152
-7.226894193088706
-6.990789353362252
-9.11808596122269
-9.34177661633839
-9.378972968319575
-7.499554516339887
-8.96608890006195
-9.28362079588444
-8.441412807352988
-6.71850325943956
-6.337686756398875
-7.614066834711383
-9.0844044448443
-7.856470797824894
-7.699669573058779
-9.264823227645177
-6.686755623193088
-10.728715973410758
-7.472909945764476
-6.0836022887991685
-7.951696277537811
-8.044873351964807
-7.8649328376479755
-10.363888386177411
-10.9064
-8.912712809464354
-6.760069352323791
-7.354955035923891
-7.905049142994637
-12.524755220888794
-8.492197452528265
-8.091924423286942
-8.225958975756877
-6.8165
-7.413226137886488
-10.496005806911294
-10.2085494139775
-8.566972641622678
-6.845313366838838
-7.414850483671241
-8.227882335327587
-6.033923172706801
-9.28362079588444
-7.257263601998419
-11.161455220888794
-9.953494193088705
-9.798155220888795
-10.628123227645178
-9.611431726086527
-7.883304138853182
-8.279516248688884
-8.849821434126445
-9.04738778781304
-9.514212628577953
-10.424955313546482
-10.163826819194758
-9.845546400351978
-7.499554516339887
-7.772214446739642
-6.557020795884441
-8.218643441193043
-8.504876173990452
-7.090564386755876
-7.785915901601367
-7.243465172520175
-9.108062709342981
-6.303112634444856
-6.247360840655951
-10.164672035137269
-8.044873351964807
-7.635884469082543
-6.597528700247797
-7.614066834711383
-11.305069578925682
-9.57847640422247
-9.68266498644374
-12.480877842048564
-7.1189464003519785
-7.831786993792662
-8.071852207263273
-8.8452494139775
-7.387048490494816
-8.791308217763579
-7.772214446739642
-8.533763545412496
-7.1189464003519785
-8.865635810781786
-8.783871046696708
-10.190606414566668
-8.047682579266116
-6.1466266027957355
-11.260363545412497
-10.628123227645178
-9.897063545412497
-6.58238532573455
-8.26089387609143
-9.166199622370616
-9.258565629861604
-8.242181186881368
-8.599743975397256
-8.699090062356563
-8.603970934370901
-10.174909875242232
-9.407676215930733
-10.421029948888616
-8.242181186881368
-7.635884469082543
-7.856470797824894
-6.4150541938739
-7.4296736862799895
-6.436475215821008
-9.74158439004401
-6.846869408909714
-9.320865454413974
-8.939867330834437
-9.741724573212586
-5.893402955630618
-10.66633478652939
-5.988356566851443
-8.350128979618095
-8.1798
-7.494003859482884
-8.123369352323792
-7.85991009687838
-7.793113057948459
-7.32311737166241
-8.047682579266116
-9.006538925382571
-8.336472638889362
-10.968781186881367
-9.969699957950862
-10.10824138746106
-9.83575983592982
-9.195086993792662
-7.699669573058779
-10.82365063424592
-8.547375033774465
-10.652678445800657
-8.390977842048564
-10.342423735022859
-7.772214446739642
-10.093059179532446
-10.15627368627999
-7.758697877818465
-9.953494193088705
-7.970727759127261
-10.934319434924326
-6.617283648959858
-8.382579493191285
-9.056427256026064
-9.198385462865112
-7.769405806911294
-8.843430445827378
-9.762797034597899
-6.878881186881368
-8.311917420733883
-8.242181186881368
-9.514212628577953
-9.561134094674827
-10.340666834711383
-12.2697
-6.733750634245921
-7.071555220888794
-7.985467196225179
-8.531614455331784
-7.330124242400542
-8.071852207263273
-9.134187844398962
-9.274147415107343
-7.93973478652939
-7.071555220888794
-7.649249877185833
-9.068255980206443
-9.639323178573704
-7.772214446739642
-11.353428990276235
-7.740518435489247
-7.3632243680467155
-10.049021223825386
-9.897063545412497
-6.450028731631558
-6.890171772812701
-7.499554516339887
-9.58606719623642
-10.060694549072618
-9.049956441157216
-8.468108111149602
-9.967270934370902
-10.728715973410758
-10.286310002350397
-9.021069069735168
-8.078301334849206
-7.829816696908892
-7.791420758410221
-8.310070075499848
-11.448911613822588
-7.067018235721202
-6.603283019294763
-7.351656566851442
-8.955021780322053
-6.189388467430591
-10.641218597711632
-6.538223227645177
-6.846869408909714
-9.771440599307587
-9.184976980213497
-6.136214167631177
-6.171991132645844
-7.439426895378785
-8.390977842048564
-7.491129034556471
-9.241643645837383
-6.981485034477319
-8.181204880032421
-7.635884469082543
-9.996461389325127
-8.80137203513727
-6.262263772014388
-6.878881186881368
-6.74940106969374
-8.350128979618095
-10.388058014174566
-7.226894193088706
-8.390977842048564
-8.531614455331784
-8.788818766301292
-11.545134792396293
-9.30303478652939
-9.076275159235085
-8.390977842048564
-10.265891645616971
-6.313021523639664
-9.13716309521855
-10.48138596122269
-8.453359028929933
-7.226894193088706
-7.185995361749385
-7.951696277537811
-7.846777001210848
-6.986828979618095
-7.93973478652939
-8.097050634245921
-9.183684947693832
-7.831786993792662
-8.90158898040329
-7.509926602795735
-10.913134231121234
-9.365415973410759
-9.4765299430359
-7.109159835929821
-9.30303478652939
-7.499554516339887
-12.161752207263273
-7.635884469082543
-8.696250375056094
-8.829076441795793
-11.379175379970073
-9.387761027800089
-10.035947595993743
-5.984713025093495
-10.496005806911294
-6.4851662282259745
-9.108062709342981
-10.078256566851442
-7.2388556840971265
-9.35670885079567
-7.635884469082543
-6.045884663715222
-7.7843958143294785
-6.120473987585326
-6.708552207263272
-10.390530141637402
-7.60278890006195
-7.3632243680467155
-7.772214446739642
-10.678296277537811
-8.255486773057676
-11.727188386177412
-8.374298607615252
-7.3632243680467155
-11.213801020622268
-7.772214446739642
-7.309347595993743
-6.51517960966424
-8.182767794019354
-10.321921443283008
-9.457781980901746
-6.055630952387071
-7.93973478652939
-10.164672035137269
-7.93973478652939
-6.518928618726046
-7.004863074292923
-8.326528015343712
-7.831786993792662
-10.02918096614638
-9.068255980206443
-7.969273797452802
-5.924661120457776
-6.888832239057654
-9.329263803271253
-11.5718494139775
-6.01834138746106
-6.436475215821008
-6.39148596122269
-6.273988386177411
-7.226894193088706
-8.315629493502634
-7.085844963686994
-7.485879221981625
-8.889687601448037
-7.772214446739642
-7.908543755001881
-9.237347236312639
-8.453359028929933
-5.933256422358013
-7.408169653336118
-9.204870817139373
-10.936769408909713
-9.816659028929932
-8.434855220888794
-6.538223227645177
-6.3363695730587795
-7.941117906020472
-6.166040593440684
-7.033201353707496
-9.13359458416177
-7.52091444835011
-9.30303478652939
-7.875639070880057
-6.134340515222045
-7.559710002350398
-7.509926602795735
-7.226894193088706
-6.596507002553058
-6.502328985484999
-7.289275379970073
-6.9617127908003384
-10.363888386177411
-10.64692079588444
-8.920936187035176
-11.100668497819163
-6.273988386177411
-6.994376481806742
-6.406105806911294
-9.712246014854573
-9.30303478652939
-8.268754132571143
-8.59794161885419
-6.736330480014735
-7.9015232276451774
-9.631022944501169
-10.449070243990162
-9.69707876640313
-9.739245545164472
-11.213801020622268
-10.286310002350397
-7.668235145712996
-9.212612652483324
-7.170463545412497
-9.574717193707015
-8.701371659273207
-8.44867858030945
-8.276023178573704
-8.276023178573704
-8.225159416327898
-8.722311613822589
-9.962442580051311
-9.88481147137746
-7.673923183364942
-9.097787548881278
-10.046937677978384
-8.435538777247782
-9.582575998589942
-7.93973478652939
-12.480877842048564
-9.422460942000338
-7.45003352614569
-8.242181186881368
-7.848466228225974
-8.335701709526303
-7.99103667121045
-9.754277842048563
-8.52787221653462
-10.229879354674189
-6.0418705895794655
-9.910124523584011
-6.799286495744344
-7.117328314250428
-6.538223227645177
-6.440226487084737
-10.736850993903555
-7.166734484410086
-7.956143420561657
-6.617283648959858
-8.390977842048564
-9.044830230198237
-9.30303478652939
-8.1798
-7.302580966146381
-10.054663870167474
-9.540147008007354
-10.171569063218412
-10.281390730731228
-9.54905053920516
-7.181327587233347
-6.703638704647584
-8.24879660394099
-5.775718616375648
-7.274976528416293
-7.3972231727068
-7.529340593440684
-8.123369352323792
-8.408140599307588
-8.933489455871152
-8.262253402905037
-8.492197452528265
-5.664377842048563
-8.24879660394099
-8.416912221477963
-6.661161027800089
-7.203672641622678
-8.350128979618095
-8.873226602795736
-5.533548866788758
-5.471234094674828
-9.754277842048563
-8.390977842048564
-7.281433229995575
-7.102404235873481
-7.963904414526547
-12.874592800703956
-8.123369352323792
-8.235638869848653
-7.529340593440684
-7.9015232276451774
-6.9560649864437405
-7.831786993792662
-6.596507002553058
-7.614066834711383
-5.556430049311836
-10.496005806911294
-11.751358014174567
-7.529340593440684
-7.591721780322053
-5.796495262782447
-5.489834797187531
-9.209837775907015
-6.104251776460833
-7.27626224806851
-7.529340593440684
-9.924204324210244
-8.80137203513727
-8.933489455871152
-6.578945267916021
-6.91622661394277
-6.927897100604872
-7.661458014174567
-8.892640593440683
-5.851869578925682
-7.002831944797782
-6.091934792396293
-5.717941196590637
-10.75106102780009
-7.712975159235086
-8.752681022732302
-12.114361027800088
-9.076275159235085
-7.344391768133985
-6.661161027800089
-8.523095262782446
-8.590194193088706
-7.186835288970459
-5.542498261419644
-6.689138216618325
-5.887763821085861
-7.644436243621097
-9.049956441157216
-12.498040599307588
-7.676448021592752
-7.740518435489247
-8.123369352323792
-9.477059289219733
-5.851869578925682
-6.82245053920516
-10.046937677978384
-5.922631938012119
-6.971247194372355
-13.477661027800089
-11.448911613822588
-7.509926602795735
-7.1189464003519785
-7.359011613822588
-7.686656441157215
-9.543099999999999
-7.405170589579465
-7.108524051881765
-10.388058014174566
-8.024461027800088
-9.754277842048563
-8.358076396490759
-6.346990013285088
-9.435152207263272
-6.506766783019278
-6.948617420733883
-7.093208386649019
-6.386526285240604
-7.848466228225974
-8.283030049311837
-12.769392454508349
-6.765476455357548
-6.273988386177411
-7.704955980206442
-6.3943811927482725
-7.968722417222274
-9.653420836663699
-7.196880134995207
-8.444034841467765
-8.555694706973243
-8.3994970345979
-6.32593628692603
-6.836735569222989
-6.664815815128596
-8.071852207263273
-7.4448775545158075
-6.109609945764476
-9.82613240970703
-8.283030049311837
-7.289275379970073
-9.134098817458387
-7.002831944797782
-9.103818435489247
-7.374001621240773
-7.712975159235086
-7.686656441157215
-8.873226602795736
-9.132705806911295
-6.298158014174567
-6.091934792396293
-9.815719974542471
-8.66588096614638
-10.388058014174566
-6.63010885079567
-6.527224638916084
-7.1189464003519785
-8.768470589579465
-11.117577842048563
-8.024461027800088
-7.865628985484999
-6.127829034556472
-8.555694706973243
-9.48666935232379
-9.54905053920516
-7.31619245450835
-7.128897452528265
-10.217729034556472
-11.093543560644106
-6.058092800703958
-7.980583648959858
-8.024461027800088
-6.010701621240773
-7.980583648959858
-7.491129034556471
-7.109159835929821
-7.053612221477963
-7.1189464003519785
-7.686656441157215
-10.770034922143951
-8.342286829643596
-9.30303478652939
-9.807334841467766
-5.549423178573704
-5.535653402905037
-7.472909945764476
-7.509926602795735
-6.82245053920516
-7.2210028642108295
-10.413256441157214
-7.27626224806851
-7.302580966146381
-5.6314763964907595
-9.30303478652939
-7.002831944797782
-6.325952540999544
-7.831786993792662
-6.85946719623642
-8.276023178573704
-10.04279245450835
-10.085611613822588
-7.3893810227323025
-8.350128979618095
-11.448911613822588
-8.892640593440683
-7.614066834711383
-6.468486993792662
-5.459150539205161
-8.578469578925683
-5.647698607615252
-5.570697575045279
-6.273988386177411
-6.899775891163868
-6.530868180674031
-9.30303478652939
-6.127829034556472
-6.206889455871152
-6.1241400901170735
-6.1218533772290655
-6.200579552449735
-5.844944661771622
-11.406092454508348
-12.524755220888794
-6.85946719623642
-8.024461027800088
-5.615686829643597
-9.343883648959858
-11.552141663134424
-7.216195704159604
-8.396928381253725
-11.495070589579464
-6.079868827017601
-6.33651580019615
-5.6195949208439275
-7.769405806911294
-6.538223227645177
-8.123369352323792
-12.114361027800088
-7.742212495778529
-7.080734841467766
-9.555061491008422
-8.67949245450835
-11.316794193088706
-11.859305806911294
-5.647698607615252
-6.760069352323791
-8.955021780322053
-7.226894193088706
-6.273988386177411
-6.576434786529389
-7.491129034556471
-8.024461027800088
-7.93973478652939
-8.462832409707032
-8.977366834711383
-9.48666935232379
-9.076275159235085
-10.01063575579991
-7.2353014836017095
-9.153799720629701
-10.070991768133984
-6.003159179532446
-5.489834797187531
-9.646330049311835
-8.818534792396292
-7.93973478652939
-9.58606719623642
-5.786015809261692
-6.091934792396293
-7.616348431628029
-11.228918616375648
-6.8165
-9.343883648959858
-7.509926602795735
-8.544627587233347
-7.175870648446253
-9.48666935232379
-8.590194193088706
-11.038517420733882
-9.406264835841228
-7.207098342600028
-9.694979094520923
-7.215169578925683
-7.080734841467766
-7.181327587233347
-9.440106827533562
-7.947682203402054
-6.703638704647584
-6.250766834711383
-6.436475215821008
-6.760069352323791
-12.982540593440683
-8.66588096614638
-5.840372641622678
-6.689138216618325
-6.0418705895794655
-7.769405806911294
-8.578469578925683
-11.660089455871152
-7.9015232276451774
-7.251063821085861
-7.1189464003519785
-6.705108478676283
-11.991423227645177
-6.986828979618095
-6.847925341193084
-10.02918096614638
-9.54905053920516
-10.015875379970073
-9.897063545412497
-8.047682579266116
-9.150739901586123
-7.637288386177411
-12.842581022732302
-11.751358014174567
-8.427612639236095
-8.102221616172987
-11.199059835929821
-8.818534792396292
-10.299543397591538
-8.495665428552948
-8.836209945764477
-6.760069352323791
-9.605481186881368
-6.091934792396293
-6.298158014174567
-7.289275379970073
-8.22276719623642
-8.210169408909714
-7.740518435489247
-11.316794193088706
-7.529340593440684
-6.0091854266422144
-8.042964835841227
-7.027677842048563
-11.859305806911294
-7.036197034597899
-7.359011613822588
-8.818534792396292
-8.66588096614638
-6.538223227645177
-8.366131944797782
-7.295890797029696
-7.289275379970073
-6.60238216516359
-6.388179583286436
-5.489834797187531
-6.512870634884499
-12.345386773057674
-12.704263821085862
-12.114361027800088
-9.771440599307587
-7.0900590289299315
-12.73075076580705
-5.995711613822588
-9.713428979618095
-8.255486773057676
-6.963607428152068
-5.4532
-5.851869578925682
-6.905798261419644
-5.470624023866416
-7.769405806911294
-7.071555220888794
-9.36148191463659
-7.046584558351033
-6.323356441157215
-8.255486773057676
-6.3443169899314436
-6.651225157194522
-9.103818435489247
-6.439599622370617
-7.036197034597899
-5.6314763964907595
