-7.842456415700051
-8.992569214318708
-10.400523183364943
-12.748226601325456
-8.328113687656744
-10.04279245450835
-8.400918133799385
-7.77543138137704
-8.07871743251975
-11.915985970743247
-12.993697089536276
-11.303330741648915
-12.584611569542352
-9.659016834711384
-13.30727512075854
-10.302288657479668
-10.573860373876041
-13.293601535994702
-10.877512628577954
-9.195086993792662
-8.923010002350397
-11.47154138746106
-11.47154138746106
-10.444379682013018
-6.908108629621369
-9.026450307293409
-7.8082960016179275
-9.147695814329479
-13.416282660519297
-7.107530520372863
-6.891882778489515
-8.738507880745448
-7.542085029306097
-9.897063545412497
-11.322744732293865
-10.616779432390434
-11.675893751006523
-6.4851662282259745
-8.031814133130693
-8.00516705547571
-9.713428979618095
-9.713428979618095
-10.227053222018636
-8.335126453066934
-8.415306812078112
-13.034596232096467
-11.724846713491116
-8.475866763267307
-7.013717712507946
-10.592228985484999
-10.286310002350397
-8.6487541446284
-9.463886049396113
-9.0445883251096
-9.953494193088705
-10.276012809464353
-8.293698331941886
-6.584583803186814
-12.979980483789712
-7.90402952950862
-8.134879392266715
-8.029654913690646
-9.17640559028936
-7.725638895150667
-10.281699165970943
-7.93973478652939
-10.40069102533191
-8.80137203513727
-8.658525919175235
-8.535380497716103
-9.264823227645177
-12.319574240397717
-10.115981022732303
-9.293557069778018
-8.996687567034904
-9.52934929206519
-11.16677534895757
-9.36497772487241
-6.846869408909714
-10.2724787304751
-13.593494694488873
-8.25933109203806
-9.86907072202349
-7.909712859457338
-9.676028005177388
-7.815564782668171
-8.51352746331425
-7.666397327096009
-8.720292108715935
-7.494604297071467
-9.798155220888795
-9.543099999999999
-9.037223183364942
-8.504068405942135
-8.714518318313095
-7.8666073169634085
-8.368194539120886
-9.514588787248119
-12.352834338767531
-7.607304946163175
-7.881212052180335
-8.999069476001695
-8.584851858010431
-11.171554102361132
-8.258135964586408
-9.866853207283334
-8.556816055956826
-7.644571607975863
-9.245648795277528
-13.45932260958569
-8.90210559535418
-9.971528287763533
-13.09048838617741
-7.810032493829967
-11.443639652374584
-8.242407503985145
-9.798155220888795
-9.639323178573704
-9.971528287763533
-7.745574970631667
-9.692846704179665
-7.865628985484999
-13.525298956034161
-11.391151893800856
-9.294399280398956
-7.733931238720681
-8.685209468621753
-12.89824869880582
-8.470390610071966
-10.286310002350397
-11.660089455871152
-8.200893913718406
-11.930301535994701
-8.386022863039411
-8.999180925064671
-13.157227445083848
-8.658359816307772
-8.977366834711383
-9.514212628577953
-8.187386105982034
-9.08097654012291
-8.731740003105863
-6.871055093029561
-8.853623111997573
-8.912712809464354
-9.28362079588444
-8.486595393225118
-10.439575159235085
-7.741016209053647
-8.652575379970074
-8.776526137886488
-7.359011613822588
-13.40268516977741
-10.400523183364943
-7.2097790824446495
-10.002303160397915
-8.252132239057655
-7.97427374553844
-13.32092235360744
-10.64692079588444
-6.147582331279579
-8.220312311909101
-10.357793984349719
-9.587749130709822
-9.543099999999999
-7.588255015373942
-9.798155220888795
-7.630531704823015
-8.212087961109386
-8.784491810599643
-9.172303690864982
-12.746609151580671
-6.708552207263272
-6.953353899539731
-7.257263601998419
-7.93973478652939
-9.754277842048563
-11.875815901601367
-7.100786116640176
-8.8595319873915
-9.897063545412497
-7.509926602795735
-8.590194193088706
-9.035816702939226
-7.920320795884441
-9.410726535273653
-8.284373566283346
-8.259415218475198
-9.58888659384182
-9.42308712971149
-9.729737638809407
-10.255940593440684
-12.3570889581577
-7.539291645616971
-8.97550713073363
-8.452920780391585
-8.128776455357547
-9.320220592536018
-7.859674200168965
-7.170463545412497
-8.873226602795736
-6.986828979618095
-7.251063821085861
-8.714956566851443
-6.617283648959858
-6.708552207263272
-11.639312809464354
-8.438830878094722
-8.2070676032766
-12.114361027800088
-8.849043273015402
-8.849247741885225
-10.33463284239999
-9.577220680173442
-11.218797452528264
-8.64733575579991
-7.702571254223709
-10.0884306642996
-9.789115752675771
-8.629353828504048
-10.551844676759947
-8.660522796842738
-11.188477207164464
-7.684600627747381
-9.952074918736264
-10.393012634444856
-8.957218716672717
-10.108950329598725
-11.163757481626567
-11.991423227645177
-10.061110517374319
-9.37948457014197
-11.605301001444007
-7.916513235063363
-9.66581922868851
-7.455234792396293
-12.213269352323792
-7.627890194132039
-9.587341844020825
-12.213269352323792
-10.224801988632713
-9.733991390509432
-12.051752164058703
-11.282895861231324
-10.497487844398961
-8.172737407303597
-9.175673003147715
-7.509926602795735
-11.17995902892993
-12.2697
-11.639312809464354
-9.842986290701006
-11.366162248068509
-10.94303479718753
-8.342286829643596
-12.279367851198861
-10.496005806911294
-10.962238869848653
-12.332081186881368
-7.280022245611241
-10.274888528659595
-10.340666834711383
-10.129375143288913
-10.238439605000123
-10.982086773057674
-10.415577795908094
-8.722311613822589
-8.884798443466186
-10.798452207263272
-8.770072955015353
-7.828179776686844
-10.129375143288913
-10.592925952801714
-7.457328160518736
-7.539048844853287
-9.420387970971056
-10.30659716615903
-8.875082124910065
-9.993033484603735
-9.352231250820505
-7.491129034556471
-8.276023178573704
-8.374298607615252
-8.25414267788979
-8.722311613822589
-12.319715882698125
-8.450568044222607
-8.943254170358772
-9.907927587233347
-11.921686993792662
-10.9064
-12.401817420733883
-11.165385028892919
-11.179019974542472
-7.421392800703957
-8.453359028929933
-8.434855220888794
-7.7997752158210085
-8.319364986443741
-8.1798
-8.283030049311837
-8.242181186881368
-8.191761491008421
-10.276012809464353
-10.061110517374319
-9.063654538895495
-8.661857800040089
-9.708926788954866
-12.937705394308576
-9.279051497750636
-7.438072035137269
-8.057102408446939
-10.415577795908094
-9.24316932912025
-10.020233251995142
-12.480877842048564
-12.332081186881368
-7.916513235063363
-8.875082124910065
-9.59763903690687
-8.11163418435702
-8.411563605678863
-8.366943560644104
-9.465521616172987
-8.72519759992117
-8.534258941492297
-9.079567614385136
-7.455234792396293
-8.2070676032766
-7.225490275993837
-7.421392800703957
-8.590194193088706
-9.039748021592752
-11.73927320017599
-7.419928510273697
-9.798155220888795
-9.450142214681458
-8.502318616375648
-9.870333093196212
-10.470227924774845
-7.968030380123881
-8.235638869848653
-8.277723488919786
-8.644733229995575
-8.203969627997157
-8.057232361574668
-11.316794193088706
-7.6412922984003275
-9.930272641622677
-9.990128990276236
-13.222605806911293
-12.114361027800088
-12.171703259439559
-8.57515859775326
-8.138900616105484
-6.434775912364228
-8.1798
-6.693802889702198
-8.711855762519468
-7.920320795884441
-8.7251157920004
-8.193431316277247
-8.646033062937358
-11.483536898812739
-14.001133667199612
-8.555694706973243
-7.809198337808791
-8.408140599307588
-6.948617420733883
-6.840669627997156
-8.168075385836978
-9.134098817458387
-9.4080663625542
-10.347538172962446
-8.497560974005491
-10.988173249278052
-8.588786731975965
-11.945171747604514
-11.670757738501202
-11.000537185809314
-6.856926103635514
-8.704810625382027
-10.318321780322053
-5.981091768133984
-7.226894193088706
-8.311917420733883
-12.332081186881368
-8.432128859967692
-7.686656441157215
-7.307287772456911
-8.366943560644104
-10.142916214857053
-7.29365445940131
-7.239122781641912
-6.6120048091259
-8.578469578925683
-9.573469408909714
-11.36745076580705
-7.509926602795735
-8.717887630595825
-9.65213821177778
-7.498149561913176
-9.941769578925683
-9.065606876605035
-11.645469610182548
-9.025054125042043
-9.85670289644757
-7.87087634923081
-9.556755551297702
-7.784444396726091
-7.529340593440684
-8.9982248155049
-8.888706534666516
-10.236526602795736
-9.72137639649076
-8.234332544906637
-9.06584774416446
-7.879229726350116
-8.330714988973147
-7.980583648959858
-9.762797034597899
-8.16616873132548
-8.943254170358772
-9.093200501400167
-10.715702841509193
-11.628990976688705
-12.13333492214395
-8.834044339701737
-12.2697
-7.075527210027916
-7.694429948888616
-7.034627975112228
-9.815719974542471
-11.574405394308577
-9.66581922868851
-9.66581922868851
-9.870333093196212
-9.72033717963403
-8.929611414284896
-8.370658698222233
-9.47600106969374
-7.034628830919636
-8.242181186881368
-11.991423227645177
-8.056270422017533
-6.632447183245398
-11.448911613822588
-12.2697
-10.798452207263272
-12.982540593440683
-10.04279245450835
-9.365415973410759
-13.442302841509193
-12.66501242136366
-11.097291390509433
-7.8511790561893475
-9.30303478652939
-8.91598846743059
-9.979393225891595
-8.911301117638402
-10.199509945764476
-11.921686993792662
-9.693098938763832
-10.020233251995142
-11.36103603710953
-11.765336793905124
-6.980095668308202
-10.199509945764476
-9.567269627997156
-7.580642478121745
-11.434291768133985
-8.029951703939663
-9.366188544392214
-9.691727515423958
-9.175004909956773
-7.455234792396293
-7.491129034556471
-7.525416337291823
-8.123369352323792
-8.015421559587065
-10.798452207263272
-7.907141192619206
-8.411563605678863
-10.224801988632713
-10.236526602795736
-9.924832416513047
-9.406781951308531
-9.85670289644757
-9.555061491008422
-8.2070676032766
-8.084367767846263
-8.479725593277752
-7.865628985484999
-8.84161704879823
-7.710290013285088
-9.279813235063363
-10.633700100907244
-9.48855622652274
-6.760069352323791
-10.006606702016255
-8.588786731975965
-9.543099999999999
-8.793290655608264
-8.656959761371546
-10.470227924774845
-6.92556383706424
-11.560839648880705
-9.025054125042043
-9.175673003147715
-9.33966958371692
-7.374001621240773
-6.9528301749580095
-8.7251157920004
-8.697853124352317
-8.7251157920004
-9.543099999999999
-9.465521616172987
-8.318616000047617
-10.183928160518736
-10.061110517374319
-11.52797203513727
-7.416352089313955
-12.352153402905037
-7.8117367068294294
-10.361053231515669
-11.117577842048563
-10.606326643574993
-9.979393225891595
-7.93440648836247
-8.970506795015325
-7.94803835479871
-6.243913998175649
-6.802866995533672
-10.197539648880705
-10.415577795908094
-9.093200501400167
-8.649949771821642
-10.363888386177411
-9.215908282357328
-9.930272641622677
-11.246721410864868
-13.305740145678826
-12.137582579266116
-11.883830300908471
-11.959022055600178
-11.294712341045198
-9.406781951308531
-7.47088421721503
-7.675378700789575
-8.029836793960227
-7.815564782668171
-7.509926602795735
-9.735890369559755
-8.861445817325126
-10.020233251995142
-11.34966180683214
-9.952074918736264
-9.696223924738213
-9.073590013285088
-7.491129034556471
-7.712975159235086
-8.60242157278432
-6.571106097183083
-9.679451045876416
-9.447667767846262
-8.207061403519878
-9.232422055600178
-7.866325952801714
-9.053715531508175
-10.415577795908094
-11.056398938763833
-6.721068775717862
-5.585317420733883
-8.425197089904758
-8.213293815459322
-9.570361403519879
-6.843765743342768
-8.628090063526527
-7.828564636578762
-7.320920332118087
-7.777753408771941
-11.353428990276235
-11.208846400351979
-8.984146028589498
-9.195086993792662
-7.716278439489437
-11.161455220888794
-7.702306876605035
-11.328755684097127
-6.939196647569321
-7.93440648836247
-10.94936719623642
-9.789115752675771
-9.039748021592752
-9.103818435489247
-8.016202535177236
-11.991423227645177
-11.619240593440683
-9.625553402905037
-10.181834792396293
-8.070866239229959
-6.516573966977456
-5.775718616375648
-8.397928830919636
-9.188642279364863
-10.047492573677088
-7.852608282357328
-6.448409043453653
-8.738745611389342
-9.656998331941887
-7.716278439489437
-9.543099999999999
-8.203969627997157
-10.292995450005309
-7.865628985484999
-8.150912628577952
-7.815564782668171
-8.378424573212587
-10.100601621240774
-8.894312684887431
-9.574092972597871
-10.526375215821009
-10.496005806911294
-12.812211613822589
-8.302373559191606
-8.939867330834437
-10.844611183020149
-10.388058014174566
-10.170280927669834
-9.556755551297702
-9.406781951308531
-10.439575159235085
-11.619240593440683
-10.296789455871153
-6.496437656607123
-9.093200501400167
-8.425197089904758
-9.58397000829619
-12.392419228688508
-8.123369352323792
-8.024461027800088
-13.169413491832223
-9.54905053920516
-8.470521786188957
-8.452457508135764
-8.267036482201455
-7.375453220661567
-10.020233251995142
-7.951696277537811
-7.729911578653784
-7.7435429035458965
-9.229556219138459
-9.66581922868851
-11.04596498644374
-9.72137639649076
-10.654610172366368
-9.556755551297702
-11.860787844398962
-11.588101988632712
-7.980583648959858
-6.134849936373283
-7.069736252738673
-8.991190194132038
-13.633
-9.228928985484998
-9.00058838617741
-11.727188386177412
-9.27043745689118
-7.989102841509194
-8.271167245472103
-7.625099582522028
-12.869516214857054
-7.973855466702832
-7.848466228225974
-9.965697396150771
-10.674682388390035
-10.374642794877461
-9.952074918736264
-7.906726670641205
-10.551844676759947
-7.246150318470172
-8.712039941903257
-9.6385574609502
-8.762104144720086
-12.432186829643596
-6.9528301749580095
-6.228421780322053
-9.952074918736264
-10.930569627997155
-8.452457508135764
-12.680094193088705
-9.965697396150771
-12.680094193088705
-8.316128684206275
-8.7251157920004
-12.982540593440683
-11.889675215821008
-11.955528985484998
-8.34339410730093
-8.261600440426749
-9.195086993792662
-7.421392800703957
-10.849969352323791
-9.33862073726517
-7.607213547975562
-7.389086617195252
-10.279288467430591
-9.126814478033419
-9.941769578925683
-10.439575159235085
-11.955528985484998
-9.05253628692603
-11.4517306642996
-6.9596733693779
-7.769405806911294
-9.095420086631968
-11.955528985484998
-12.070483648959858
-7.309347595993743
-11.274526056305795
-12.22853544912314
-12.801358337075369
-9.59763903690687
-9.938412421363658
-9.815719974542471
-9.573469408909714
-10.413256441157214
-8.308228476294484
-12.070483648959858
-10.470227924774845
-9.815719974542471
