-7.865628985484999
-9.793618235721201
-7.575712967530085
-10.968781186881367
-10.88845287891991
-10.49158182368453
-9.468124141977322
-12.22688084068576
-10.089323686591339
-10.9064
-10.66633478652939
-8.165758069112945
-8.888706534666516
-9.953494193088705
-9.513006774228018
-11.260616507870747
-10.968781186881367
-8.7027320921519
-10.515111586353399
-9.385488189434428
-9.408619008593606
-9.29910072775522
-11.175811334691595
-11.070222413667313
-10.217729034556472
-8.683637677978384
-10.236526602795736
-9.725390470626516
-10.004862623116797
-8.768470589579465
-10.596355001175198
-10.442343529276714
-8.75660209771955
-8.051050466196395
-13.252975215821008
-12.2697
-6.273988386177411
-11.208846400351979
-11.670757738501202
-8.618696841648475
-9.169340604098826
-8.597342050532392
-7.9134847186536
-7.487807951991088
-10.147992800703957
-8.768470589579465
-9.22606346527306
-9.814938524011927
-9.918991683997229
-9.122434134991963
-8.421347250958277
-10.467118435489247
-11.488441824479928
-8.429899255438283
-10.363888386177411
-8.520071098276688
-9.408619008593606
-9.022296165857682
-11.434291768133985
-11.065004365455072
-11.727188386177412
-11.260363545412497
-10.288391107013872
-10.90937526960258
-9.084010631783755
-8.29729757504528
-8.29729757504528
-9.675217420733883
-10.202996391444675
-12.2072152183549
-11.955528985484998
-11.5801046414457
-11.891235358139232
-11.188955123371487
-11.511292800703956
-9.570361403519879
-7.93973478652939
-10.783832361574667
-9.474740959283737
-6.963607428152068
-8.590194193088706
-9.26023341735569
-13.156547096544351
-11.164590274760313
-11.16321212120027
-10.094628661160002
-11.681621780322052
-7.443168827017601
-7.099532409707031
-9.117305074408563
-10.21528184037712
-9.675217420733883
-9.2394706348845
-8.769271230225039
-11.117577842048563
-11.422169600632444
-10.763584090337014
-10.419763007107996
-9.129752814918648
-12.365923178573704
-12.240812628577952
-9.745879493191284
-6.533615627215151
-9.416432143619826
-10.592485183539576
-10.246154029018527
-9.78614048307319
-10.677895095334975
-11.076728979618094
-9.83575983592982
-11.208846400351979
-7.117468063336295
-9.468124141977322
-12.186950634245921
-11.038517420733882
-10.34638739773685
-9.573469408909714
-12.365923178573704
-9.089886647597055
-10.388058014174566
-11.117577842048563
-8.873226602795736
-11.260363545412497
-12.812211613822589
-11.427115029752404
-12.982540593440683
-9.531375385836979
-9.13716309521855
-8.348158682734324
-9.618786773057675
-8.904602084449104
-9.798155220888795
-9.30303478652939
-9.28745300128365
-11.763823183364941
-10.296789455871153
-9.504310808086494
-10.255940593440684
-10.12303479185846
-9.930710890161025
-9.988658494965723
-8.552967204450002
-11.328755684097127
-9.809948229212104
-10.753038275597428
-8.502318616375648
-11.448911613822588
-11.208846400351979
-11.161455220888794
-12.332081186881368
-12.572146400351977
-7.346322616488916
-6.8165
-7.712975159235086
-10.554201624261749
-10.01660723901671
-9.244812689174267
-10.991564489809047
-12.401817420733883
-11.208846400351979
-9.126814478033419
-10.426269573058779
-9.478650173295147
-8.225958975756877
-10.129334925914828
-11.316794193088706
-11.619240593440683
-11.859305806911294
-10.085611613822588
-11.495070589579464
-8.912712809464354
-11.136281124034255
-8.125706479583792
-10.85428214001601
-10.09027370755367
-11.186291609078708
-6.948924907016087
-11.208846400351979
-12.742475379970074
-9.504960724557385
-8.830851776460833
-8.628090063526527
-10.82365063424592
-11.260363545412497
-8.341897435570253
-12.992491645616969
-9.00058838617741
-9.27349103494367
-10.400523183364943
-9.625553402905037
-8.715687973574694
-12.2697
-9.293248222107232
-9.627476108960707
-8.462832409707032
-12.680094193088705
-7.735325389116157
-9.517038761233506
-8.791308217763579
-8.727515056818616
-11.305183417355693
-11.45831039794222
-9.80646881403321
-9.767968016524964
-6.760069352323791
-8.69342424240054
-8.737301621240773
-8.446520707039364
-10.281430163831953
-11.1967615863534
-9.308613034577185
-11.190899279271889
-10.190606414566668
-10.575066228225975
-11.01624851729895
-7.908970793355036
-8.99940542141389
-11.619240593440683
-9.31499627753781
-11.067021984295621
-8.746322383948257
-9.925963536940907
-9.643572295982793
-7.302580966146381
-5.932590797029695
-6.1466266027957355
-7.900968418608318
-8.805168631664714
-9.365415973410759
-7.43050818066363
-8.370201195641764
-8.676060133781924
-9.615432239057654
-11.553906414566669
-10.52182984007378
-10.286310002350397
-12.440028979618095
-8.809891227686604
-10.75106102780009
-7.50706863907826
-9.405352549037314
-6.852190751809987
-6.679664835841227
-10.094533303828339
-8.006518028389259
-6.80361559375764
-11.590353222018637
-10.439575159235085
-11.159708685831205
-11.466099380656196
-11.280194401365941
-10.659828220578607
-9.591211589286853
-10.937590593440685
-9.461471987229073
-10.510218304142322
-10.587151042224551
-10.686407002553057
-11.511292800703956
-8.29729757504528
-9.84715429184874
-6.517140415412107
-7.23464161885419
-9.461942450189714
-12.440028979618095
-7.027677842048563
-11.057623200175989
-8.390977842048564
-11.117577842048563
-8.977366834711383
-6.948617420733883
-12.149544070274539
-12.332081186881368
-9.425365642841115
-8.420457583372128
-9.690207428152068
-10.768996998280485
-9.574290593440683
-11.97320413885318
-7.404610784625186
-6.684382579266117
-12.680094193088705
-11.316794193088706
-11.97320413885318
-10.510995814329478
-8.408140599307588
-10.0853819875953
-9.037223183364942
-10.078482256298669
-9.42070852155225
-11.598446864480229
-10.774282579266117
-10.736283873359252
-10.394192198624726
-7.7843958143294785
-11.076728979618094
-10.414518262391443
-8.700515029752404
-9.47515269098788
-10.968781186881367
-10.654724010796375
-10.981857494486572
-11.372919134525507
-6.697020511758748
-12.2697
-8.603121164292276
-7.275619039241342
-7.713378983509359
-10.657927696899291
-10.04090179066063
-9.953494193088705
-6.684382579266117
-12.029634786529389
-12.2697
-8.134233394144642
-6.250766834711383
-7.8761706348845
-10.849969352323791
-12.597344827334627
-10.400523183364943
-11.727188386177412
-6.641233052417679
-11.119092100253445
-8.68641737166241
-10.1238231727068
-11.379175379970073
-6.986828979618095
-7.720760583300776
-8.854429034556471
-12.369416248688884
-10.227053222018636
-10.04971737166241
-6.7820005138845385
-7.934038893754023
-11.144013531146895
-9.73385341083333
-11.293572641622678
-11.511292800703956
-9.435152207263272
-8.650082474460126
-6.769017739286398
-8.539714084617657
-12.480877842048564
-10.49158182368453
-9.318046420629367
-8.350128979618095
-7.440614946707689
-11.161455220888794
-7.1189464003519785
-10.286310002350397
-8.649295185058252
-9.085770243990162
-8.652575379970074
-11.009881888402813
-10.930280670596382
-9.8227630974243
-9.945895594615884
-10.172632140016011
-9.383733372004524
-7.908762985933393
-10.944243386528838
-9.996414215853546
-7.539291645616971
-10.798452207263272
-9.343883648959858
-11.562809945764474
-12.092015973410756
-9.865618616375647
-9.024758014174568
-8.945235215899894
-8.121488472289421
-10.15627368627999
-10.10824138746106
-7.226894193088706
-9.462477810591139
-11.673214489809048
-7.980583648959858
-9.897063545412497
-9.211766228225974
-8.737301621240773
-8.311917420733883
-7.4640064145666685
-9.959444732293866
-7.637288386177411
-7.027677842048563
-11.316794193088706
-8.482246400351977
-7.6349248155049
-8.633161389325126
-9.782527304542542
-9.104051558175362
-11.147947250958277
-11.260363545412497
-10.64692079588444
-9.147890511366152
-9.944054706702671
-9.059035514284611
-8.170984844601623
-9.977695944880978
-11.859305806911294
-11.5718494139775
-10.628123227645178
-5.953581312837573
-9.590247202732016
-9.470738157999053
-11.753830141637405
-11.59317935467419
-11.731944023529618
-11.456359179532447
-11.874295814329479
-11.802875159235086
-10.485821717474938
-10.774282579266117
-11.859305806911294
-10.983773597186177
-8.276023178573704
-12.332081186881368
-8.424024302996857
-8.23219314307191
-11.830418435489246
-11.270315300429434
-8.923010002350397
-6.293366853468018
-7.446591227686604
-8.486206774096136
-9.595694622459211
-11.727188386177412
-12.46419860761525
-7.4222156968297215
-10.217729034556472
-8.291191817360623
-9.582892530897498
-9.462930480014736
-10.190606414566668
-11.117577842048563
-9.508600513884538
-9.625553402905037
-10.558386993792661
-8.719373277118738
-11.185150810620385
-11.270315300429434
-12.480877842048564
-11.260363545412497
-10.60990413885318
-11.52797203513727
-9.845546400351978
-9.713428979618095
-11.894368030353148
-10.758152069426592
-10.587151042224551
-9.583511172469573
-8.29729757504528
-7.104326554663374
-10.628123227645178
-8.66588096614638
-11.002623178573705
-8.138359359741976
-10.078256566851442
-11.479281022732302
-10.791097160292127
-10.112718875854538
-6.937618832004789
-10.225491018743833
-10.352163772014388
-9.983863601998419
-8.69483562249005
-8.366131944797782
-7.702306876605035
-11.859305806911294
-10.66633478652939
-11.859305806911294
-9.941769578925683
-8.470038263363243
-8.596743088754272
-10.236526602795736
-9.947602864210829
-9.008935988038058
-9.881132351087759
-9.570361403519879
-10.506388795640563
-10.60990413885318
-11.751358014174567
-11.562809945764474
-12.365923178573704
-12.680094193088705
-10.526375215821009
-9.462930480014736
-12.029634786529389
-10.286310002350397
-10.227053222018636
-8.96274698902278
-10.936769408909713
-7.226894193088706
-11.816486647597054
-9.856562410988747
-7.071555220888794
-11.815266666666666
-10.15627368627999
-10.542164782668172
-8.533763545412496
-9.248622641622678
-6.948617420733883
-9.807334841467766
-11.727188386177412
-7.583014657706965
-10.131770589579466
-9.57973479718753
-7.661843729973224
-8.346194920843928
-10.085611613822588
-10.9064
-9.897063545412497
-11.495070589579464
-12.742475379970074
-6.948617420733883
-11.545134792396293
-10.307457738501203
-12.742475379970074
-9.084057870589422
-9.277918597711633
-7.865628985484999
-8.123369352323792
-11.97320413885318
-11.203932897736289
-7.5195540290185265
-10.667984021065614
-12.01213379808883
-11.794855980206444
-11.619240593440683
-9.80272724103774
-7.709219355367332
-10.181834792396293
-9.573469408909714
-9.228928985484998
-10.968781186881367
-11.038517420733882
-11.161455220888794
-9.103818435489247
-12.891272035137268
-9.729431944797781
-9.033455999920847
-6.074772035137269
-8.68641737166241
-12.186950634245921
-11.739149877185833
-8.590194193088706
-9.729431944797781
-11.859305806911294
-11.52797203513727
-8.840712428809907
-9.438407947596058
-11.057623200175989
-10.302123597186178
-10.798452207263272
-10.837982417920612
-11.053945676690415
-11.379175379970073
-10.627834270244403
-11.029407876337885
-9.891705376108854
-11.998444193088705
-9.793618235721201
-10.877512628577954
-10.798452207263272
-10.792348138768904
-10.64692079588444
-7.54281440626031
-8.311917420733883
-9.639323178573704
-8.776526137886488
-11.420024242400542
-10.400523183364943
-8.45900166109365
-6.196410002350397
-12.440028979618095
-11.96253585622313
-8.790836750817622
-10.199509945764476
-10.82365063424592
-11.119092100253443
-11.076728979618094
-10.258003576239352
-9.609362305683947
-10.702633409618675
-8.773290754605126
-8.935607789677105
-9.396940648379061
-10.081934090337015
-9.868848221574392
-11.505564330764578
-8.671967442366759
-10.246154029018527
-9.257468180674032
-10.936769408909713
-11.379175379970073
-10.64692079588444
-9.639323178573704
-8.912712809464354
-9.754277842048563
-10.467118435489247
-11.161455220888794
-8.539714084617657
-6.684382579266117
-11.208846400351979
-8.737301621240773
-10.056724242400541
-7.549412809464354
-9.48666935232379
-9.361046406218883
-9.694014988973146
-10.48138596122269
-10.318321780322053
-11.208846400351979
-9.608779655953818
-8.811609875242233
-9.00058838617741
-10.375973200175988
-11.020298331941886
-12.440028979618095
-11.751358014174567
-9.564193913718407
-13.222605806911293
-10.35318989724831
-10.234607518974219
-10.375849877185832
-10.728715973410758
-6.8165
-11.117577842048563
-9.798155220888795
-10.48138596122269
-11.260363545412497
-9.163075215821008
-8.596144732293865
-12.137582579266116
-9.228928985484998
-9.348127922813593
-11.162073313840366
-9.625553402905037
-9.450142214681458
-10.1238231727068
-11.208846400351979
-10.173191227686605
-9.624538239990784
-10.849969352323791
-6.617283648959858
-8.123369352323792
-7.93973478652939
-12.029634786529389
-8.776526137886488
-7.625563772014388
-10.406789178731017
-10.305014916441394
-10.496005806911294
-12.335379655953817
-11.619240593440683
-11.316794193088706
-9.24108316456661
-10.181834792396293
-7.397934087741797
-11.5718494139775
-7.637288386177411
-11.588049999999999
-10.86502531712296
-9.653420836663699
-8.829076441795793
-10.968781186881367
-8.226599401635628
-11.609454029018526
-10.945930210657341
-9.158419304537281
-9.897602284111844
-11.859305806911294
-9.897063545412497
-7.455234792396293
-7.446591227686604
-7.413226137886488
-8.242181186881368
-8.69342424240054
-9.11808596122269
-9.435152207263272
-10.227053222018636
-9.087139201055935
-9.281713954728417
-8.770072955015353
-11.816486647597054
-11.652734408900004
-10.566667879368696
-10.496005806911294
-10.340666834711383
-11.161455220888794
-10.656548222107233
-11.69268890006195
-11.624718302573065
-10.159521355402255
-9.758522115902297
-7.831786993792662
-8.024461027800088
-11.011988921024281
-11.808282262268841
-13.036514489809047
-6.010701621240773
-6.986828979618095
-7.920320795884441
-11.50312613788649
-8.276023178573704
-7.865628985484999
-8.96608890006195
-9.798155220888795
-9.358873656378043
-8.563998795277527
-10.944243386528838
-9.338502985832339
-9.261214239137011
-9.811978580309448
-10.349106565839573
-9.81583970392097
-10.925505779442105
-10.763584090337016
-9.014971449752409
-8.83417811326137
-8.018392710387655
-11.41301737166241
-10.849969352323791
-12.480877842048564
-11.161455220888794
-12.161752207263273
-11.58102903455647
-12.332081186881368
-8.854429034556471
-12.186950634245921
-12.010220795884441
-10.728715973410758
-7.869122055600178
-10.48156212120027
-10.104717393264695
-6.223182156151888
-12.2697
-11.208846400351979
-9.178864782668171
-9.952902710706944
-11.057623200175989
-12.044823655147843
-10.676370894541225
-10.227053222018636
-7.699669573058779
-11.485451451727823
-7.93973478652939
-10.849969352323791
-7.438072035137269
-12.213269352323792
-12.300069408909714
-9.897063545412497
-11.830418435489246
-12.332081186881368
-8.776526137886488
-12.2697
-12.812211613822589
-11.991423227645177
-11.359761389325124
-8.071852207263273
-10.388058014174566
-7.559710002350398
-8.933489455871152
-12.092015973410756
-9.076275159235085
-11.334828287763534
-11.727188386177412
-10.375849877185832
-8.626828990276236
-7.226894193088706
-9.211766228225974
-8.100406630880325
-9.784647250958278
-8.720007813607575
-11.260363545412497
-10.439575159235085
-9.656998331941887
-11.260363545412497
-8.768470589579465
-9.48666935232379
-9.860536407770164
-8.141126064155795
-9.635850595791082
-9.470738157999053
-10.75135319349232
-9.959444732293866
-7.895998394394713
-9.264823227645177
-7.865628985484999
-9.897063545412497
-9.435152207263272
-8.863753222018637
-12.39081883200479
-11.397888069180135
-10.236526602795736
-10.467118435489247
-11.513764928166793
-9.713428979618095
-11.751358014174567
-10.213121434126444
-9.435152207263272
-10.64692079588444
-10.015875379970073
-11.69268890006195
-8.803914946707689
-12.812211613822589
-10.66633478652939
-11.293572641622678
-10.467118435489247
-9.816659028929932
-12.010220795884441
-6.948617420733883
-10.181834792396293
-7.980583648959858
-9.935993204648144
-10.835176360573906
-8.793307342905996
-12.440028979618095
-7.3575332768069055
-10.352163772014388
-10.265891645616971
-10.82086569523519
-8.277049303807626
-11.921686993792662
-7.031922115902297
-11.824437689985036
-6.381150426708188
-9.043555582413832
-11.495070589579464
-8.123369352323792
-11.316794193088706
-9.514212628577953
-10.04279245450835
-7.289275379970073
-8.361687836359264
-10.739783093150654
-6.738921616172987
-8.655873849042523
-10.663063628013031
-10.085611613822588
-11.816486647597054
-11.859305806911294
-10.249434027489901
-10.09027370755367
-12.680094193088705
-8.434855220888794
-8.290120836663698
-7.491129034556471
-6.783470644816529
-9.132705806911295
-11.727188386177412
-9.845546400351978
-8.387604193791558
-10.9064
-10.563223175640253
-10.318321780322053
-9.930272641622677
-12.680094193088705
-8.393096175854515
-8.659856422358013
-9.172697708501984
-8.714956566851443
-8.408140599307588
-9.323107002553058
-12.742475379970074
-12.623663545412496
-11.161455220888794
-9.72137639649076
-10.815977865953935
-10.860833394144642
-10.66633478652939
-8.82790053484687
-8.590194193088706
-8.533763545412496
-6.262263772014388
-9.762797034597899
-12.680094193088705
-11.448911613822588
-5.966824242400541
-6.010701621240773
-10.740733114112988
-9.750063776805627
-9.962450208195495
-6.692490037677039
-6.943826260027334
-9.410982579266117
-10.227053222018636
-13.427802903455646
-11.316794193088706
-10.798452207263272
-10.173191227686605
-5.995711613822588
-12.240812628577952
-12.029634786529389
-10.39376617554388
-7.2698613893251265
-8.150912628577952
-8.242181186881368
-8.210169408909714
-7.491129034556471
-9.089886647597055
-7.529340593440684
-8.63956224806851
-10.388058014174566
-9.228928985484998
-10.82365063424592
-10.296789455871153
-10.510995814329478
-9.886395262782447
-10.056724242400541
-7.4640064145666685
-10.164672035137269
-10.686407002553057
-9.58606719623642
-6.576434786529389
-11.824437689985036
-12.480877842048564
-7.965139188002611
-11.420024242400542
-12.365923178573704
-8.071852207263273
-8.123369352323792
-10.115981022732303
-8.776526137886488
-7.60278890006195
-7.980583648959858
-7.959807002553058
-7.865628985484999
-8.242181186881368
-10.9064
-11.991423227645177
-8.729759179532445
-11.033927610444398
-11.149440483073189
-10.937590593440683
-10.093059179532446
-6.8369806835577585
-9.00058838617741
-9.84063289773629
-10.093059179532446
-11.727188386177412
-12.2697
-11.456359179532447
-7.990606385096179
-9.758522115902297
-10.774282579266117
-9.54905053920516
-10.526375215821009
-11.889675215821008
-6.627951931589908
-12.692055684097127
-11.291299803257015
-9.716198457217178
-10.349846455290356
-7.824269534622671
-11.971412689174267
-9.098206320795832
-9.004151528328553
-11.645469610182548
-12.070483648959858
-12.070483648959858
-12.186950634245921
-11.316794193088706
-10.439575159235085
-11.372633062937359
-11.334828287763534
-10.252019518453434
-10.91238074550421
-10.318321780322053
-9.941769578925683
-10.04971737166241
-7.880618992903185
-11.660089455871152
-12.300069408909714
-8.024461027800088
-10.82365063424592
-11.076728979618094
-11.316794193088706
-10.15627368627999
-8.827306414566667
-12.240812628577952
-10.131770589579466
-11.51957368627999
-11.84468596122269
-11.334828287763534
-10.093059179532446
-9.649864827973206
-7.071555220888794
-7.366459179532446
-7.071555220888794
-7.351656566851442
-8.62056360199842
-9.228928985484998
-9.798155220888795
-8.242181186881368
-7.712975159235086
-8.390977842048564
-9.798155220888795
-8.434855220888794
-9.11808596122269
-9.891705376108854
-7.59128336958956
-9.427797160292126
-8.047682579266116
-8.453359028929933
-11.727188386177412
-11.379175379970073
-11.161455220888794
-8.29729757504528
-6.551697040464804
-8.326907428152067
-10.02918096614638
-7.848466228225974
-6.843761403519879
-9.573469408909714
-7.087714179658418
-9.11090922284111
-10.093059179532446
-9.458673225373984
-11.161455220888794
-10.352163772014388
-10.10824138746106
-9.990128990276236
-10.15627368627999
-10.439575159235085
-10.340666834711383
-6.684382579266117
-12.029634786529389
-7.491129034556471
-12.300069408909714
-9.025992787650631
-10.473359589808517
-9.299113711542141
-8.09426569523519
-11.208846400351979
-10.968781186881367
-8.660576862559918
-9.514212628577953
-9.514212628577953
-7.820384947693832
-7.999927158839628
-8.523095262782446
-8.395222115902298
-8.23239462245921
-6.576434786529389
-8.210169408909714
-10.32938890006195
-8.863753222018637
-9.845546400351978
-9.28362079588444
-7.9015232276451774
-7.637288386177411
-7.491129034556471
-8.62056360199842
-8.752681022732302
-9.012549877185833
-10.467118435489247
-10.686407002553057
-10.707183648959857
-10.849969352323791
-9.024758014174568
-6.550751386746477
-10.928520922010414
-10.793558925052194
-7.350050645428233
-10.66633478652939
-9.321310197060736
-11.149440483073189
-11.488441824479928
-10.164672035137269
-9.930272641622677
-10.968781186881367
-11.265297606855487
-11.41404349689633
-9.618786773057675
-6.576434786529389
-7.591721780322053
-9.410982579266117
-10.60990413885318
-11.727188386177412
-9.934684598597357
-10.279083207013496
-10.722173656378041
-10.860833394144642
-9.26187023565253
-7.865628985484999
-10.945930210657341
-8.434855220888794
-8.081250991382905
-7.661458014174567
-8.097050634245921
-13.307770296720342
-12.064502903455647
-11.952056402702375
-11.260363545412497
-8.86187660026633
-8.382579493191285
-9.427041101701027
-9.28745300128365
-9.218571747604514
-9.453879958884388
-7.514239582616147
-9.410982579266117
-10.774282579266117
-9.327204414526546
-7.717025850066929
-10.10824138746106
-10.762216712231197
-8.784692800703956
-7.918413954728417
-9.390042624716735
-10.787514287782356
-10.190672369080385
-10.526375215821009
-9.402140126721392
-10.227053222018636
-5.912962248068509
-10.009333062937358
-10.919643472360594
-8.938727496930962
-9.076275159235085
-6.3632866475970555
-6.733750634245921
-8.482246400351977
-9.754277842048563
-7.614066834711383
-6.349675159235085
-6.538223227645177
-6.596507002553058
-7.8761706348845
-6.003159179532446
-9.54905053920516
-6.70830556128296
-10.227053222018636
-11.52797203513727
-11.379175379970073
-11.208846400351979
-10.60990413885318
-6.875600991969546
-9.481816180787334
-10.080566712231196
-11.260363545412497
-7.963287992120861
-9.953494193088705
-8.311917420733883
-7.625563772014388
-8.311917420733883
-8.210169408909714
-9.48666935232379
-8.533763545412496
-8.482246400351977
-8.596144732293865
-8.150912628577952
-8.210169408909714
-9.514212628577953
-10.100601621240774
-8.759734266970923
-10.100601621240774
-9.865618616375647
-7.763514478033418
-9.605481186881368
-10.877512628577954
-11.50312613788649
-10.82365063424592
-9.798155220888795
-8.197834094674828
-10.686407002553057
-8.752681022732302
-8.836209945764477
-8.239883143702388
-8.45241997454247
-8.635713434945224
-9.667862373762738
-10.217729034556472
-9.177266742110513
-5.900228990276236
-6.468486993792662
-10.628123227645178
-12.240812628577952
-12.213269352323792
-12.524755220888794
-7.98270198276581
-10.217729034556472
-11.002623178573705
-10.453186647597056
-11.448911613822588
-8.0853260200829
-9.745879493191284
-9.664218832004789
-12.010220795884441
-9.723669321396972
-9.754277842048563
-10.798452207263272
-10.227053222018636
-12.213269352323792
-9.323107002553058
-10.728715973410758
-9.024758014174568
-11.038517420733882
-9.076275159235085
-8.311917420733883
-12.440028979618095
-8.210169408909714
-7.980583648959858
-7.337215029752404
-7.649249877185833
-7.740518435489247
-8.482246400351977
-8.74494138746106
-8.390977842048564
-8.626828990276236
-10.197883365663586
-9.50973561571166
-9.457665499753837
-6.980637925325022
-7.637288386177411
-7.438072035137269
-8.547366965011003
-9.639323178573704
-7.959807002553058
-8.784692800703956
-8.977366834711383
-8.626828990276236
-8.590194193088706
-8.80137203513727
-11.316794193088706
-11.002623178573705
-9.558090007418183
-10.022490797029695
-9.80272724103774
-10.467118435489247
-8.832632450486287
-10.10824138746106
-9.82613240970703
-10.246154029018527
-9.897063545412497
-10.467118435489247
-11.467709182061853
-7.607274328083912
-11.161455220888794
-9.410982579266117
-11.991423227645177
-9.514212628577953
-10.267854139379184
-12.029634786529389
-6.39148596122269
-6.186112809464354
-10.75106102780009
-9.418130436709802
-11.52797203513727
-6.617283648959858
-6.01834138746106
-11.316794193088706
-8.722311613822589
-10.199509945764476
-7.337215029752404
-7.257263601998419
-9.798155220888795
-8.071852207263273
-7.027677842048563
-11.859305806911294
-11.260363545412497
-12.137582579266116
-12.213269352323792
-12.2697
-10.576762719021154
-9.483984206373794
-9.274147415107343
-11.316794193088706
-11.260363545412497
-10.66633478652939
-10.686407002553057
-8.210169408909714
-8.752681022732302
-10.9064
-7.293434469496321
-8.453359028929933
-10.678296277537811
-7.637288386177411
-8.590194193088706
-6.273988386177411
-8.950652213130176
-12.332081186881368
-10.934319434924326
-9.435152207263272
-9.897063545412497
-8.63956224806851
-9.33966958371692
-9.343883648959858
-9.147695814329479
-9.845546400351978
-9.754277842048563
-9.399257965103095
-7.831786993792662
-11.97320413885318
-9.264823227645177
-7.226894193088706
-8.784692800703956
-11.316794193088706
-12.891272035137268
-11.619240593440683
-8.96608890006195
-9.527390295964931
-9.489366731327172
-10.75106102780009
-9.745879493191284
-9.387761027800089
-8.002115973410758
-7.9015232276451774
-11.776556441157215
-12.572146400351977
-11.545134792396293
-8.131498637933005
-5.887763821085861
-8.68641737166241
-10.82365063424592
-8.42851313167915
-8.883825438042306
-7.053612221477963
-10.413256441157214
-10.24504230140559
-8.663195820196384
-12.161752207263273
-11.038517420733882
-10.798452207263272
-6.733750634245921
-10.32938890006195
-10.190606414566668
-9.608779655953818
-9.573469408909714
-9.225456402702376
-10.64692079588444
-9.959444732293866
-8.194486457723158
-7.859392926660162
-9.789115752675771
-9.758522115902297
-7.1189464003519785
-10.849969352323791
-11.52797203513727
-8.827306414566667
-9.798155220888795
-12.186950634245921
-11.208846400351979
-10.15627368627999
-11.434291768133985
-10.190606414566668
-9.971528287763533
-11.84468596122269
-9.996461389325127
-9.05253628692603
-10.181834792396293
-12.240812628577952
-7.686656441157215
-7.614066834711383
-9.024758014174568
-9.754277842048563
-8.002115973410758
-9.953494193088705
-11.562809945764474
-10.707183648959857
-10.190606414566668
-9.244812689174267
-6.878881186881368
-6.846869408909714
-6.436475215821008
-6.912723178573704
-9.246604138853183
-9.855497452528265
-9.91343528897046
-12.891272035137268
-9.990128990276236
-9.754277842048563
-11.619240593440683
-8.593161987108058
-7.509926602795735
-10.191200534846871
-10.296789455871153
-9.675217420733883
-10.165882821420558
-7.90337635487685
-11.038517420733882
-12.029634786529389
-10.9064
-13.512967393264695
-8.139741095881753
-8.097050634245921
-6.576434786529389
-10.559737769360906
-10.015875379970073
-9.410982579266117
-7.539291645616971
-9.701704365455074
-12.572146400351977
-12.891272035137268
-10.546302179794084
-9.20839257996897
-12.440028979618095
-12.070483648959858
-12.04970700255306
-11.889675215821008
-12.092015973410756
-12.186950634245921
-12.137582579266116
-12.300069408909714
-12.161752207263273
-12.213269352323792
-12.300069408909714
-12.240812628577952
-13.10257320017599
-10.48138596122269
-11.038517420733882
-8.428963892010918
-11.52797203513727
-11.448911613822588
-12.440028979618095
-10.897584844601623
-11.479281022732302
-11.113363776805626
-10.374988051734103
-10.720308682897752
-11.32024625677416
-10.575066228225975
-9.953494193088705
-8.995870642752521
-9.62216042131468
-9.531375385836979
-8.091924423286942
-8.96274698902278
-8.047682579266116
-11.208846400351979
-9.089886647597055
-9.959444732293866
-10.439575159235085
-5.941978345149761
-12.2697
-10.575066228225975
-9.794672394439893
-11.62919164561697
-7.920320795884441
-6.576434786529389
-9.675217420733883
-11.517992320464701
-10.306924862768202
-10.777257848868697
-9.235935856223131
-11.739149877185833
-11.399247595993742
-10.739888500605424
-10.659828220578607
-6.8165
-9.327204414526546
-11.699429849543792
-12.029634786529389
-9.352402841509193
-11.78956957305878
-7.421392800703957
-11.44155656685144
-6.273988386177411
-8.29729757504528
-6.7820005138845385
-8.62056360199842
-9.435152207263272
-8.234065547456389
-7.603907075403137
-6.363148972054712
-11.334828287763534
-10.514914294221079
-10.296789455871153
-10.056724242400541
-7.17154102281119
-6.293244511558878
-7.759134134991963
-9.8285877170302
-6.164070296556914
-9.52169042034288
-10.363888386177411
-10.526375215821009
-11.217186017568634
-11.761309066350853
-7.315504396711938
-7.93973478652939
-8.99704655906196
-10.453186647597056
-11.536491227686605
-12.300069408909714
-12.480877842048564
-8.357676481806742
-10.575066228225975
-11.076728979618094
-10.453186647597056
-12.680094193088705
-11.84468596122269
-10.413256441157214
-11.038517420733882
-9.514212628577953
-10.04279245450835
-10.363651651391832
-11.4691672596568
-11.002971662232062
-10.968781186881367
-10.375849877185832
-11.316794193088706
-6.273988386177411
-6.273988386177411
-7.769405806911294
-9.930382142949464
-11.511046281204765
-12.812211613822589
-13.318828985484998
-7.968030380123881
-11.670757738501202
-9.959444732293866
-9.608779655953818
-10.426269573058779
-10.140326528934786
-11.117577842048563
-11.78956957305878
-11.62919164561697
-6.903839400821614
-9.0749310640672
-10.558386993792661
-11.260363545412497
-10.849969352323791
-12.680094193088705
-10.246154029018527
-12.524755220888794
-8.323124196959197
-9.410982579266117
-9.132705806911295
-6.0483062362818
-10.782446318277445
-10.474252198355968
-8.13698084068576
-10.1238231727068
-10.439575159235085
-8.80137203513727
-9.543099999999999
-9.605481186881368
-10.21679095239755
-11.136281124034255
-8.009175057532863
-7.311734305629527
-7.149315809261692
-11.316794193088706
-9.387761027800089
-11.406092454508348
-8.732011840463592
-7.10577240072298
-10.927493913718408
-9.203367879368695
-5.685910166499463
-7.8791918788234385
-12.906709869083514
-8.533763545412496
-7.3893810227323025
-8.390977842048564
-10.307457738501203
-11.448911613822588
-9.00058838617741
-10.363888386177411
-10.75106102780009
-6.912723178573704
-11.076728979618094
-9.06296957305878
-10.307457738501203
-12.137582579266116
-10.276012809464353
-7.226894193088706
-11.751358014174567
-9.150739901586123
-10.453186647597056
-9.605481186881368
-9.147695814329479
-9.80272724103774
-9.119531807282296
-9.48666935232379
-9.178864782668171
-10.022490797029695
-9.605481186881368
-12.186950634245921
-12.04970700255306
-6.895560421314681
-12.332081186881368
-7.114865321670459
-11.545134792396293
-12.332081186881368
-11.776556441157215
-6.986828979618095
-8.311917420733883
-8.07037387024759
-9.343883648959858
-12.332081186881368
-10.33203541181946
-11.562809945764474
-10.199509945764476
-9.454477354506146
-10.115981022732303
-12.092015973410756
-9.48666935232379
-9.267311227328518
-9.573469408909714
-6.935805434975642
-9.573469408909714
-9.30303478652939
-6.5198247497691915
-11.727188386177412
-9.675217420733883
-7.17750245563586
-11.120614143881767
-7.289275379970073
-9.125350759940147
-12.365923178573704
-12.300069408909714
-12.186950634245921
-12.04970700255306
-11.434291768133985
-9.257468180674032
-11.372633062937359
-8.390977842048564
-8.752681022732302
-8.836209945764477
-6.273988386177411
-8.80137203513727
-8.8452494139775
-9.012549877185833
-8.502318616375648
-7.93973478652939
-7.027677842048563
-10.75106102780009
-8.110326968493307
-11.208846400351979
-12.680094193088705
-8.936907494486572
-10.147992800703957
-8.726768902129844
-11.331978897543562
-10.521092331857611
-12.029634786529389
-9.358873656378043
-9.43762433472611
-11.117577842048563
-11.260363545412497
-7.251063821085861
-7.93973478652939
-11.262820296720342
-9.717389353362252
-10.48138596122269
-11.161455220888794
-10.483684258127138
-10.078256566851442
-11.434291768133985
-10.173191227686605
-9.664218832004789
-10.093059179532446
-10.82365063424592
-7.013883761720006
-9.113769487665534
-9.331330380123882
-9.953494193088705
-10.97245871036694
-11.448911613822588
-10.9064
-9.639323178573704
-6.9560649864437405
-8.862814167631177
-10.286310002350397
-8.63956224806851
-10.64692079588444
-8.714956566851443
-10.332749781369442
-12.891272035137268
-10.968781186881367
-11.874295814329479
-8.173908671122124
-9.514212628577953
-8.533763545412496
-12.524755220888794
-10.968781186881367
-8.87994932817775
-9.862685150407
-8.931378674073404
-9.816659028929932
-9.725390470626516
-11.434467928111566
-11.316794193088706
-7.198006821666659
-9.308345006642543
-11.453592257451605
-8.784692800703956
-9.244812689174267
-12.04970700255306
-12.114361027800088
-11.51957368627999
-6.557020795884441
-8.58842063110197
-10.86502531712296
-12.524755220888794
-6.793278448533972
-11.41301737166241
-11.038517420733882
-6.413553372621152
-9.264823227645177
-9.264823227645177
-9.798155220888795
-11.208846400351979
-11.421538500605422
-11.161455220888794
-8.68641737166241
-9.277918597711633
-9.618786773057675
-6.998387836359264
-9.713428979618095
-8.674010251755595
-11.244828997930886
-10.707183648959857
-7.920320795884441
-11.816486647597054
-11.468017393264695
-10.375849877185832
-9.178864782668171
-9.602200991969546
-6.273988386177411
-8.29729757504528
-6.8601041771124684
-7.980795141609787
-9.525850256942269
-8.751124980661428
-11.874295814329479
-11.660089455871152
-11.62919164561697
-10.064528801589518
-9.387761027800089
-9.435152207263272
-9.80272724103774
-9.84063289773629
-10.798452207263272
-11.401958682897753
-11.511292800703956
-9.713428979618095
-10.139826137886487
-9.343883648959858
-9.228928985484998
-8.047682579266116
-8.047682579266116
-9.543099999999999
-8.242181186881368
-7.549412809464354
-8.626828990276236
-9.410982579266117
-8.700515029752404
-8.390977842048564
-10.085611613822588
-11.249695262782446
-7.495772773398155
-9.396940648379061
-11.432849444236355
-10.849969352323791
-9.543099999999999
-9.101005728692655
-9.410982579266117
-10.04971737166241
-11.117577842048563
-7.175870648446253
-11.316794193088706
-9.312985838705675
-7.635884469082543
-6.617283648959858
-8.206799751245816
-8.892640593440683
-7.226894193088706
-8.25886042131468
-10.094771754774449
-7.041800977178393
-11.076728979618094
-10.526375215821009
-8.42581575267577
-8.458076772354822
-8.378424573212587
-8.748798558543777
-9.430881377661176
-7.951696277537811
-11.859305806911294
-8.002115973410758
-9.246604138853183
-9.076275159235085
-11.619240593440683
-12.029634786529389
-10.64692079588444
-8.578469578925683
-7.535362446608279
-8.745710814037414
-8.071852207263273
-8.073915190061939
-10.542164782668172
-11.874295814329479
-11.420024242400542
-11.117577842048563
-11.208846400351979
-8.386763776805626
-9.500280840685761
-12.680094193088705
-10.936769408909713
-11.727188386177412
-11.299293204648142
-9.333404195439103
-8.63956224806851
-6.39148596122269
-7.769405806911294
-11.619240593440683
-9.00058838617741
-10.093059179532446
-8.651261120457775
-8.80137203513727
-12.524755220888794
-11.105024573212585
-9.608779655953818
-7.676448021592752
-9.335485300102578
-10.078256566851442
-8.809891227686604
-10.66633478652939
-12.2697
-12.2697
-11.681621780322052
-9.959444732293866
-10.526375215821009
-12.137582579266116
-11.619240593440683
-9.953494193088705
-9.737598607615253
-8.453161438647491
-11.727188386177412
-6.273988386177411
-10.439575159235085
-7.445305508034388
-12.440028979618095
-11.260363545412497
-11.448911613822588
-9.076275159235085
-7.565660541555558
-6.912723178573704
-6.171991132645844
-8.15943182112729
-8.755022780566255
-8.533763545412496
-10.731162572737889
-7.509926602795735
-10.571463301397866
-12.029634786529389
-9.195086993792662
-8.408800759444757
-5.8735653158989765
-11.619240593440683
-11.161455220888794
-11.727188386177412
-12.746152903455647
-12.746152903455647
-11.874490511366151
-8.497236407770163
-8.26566594069322
-12.2697
-7.766158324155462
-8.759734266970923
-11.208846400351979
-11.859305806911294
-10.936769408909713
-8.8452494139775
-9.639323178573704
-5.973915029752404
-6.273988386177411
-6.186112809464354
-8.707691768133984
-8.533763545412496
-8.66588096614638
-11.208846400351979
-7.998617743634687
-9.546067794019352
-10.798452207263272
-10.063815029752403
-9.037223183364942
-10.400523183364943
-10.968781186881367
-12.137582579266116
-12.680094193088705
-10.877512628577954
-10.60990413885318
-11.859305806911294
-11.448911613822588
-9.68266498644374
-13.307770296720342
-10.744268521172618
-10.164672035137269
-10.496005806911294
-9.211766228225974
-11.52797203513727
-9.237700607655373
-7.4508972369730815
-6.403152814918648
-9.979516948317535
-11.161455220888794
-6.250766834711383
-6.912723178573704
-5.966824242400541
-9.811978580309448
-12.137582579266116
-10.774282579266117
-12.029634786529389
-12.480877842048564
-11.316794193088706
-10.145530952387071
-10.413256441157214
-9.729431944797781
-9.264823227645177
-9.798155220888795
-11.065118203885081
-7.272413434945224
-9.701704365455074
-12.680094193088705
-12.2697
-11.673214489809048
-10.9064
-10.204012428809907
-9.855497452528265
-10.131770589579466
-9.965455684097126
-6.7810796063382455
-12.2697
-6.166040593440684
-11.305069578925682
-9.970918216955122
-9.293248222107232
-8.68641737166241
-10.496005806911294
-7.549412809464354
-7.027677842048563
-9.195086993792662
-8.63956224806851
-8.822027862511472
-7.767927469895611
-12.126832034916863
-11.076728979618094
-9.737598607615253
-9.628965940693218
-12.029634786529389
-12.680094193088705
-9.959444732293866
-9.394632366051152
-9.713428979618095
-9.602200991969546
-8.584889366157926
-9.329263803271253
-8.701228801589517
-9.534284844601622
-9.646330049311835
-10.558386993792661
-10.400523183364943
-8.4891945365365
-9.465521616172987
-8.428062714261324
-8.298743421104884
-10.60990413885318
-7.269225093006841
-6.539149066250063
-10.968781186881367
-11.727188386177412
-9.540147008007354
-9.44510325943956
-10.75106102780009
-9.22028542077531
-8.96608890006195
-7.085938284463794
-9.68266498644374
-9.392333047949034
-11.076728979618094
-8.977366834711383
-11.599826602795735
-9.605481186881368
-11.385790797029696
-11.385790797029696
-12.114361027800088
-11.793529946802938
-9.545770344293338
-10.007160371135942
-7.326120169593634
-10.401784256615233
-12.500704608872311
-6.7107766569700695
-11.62919164561697
-10.332749781369442
-11.227952179794084
-10.255940593440684
-11.649610002350398
-10.968781186881367
-12.440028979618095
-10.897584844601623
-12.572146400351977
-11.47154138746106
-10.88603182112729
-12.332081186881368
-10.204012428809907
-10.10824138746106
-10.22475
-9.167768030353148
-11.385790797029696
-12.680094193088705
-9.011342794877462
-10.217729034556472
-9.875915809261691
-8.959423835300552
-8.67949245450835
-9.323107002553058
-11.921686993792662
-7.60278890006195
-11.002623178573705
-11.991423227645177
-8.78223095238707
-9.635850595791082
-8.1798
-11.379175379970073
-11.609454029018526
-8.66588096614638
-10.227053222018636
-12.029634786529389
-9.390042624716735
-8.977366834711383
-10.15627368627999
-9.592468054979804
-9.68266498644374
-10.64355148360171
-10.66633478652939
-10.161298386880263
-9.743798388527809
-12.240812628577952
-9.754277842048563
-10.628123227645178
-11.208846400351979
-10.542164782668172
-11.208846400351979
-6.708552207263272
-6.273988386177411
-7.726586647597055
-8.68641737166241
-11.599826602795735
-6.744138157999053
-11.802875159235086
-7.7843958143294785
-9.930272641622677
-9.990128990276236
-10.570012937233487
-11.776556441157215
-8.738821708512663
-6.532451632019436
-9.798155220888795
-8.902591645616969
-9.268535300413928
-10.510995814329478
-8.565835131825759
-7.436045540287799
-9.301064489645618
-7.290856351983359
-9.373267297826654
-9.194429864036515
-10.64692079588444
-12.04970700255306
-10.726527158839628
-10.992265940693219
-10.75106102780009
-11.816486647597054
-5.863594193088706
-11.316794193088706
-11.90546478266817
-11.619240593440683
-9.709494920843927
-9.096811564751116
-9.410982579266117
-7.559710002350398
-7.351656566851442
-9.006538925382571
-9.403919986569713
-9.228928985484998
-8.533763545412496
-7.472909945764476
-12.104033114112987
-10.255940593440684
-9.418130436709802
-10.131770589579466
-9.97766382108586
-8.105346022722594
-12.186950634245921
-10.849969352323791
-11.874295814329479
-8.96832736649836
-10.255940593440684
-9.576593815459322
-11.316794193088706
-8.017668521172618
-7.743215828489111
-9.00058838617741
-9.365415973410759
-10.317948258274388
-11.58102903455647
-10.9064
-7.726586647597055
-12.300069408909714
-9.147695814329479
-11.038517420733882
-8.404668016524965
-10.798452207263272
-12.365923178573704
-8.784692800703956
-9.605481186881368
-8.854429034556471
-12.891272035137268
-8.61994069434793
-9.333404195439103
-10.742021559587064
-9.09960437024631
-9.519878448533971
-9.918994706973244
-10.774282579266117
-10.877512628577954
-9.845546400351978
-8.768470589579465
-8.276023178573704
-10.352163772014388
-11.58102903455647
-11.448911613822588
-7.500453222018637
-9.675217420733883
-9.103818435489247
-7.60278890006195
-9.675217420733883
-9.897063545412497
-9.543099999999999
-8.722311613822589
-7.282733062937358
-9.639323178573704
-9.897063545412497
-8.390977842048564
-9.06296957305878
-8.210169408909714
-8.097050634245921
-7.529340593440684
-8.80137203513727
-8.912712809464354
-11.562809945764474
-8.836209945764477
-11.619240593440683
-10.968781186881367
-10.10824138746106
-8.884798443466186
-6.733750634245921
-7.726586647597055
-9.459836011295504
-9.810116711897216
-7.3893810227323025
-12.137582579266116
-9.929703613546993
-12.365923178573704
-10.877512628577954
-12.114361027800088
-11.938366228225975
-12.137582579266116
-10.00286224806851
-12.401817420733883
-9.215159209816331
-8.311917420733883
-10.575066228225975
-7.549412809464354
-9.076275159235085
-11.660089455871152
-8.752681022732302
-12.04970700255306
-9.489366731327172
-10.439575159235085
-9.460350634245922
-8.251797828618276
-9.169340604098826
-9.615432239057654
-9.053830437533477
-9.156875434908452
-6.684382579266117
-8.210169408909714
-10.774282579266117
-10.774282579266117
-12.332081186881368
-11.434291768133985
-12.358998261419643
-9.00058838617741
-12.04970700255306
-11.830418435489246
-11.17995902892993
-11.161455220888794
-11.316794193088706
-6.100706414566668
-12.004518597711632
-9.942932789984507
-11.130403043884375
-10.249463343023471
-10.400523183364943
-10.296789455871153
-11.52797203513727
-9.815133925327284
-9.784647250958278
-7.699669573058779
-7.4296736862799895
-7.549412809464354
-12.332081186881368
-9.789523797996871
-9.870744827334626
-11.301605324470252
-10.48138596122269
-9.29910072775522
-9.84063289773629
-11.076728979618094
-11.366162248068509
-10.377059425445474
-10.197718496085562
-11.619240593440683
-9.811978580309448
-7.969066379805846
-11.998444193088705
-11.636161589286854
-10.147992800703957
-11.681621780322052
-10.439575159235085
-11.52797203513727
-11.117577842048563
-10.66633478652939
-7.60278890006195
-8.1798
-10.085611613822588
-8.722311613822589
-12.480877842048564
-10.453186647597056
-9.573469408909714
-9.947602864210829
-10.234619761639713
-8.047682579266116
-8.150912628577952
-9.561134094674827
-11.109179493191284
-9.164635358139233
-11.130403043884375
-9.543099999999999
-10.063815029752403
-8.370201195641764
-11.859305806911294
-7.674553384241022
-9.452677865953934
-8.891654625407371
-12.543259028929931
-10.341806534133903
-11.637274688115511
-10.803406827533562
-10.753342624716735
-9.930272641622677
-8.65719839918595
-9.62216042131468
-8.809033771103461
-9.216863020106306
-9.54905053920516
-9.252011241886937
-7.942107830456361
-8.290834608500813
-10.063815029752403
-8.024461027800088
-7.673923183364942
-8.646033062937358
-12.139955623193089
-12.105321559587063
-11.955528985484998
-12.08330885079567
-10.643113235063362
-10.678296277537811
-9.58004981377766
-9.103818435489247
-11.038517420733882
-9.573469408909714
-12.070483648959858
-13.318828985484998
-7.226894193088706
-12.213269352323792
-9.064418636044632
-9.666037800154912
-11.648572186717141
-11.82063187106709
-8.882854029018526
-9.713428979618095
-8.614363821085862
-11.943463020106307
-10.131770589579466
-11.619240593440683
-6.992659920061677
-10.936769408909713
-10.565002410852285
-10.496005806911294
-9.733501195641763
-9.97766382108586
-8.27324348488968
-9.713428979618095
-10.453186647597056
-9.675217420733883
-7.84880465273772
-8.04815642776454
-9.468124141977322
-9.767103043884376
-9.418130436709802
-10.276012809464353
-11.002623178573705
-10.75106102780009
-11.619240593440683
-9.82613240970703
-10.575066228225975
-7.289275379970073
-12.476663776805625
-11.393828119553914
-8.854429034556471
-9.28362079588444
-10.009333062937358
-11.90546478266817
-10.194151776460833
-10.135784663715222
-11.479281022732302
-7.071555220888794
-11.681621780322052
-9.262975882411142
-9.301064489645618
-10.164672035137269
-9.605481186881368
-9.996461389325127
-10.307457738501203
-10.82365063424592
-11.975001025413505
-11.654826544176464
-9.365854709012293
-9.50887985980488
-10.36034655906196
-11.359761389325124
-11.58102903455647
-8.503851824829786
-10.15627368627999
-9.558090007418183
-8.902591645616969
-9.262975882411142
-8.95392636156892
-9.72137639649076
-8.447281630387677
-9.983863601998419
-11.020298331941886
-9.918994706973244
-10.009333062937358
-10.728715973410758
-12.365923178573704
-11.727188386177412
-11.038517420733882
-10.82365063424592
-11.479281022732302
-10.265891645616971
-10.246154029018527
-9.754277842048563
-10.190606414566668
-12.186950634245921
-11.420024242400542
-11.161455220888794
-10.296789455871153
-11.117577842048563
-10.558386993792661
-11.641357970969997
-11.379175379970073
-10.265891645616971
-9.387761027800089
-11.83750922284111
-11.038517420733882
-10.286310002350397
-11.830418435489246
-13.803328979618096
-9.155335580549766
-8.854429034556471
-9.924606821666659
-10.82365063424592
-11.038517420733882
-11.161455220888794
-9.00058838617741
-7.848466228225974
-8.242181186881368
-8.350128979618095
-12.070483648959858
-11.260363545412497
-11.316794193088706
-8.971701014755364
-11.727188386177412
-11.52797203513727
-11.758805579884424
-8.397355717011848
-6.834015494423106
-9.494798637933005
-8.939867330834437
-11.434291768133985
-12.186950634245921
-12.572146400351977
-12.213269352323792
-10.15627368627999
-11.78956957305878
-12.2697
-9.634245235313259
-10.286310002350397
-11.316794193088706
-10.849969352323791
-10.206730445827377
-9.178864782668171
-8.768470589579465
-8.854429034556471
-10.686407002553057
-10.296789455871153
-8.358076396490759
-8.173908671122124
-9.902470648446252
-10.798452207263272
-9.701704365455074
-11.620228206125358
-11.52712681919476
-9.480778023445914
-12.029634786529389
-11.117577842048563
-10.565002410852285
-12.04970700255306
-10.982086773057674
-6.986828979618095
-11.859305806911294
-11.161455220888794
-11.117577842048563
-8.29729757504528
-11.670757738501202
-7.559710002350398
-12.440028979618095
-11.234044827334627
-11.111267938627146
-10.60990413885318
-11.47154138746106
-11.434291768133985
-9.037223183364942
-10.686407002553057
-8.99457982659582
-8.816709147162891
-9.31278516977741
-9.268535300413928
-9.996461389325127
-8.590194193088706
-12.332081186881368
-10.992265940693219
-9.211766228225974
-11.359761389325124
-11.4871231727068
-10.611701025413506
-7.570189455871152
-9.57973479718753
-10.246154029018527
-10.936769408909713
-8.208924248267447
-8.290477615021695
-10.340666834711383
-9.246604138853183
-9.713428979618095
-10.078256566851442
-8.346194920843928
-9.365415973410759
-11.859305806911294
-11.859305806911294
-6.636627158839628
-12.680094193088705
-9.460350634245922
-10.115981022732303
-9.941769578925683
-8.352502023545066
-7.93973478652939
-10.453186647597056
-10.056724242400541
-10.526375215821009
-7.220124199195973
-8.77087576689046
-7.226894193088706
-9.385488189434428
-8.533763545412496
-11.62919164561697
-9.686424196959196
-9.203367879368695
-11.448911613822588
-11.673214489809048
-10.75106102780009
-12.135219008593605
-11.675079463289336
-10.377059425445474
-9.954086562990224
-10.439575159235085
-10.467118435489247
-8.930326098387866
-10.078256566851442
-9.953494193088705
-10.936769408909713
-11.260363545412497
-10.352163772014388
-7.5327052196915
-10.66633478652939
-9.543099999999999
-10.173191227686605
-10.9064
-7.421392800703957
-8.818534792396292
-9.460350634245922
-8.150912628577952
-8.737301621240773
-8.80137203513727
-9.049956441157216
-9.897063545412497
-9.897063545412497
-12.114361027800088
-11.208846400351979
-11.991423227645177
-7.995140061582261
-10.453186647597056
-10.575066228225975
-7.661458014174567
-6.39148596122269
-9.060343964910347
-10.32938890006195
-9.918994706973244
-9.555061491008422
-11.260363545412497
-11.44155656685144
-9.618786773057675
-8.602155684097127
-11.859305806911294
-6.877862381507586
-9.968056317222427
-10.307457738501203
-10.296789455871153
-8.977366834711383
-11.609454029018526
-11.562809945764474
-11.562809945764474
-14.043394193088705
-12.680094193088705
-11.830418435489246
-12.440028979618095
-6.912723178573704
-8.946314657706965
-13.39293478652939
-11.456359179532447
-10.968781186881367
-9.675217420733883
-12.401817420733883
