-10.863580840685762
-6.262263772014388
-7.049210166499463
-10.936769408909713
-10.126238943359088
-8.999180925064671
-11.316794193088706
-9.713428979618095
-11.90546478266817
-12.440028979618095
-10.558386993792661
-10.085611613822588
-10.100601621240774
-10.963924754292663
-6.8165
-5.863594193088706
-7.831786993792662
-9.206712937233487
-10.18081221164347
-7.359011613822588
-7.500453222018637
-8.362090470626516
-7.359011613822588
-9.356676439777964
-8.020941447286907
-9.29910072775522
-8.999180925064671
-9.897063545412497
-9.163075215821008
-9.33757374553844
-8.302737800154912
-9.660597575045278
-10.017243595629846
-8.701228801589517
-9.881132351087759
-9.239506090520639
-9.376516608651597
-10.10824138746106
-8.596144732293865
-8.836209945764477
-10.062800107081175
-9.544493010547093
-9.680831649979885
-8.590194193088706
-9.983863601998419
-10.359971206437283
-7.332143733916343
-11.382025158624323
-11.867713097424298
-8.533763545412496
-8.596144732293865
-8.533763545412496
-9.387761027800089
-10.510995814329478
-10.686407002553057
-6.8165
-7.959807002553058
-9.348159870958334
-9.408170994885122
-8.408419132729152
-10.439575159235085
-9.639323178573704
-10.968781186881367
-9.675217420733883
-9.142104591030925
-8.723470272184606
-8.955021780322053
-10.413256441157214
-11.002623178573705
-11.619240593440683
-9.410982579266117
-10.9064
-11.161455220888794
-10.572100833979563
-10.296789455871153
-8.047682579266116
-7.637288386177411
-6.3564417890824485
-10.592228985484999
-9.762797034597899
-8.896303018507659
-12.723061389325125
-8.544627587233347
-9.11808596122269
-7.574433729724887
-8.395222115902298
-9.27603000387049
-7.499554516339887
-5.999924218971373
-7.772214446739642
-10.10824138746106
-13.072910391830987
-8.880915979277662
-10.761762319458041
-9.552728062690733
-7.3632243680467155
-7.635884469082543
-7.3632243680467155
-7.226894193088706
-11.453145238965119
-10.771447424604375
-5.863594193088706
-8.590194193088706
-8.181204880032421
-8.72652287729498
-7.8761706348845
-9.754277842048563
-10.063815029752403
-9.410982579266117
-9.331330380123882
-10.286310002350397
-10.02918096614638
-10.66633478652939
-11.34716360199842
-8.434855220888794
-10.154733212354206
-6.298158014174567
-6.912723178573704
-10.652227124610338
-10.75106102780009
-9.478650173295147
-10.190606414566668
-10.968781186881367
-7.2388556840971265
-11.52797203513727
-7.8761706348845
-7.549412809464354
-7.0900590289299315
-7.963904414526547
-11.306141392381562
-7.3893810227323025
-7.472192715310712
-7.880618992903185
-8.517308623793832
-11.862124857388306
-7.726586647597055
-6.8165
-7.559710002350398
-8.946614489809047
-8.593169462691286
-8.350128979618095
-7.733511564751115
-7.037055734773333
-8.317535385707911
-6.136254234827742
-6.272584232814024
-9.129752814918648
-8.848904201306008
-8.604577256663704
-7.44240150557611
-11.260363545412497
-7.916513235063363
-8.659190797029694
-10.363888386177411
-11.392373947381296
-11.117577842048563
-9.167768030353148
-11.076728979618094
-7.772214446739642
-9.820472766425285
-9.20503804596895
-9.27184001041383
-12.029634786529389
-9.323107002553058
-11.676389177966552
-10.291735273982777
-9.517038761233506
-8.939867330834437
-11.619240593440683
-7.68280762803393
-11.727188386177412
-10.686407002553057
-6.273988386177411
-7.381641387461061
-7.170463545412497
-11.0396760790959
-10.979953714076032
-8.66588096614638
-10.170776103631635
-9.620473597186177
-11.033927610444398
-11.401958682897753
-9.358873656378043
-10.721099168904395
-11.161455220888794
-10.164672035137269
-8.390977842048564
-11.076728979618094
-8.61498088593294
-10.558386993792661
-6.684382579266117
-10.131770589579466
-10.60990413885318
-8.024461027800088
-10.907882037487667
-10.771447424604375
-7.805253795122995
-7.815564782668171
-6.733750634245921
-7.226894193088706
-10.413256441157214
-9.48131118302015
-8.700515029752404
-8.699260877475458
-8.041556812187917
-8.68641737166241
-6.406105806911294
-7.635884469082543
-7.3632243680467155
-10.333640811346983
-8.818534792396292
-11.320124920208784
-8.47733289773629
-5.863594193088706
-5.863594193088706
-9.582892530897498
-7.769405806911294
-9.983863601998419
-10.255940593440684
-7.252916948317535
-12.161752207263273
-6.681594566104234
-7.7997752158210085
-7.3907849656914415
-8.988863772014389
-8.533763545412496
-11.448911613822588
-9.078972538238466
-10.863580840685762
-10.2085494139775
-11.379175379970073
-11.316794193088706
-8.862851701224468
-9.180944853245428
-8.90828443755021
-8.602155684097127
-8.999180925064671
-5.863594193088706
-8.235638869848653
-9.363227158839628
-7.251063821085861
-8.390977842048564
-7.951696277537811
-11.047150656564783
-10.078256566851442
-9.089886647597055
-10.217729034556472
-8.700515029752404
-8.434855220888794
-10.173191227686605
-8.854429034556471
-7.831786993792662
-10.085611613822588
-8.047682579266116
-8.047682579266116
-10.612360890161025
-10.126200991382904
-10.32938890006195
-9.697847194372356
-10.9064
-11.038517420733882
-9.228928985484998
-10.035947595993743
-9.953494193088705
-8.512615809261693
-10.510995814329478
-10.085611613822588
-8.434855220888794
-9.083041789082449
-6.557020795884441
-9.592468054979804
-5.863594193088706
-11.5718494139775
-10.251209124206353
-11.1395344243455
-11.859305806911294
-9.959444732293866
-11.727188386177412
-9.460350634245922
-7.446591227686604
-7.93973478652939
-8.453862035255622
-7.366459179532446
-10.774282579266117
-8.59267671499199
-8.176122476514426
-8.024461027800088
-9.635850595791082
-8.860940515222046
-8.737301621240773
-8.55013528897046
-8.854429034556471
-9.881132351087759
-6.700174706437376
-8.350128979618095
-8.390977842048564
-8.700515029752404
-5.863594193088706
-7.740518435489247
-9.694014988973146
-10.318321780322053
-8.905609869657832
-8.11801118302015
-8.71167637193962
-11.316794193088706
-8.071852207263273
-9.367612909761423
-9.182073861891098
-9.741745275812937
-9.447592182901563
-10.635196181721419
-9.460350634245922
-7.712033972328533
-10.139826137886487
-11.420024242400542
-10.849969352323791
-7.226894193088706
-7.337429070967188
-9.705586829643597
-12.070483648959858
-8.452701899173784
-10.347757876337885
-10.342093521008042
-10.044518621694069
-9.897063545412497
-9.845546400351978
-9.671528476294485
-9.946357610836994
-9.9371955282696
-10.9064
-8.164012401783825
-6.3481028710326015
-10.283860028365009
-9.949378421064784
-7.686656441157215
-8.809891227686604
-9.457794796626485
-9.494771354689487
-11.076728979618094
-8.944157738501202
-8.944157738501202
-9.565430237207167
-11.589414167631178
-7.577315911385751
-7.74760922284111
-8.445424142849491
-8.002115973410758
-8.487201020622267
-9.465521616172987
-8.1798
-8.55013528897046
-10.439575159235085
-8.886749264562807
-8.943082218374066
-9.065606876605035
-8.857210904985921
-5.863594193088706
-8.338404365455073
-5.863594193088706
-8.071852207263273
-6.8165
-8.944157738501202
-8.071852207263273
-8.1798
-9.553639064569005
-11.180429115232656
-8.906619373171242
-9.056491611082471
-10.400523183364943
-6.502328985484999
-10.375849877185832
-10.035947595993743
-8.68641737166241
-7.772214446739642
-8.784692800703956
-7.472013543371932
-7.338643434949879
-9.27184001041383
-9.135509985089106
-8.590194193088706
-10.318321780322053
-8.390977842048564
-9.817176144397237
-7.9015232276451774
-8.434855220888794
-8.311917420733883
-7.555569610182548
-8.716420284944713
-5.863594193088706
-9.573469408909714
-12.891272035137268
-9.135509985089106
-7.266053828504047
-10.707183648959857
-8.247799566937744
-9.562050381162342
-10.9064
-10.64692079588444
-6.8165
-10.57386037387604
-9.403961613822588
-10.085611613822588
-7.908543755001881
-12.982540593440683
-11.420024242400542
-8.056991730127674
-9.410982579266117
-11.448911613822588
-9.534284844601622
-12.2697
-9.206712937233487
-8.317535385707911
-9.00534402352962
-8.999180925064671
-8.944157738501202
-8.944157738501202
-9.666107876337884
-9.590219874535025
-11.180429115232656
-5.863594193088706
-7.831786993792662
-8.09885534527538
-11.636782919139193
-7.9015232276451774
-9.881132351087759
-8.608228287763533
-8.378010680384003
-10.035947595993743
-9.729431944797781
-7.680255582413832
-8.9982248155049
-11.085542635100316
-8.315257237176521
-8.018118938590444
-9.396940648379061
-9.00058838617741
-11.260363545412497
-12.81644523896512
-7.472909945764476
-8.181204880032421
-9.067349536560563
-9.57857348058247
-7.555363348669513
-9.754882616178385
-10.347757876337885
-10.728715973410758
-10.147992800703957
-11.379175379970073
-7.772214446739642
-11.859305806911294
-9.48666935232379
-8.714100512706754
-10.544771139931445
-8.935003714076032
-10.076502069426589
-10.272012233499215
-6.213267330834437
-7.421392800703957
-7.226894193088706
-8.544627587233347
-8.67949245450835
-8.434855220888794
-8.78223095238707
-9.575029551227939
-7.226894193088706
-9.132705806911295
-9.543099999999999
-8.157718147956492
-11.316794193088706
-9.775810166499463
-9.789115752675771
-8.714956566851443
-10.255940593440684
-11.103157651671784
-9.694014988973146
-8.596144732293865
-8.517308623793832
-7.359826275323181
-7.731842183004629
-7.404371030150487
-8.630620296724219
-8.42581575267577
-7.328716218747233
-9.754277842048563
-9.410982579266117
-8.311917420733883
-7.769405806911294
-7.772214446739642
-6.965127515423958
-11.261285016257489
-11.619240593440683
-8.458645436077594
-10.215640455604001
-11.186291609078708
-11.398037607910503
-7.5043189926360965
-10.375849877185832
-11.208846400351979
-10.363888386177411
-10.056724242400541
-10.352163772014388
-11.293572641622678
-7.908544674557483
-8.999180925064671
-7.499554516339887
-9.27184001041383
-10.164672035137269
-7.75478596122269
-10.66633478652939
-7.509926602795735
-11.322774938592916
-10.321999303807626
-11.16321212120027
-11.316794193088706
-9.033097631391223
-9.450142214681458
-8.593161987108058
-11.859305806911294
-8.416912221477963
-8.928974012682124
-10.933661403519878
-9.582892530897498
-8.094225727417035
-8.944157738501202
-8.944157738501202
-8.944157738501202
-8.944157738501202
-8.944157738501202
-8.944157738501202
-8.944157738501202
-8.944157738501202
-8.210169408909714
-9.076275159235085
-7.838402410852285
-8.905609869657832
-12.213269352323792
-12.891272035137268
-8.862851701224468
-9.135509985089106
-7.570189455871152
-9.573469408909714
-7.581352057183309
-8.0721409135539
-11.365000719925805
-9.817176144397237
-11.04409429399595
-8.181204880032421
-8.453862035255622
-10.08984523896512
-8.72652287729498
-8.317535385707911
-10.66633478652939
-11.802875159235086
-10.340666834711383
-6.886162229269308
-9.599377118387
-8.218643441193043
-9.821376772354823
-7.596123835300553
-7.908543755001881
-8.590194193088706
-7.226894193088706
-7.908543755001881
-6.817904286552504
-10.356867420733883
-11.09998632081134
-8.153948930411158
-8.311917420733883
-11.316794193088706
-7.262207747816167
-6.681574294799308
-8.62056360199842
-6.377218435489247
-10.180152310858622
-8.044873351964807
-6.681574294799308
-8.8452494139775
-8.69342424240054
-11.117577842048563
-7.386273017342468
-11.448911613822588
-8.9982248155049
-5.863594193088706
-8.96608890006195
-9.628965940693218
-10.296789455871153
-9.333404195439103
-9.410036018445515
-7.445022168200934
-12.106565038390512
-9.211766228225974
-10.66633478652939
-9.543099999999999
-11.316794193088706
-9.953494193088705
-9.228928985484998
-8.768470589579465
-9.163075215821008
-9.623080166938522
-9.125757124909363
-10.608115391214087
-7.93973478652939
-10.141218206818532
-11.161455220888794
-11.859305806911294
-10.498824857388305
-8.72652287729498
-7.637288386177411
-8.434855220888794
-7.9015232276451774
-8.909658252385741
-8.854429034556471
-9.268535300413928
-8.964972832498338
-7.673923183364942
-7.769405806911294
-9.392333047949034
-9.200041614062952
-9.733501195641763
-9.678929493502633
-9.535160477495527
-9.930272641622677
-8.768470589579465
-8.044873351964807
-8.590194193088706
-9.817176144397237
-7.769405806911294
-9.203367879368695
-6.948617420733883
-8.069390358946388
-9.855497452528265
-9.580943386528837
-9.61836656456471
-8.60518420050689
-8.96832736649836
-10.696704195439104
-10.38192248085224
-8.317535385707911
-7.635884469082543
-8.181204880032421
-7.741411920950154
-9.27184001041383
-5.6003074281520675
-6.23948890006195
-8.430318235721202
-8.162299011559439
-8.999180925064671
-9.00058838617741
-8.482246400351977
-9.376483093150656
-8.45524161769308
-10.180302242811777
-11.816486647597054
-9.376483093150656
-8.999180925064671
-9.090076816860766
-8.199696265448747
-7.769405806911294
-9.288904533175426
-6.074772035137269
-10.41550341083333
-10.843316559235639
-8.242181186881368
-8.772484663715222
-8.67949245450835
-8.868470965443528
-10.130387706151723
-9.159967210431173
-7.359011613822588
-9.540147008007354
-9.190173491176973
-8.067183413750953
-11.316794193088706
-8.366943560644104
-6.684382579266117
-11.199059835929821
-10.053210441777589
-10.995698261419642
-8.5157402158113
-8.038284387220743
-11.674745994559522
-6.918322025658528
-7.66022581046826
-9.476265447312414
-5.973915029752404
-8.944157738501202
-7.908543755001881
-6.954234264987029
-7.090564386755876
-6.923264827973205
-7.319091060836454
-7.445990877715526
-10.38192248085224
-11.379175379970073
-8.815928447759672
-9.076275159235085
-8.683637677978384
-10.849969352323791
-10.173191227686605
-8.18277526960258
-9.261134283205779
-8.590194193088706
-6.954234264987029
-9.262975882411142
-8.002115973410758
-8.097050634245921
-9.754277842048563
-9.293248222107232
-7.769405806911294
-8.923010002350397
-11.093796131822804
-8.8905719536172
-9.543099999999999
-10.82365063424592
-7.772214446739642
-8.181204880032421
-11.453145238965119
-7.93973478652939
-8.311917420733883
-6.76907238635526
-10.318321780322053
-7.737705728692655
-11.258899221733092
-9.012549877185833
-9.680831649979885
-8.944157738501202
-9.854995907672201
-9.639323178573704
-7.267320296724219
-10.369838925382572
-8.210169408909714
-8.123369352323792
-8.242181186881368
-10.592228985484999
-9.495106849135848
-8.577309786846346
-7.769405806911294
-10.276012809464353
-9.897063545412497
-9.897063545412497
-8.533763545412496
-8.590194193088706
-9.343883648959858
-8.533763545412496
-9.277918597711633
-10.877512628577954
-8.862851701224468
-8.453862035255622
-8.863753222018637
-8.071852207263273
-9.410982579266117
-8.047682579266116
-9.881132351087759
-6.8165
-7.61978739773685
-7.6918274230842805
-5.863594193088706
-5.863594193088706
-9.965455684097126
-8.743405527540997
-7.8761706348845
-8.242181186881368
-9.119531807282296
-9.91343528897046
-8.74725267341706
-10.798452207263272
-10.952558975756876
-10.628123227645178
-9.135509985089106
-8.862851701224468
-8.590194193088706
-7.726586647597055
-9.372031390470381
-8.434855220888794
-11.394706528974229
-11.688503085064616
-10.397589461004728
-11.260363545412497
-8.073295817244297
-6.946401297121573
-10.877512628577954
-7.446591227686604
-9.135509985089106
-10.9064
-10.786244070274538
-9.00058838617741
-9.089886647597055
-10.115981022732303
-8.944157738501202
-10.022490797029695
-9.543099999999999
-9.675217420733883
-11.090463028152898
-11.730954141786633
-9.713428979618095
-8.81506220961367
-8.482246400351977
-7.93973478652939
-7.908543755001881
-6.369237186802215
-7.625563772014388
-7.851859209816332
-8.293698331941886
-10.453186647597056
-9.897063545412497
-10.575066228225975
-8.210169408909714
-10.022490797029695
-7.176414084617657
-8.533763545412496
-9.754277842048563
-10.181834792396293
-9.06296957305878
-9.024758014174568
-9.211766228225974
-9.845546400351978
-10.558386993792661
-8.350128979618095
-8.229168054979803
-7.920320795884441
-9.589258975756877
-9.953494193088705
-10.147992800703957
-8.923010002350397
-8.944157738501202
-8.944157738501202
-8.944157738501202
-11.420024242400542
-12.029634786529389
-10.307457738501203
-7.623246455290356
-10.23729773330102
-9.654497100604871
-10.143895388730469
-8.944157738501202
-8.944157738501202
-8.944157738501202
-6.545244129461989
-8.416912221477963
-9.858011569542352
-9.713428979618095
-9.605481186881368
-10.352163772014388
-9.079574964574853
-6.954234264987029
-11.002623178573705
-10.236526602795736
-9.271861089551265
-9.27184001041383
-9.27184001041383
-8.181204880032421
-7.699669573058779
-5.863594193088706
-9.72137639649076
-10.340666834711383
-7.483773987585326
-9.602200991969546
-10.798452207263272
-10.352163772014388
-10.877512628577954
-10.75106102780009
-10.255940593440684
-8.944157738501202
-9.132167304225803
-10.164672035137269
-8.905609869657832
-7.455234792396293
-8.866579354674188
-8.242181186881368
-8.350128979618095
-7.366459179532446
-9.163075215821008
-6.452264782668172
-5.863594193088706
-10.9064
-8.74725267341706
-8.497236407770163
-8.094481980901746
-9.68266498644374
-7.614066834711383
-10.64692079588444
-12.029634786529389
-12.029634786529389
-10.98273305159941
-11.04409429399595
-8.002115973410758
-9.953494193088705
-9.410982579266117
-11.420024242400542
-8.944157738501202
-8.944157738501202
-9.196260719171974
-6.717500594225879
-8.902591645616969
-8.350128979618095
-7.175870648446253
-7.5195540290185265
-9.408170994885122
-10.771447424604375
-9.817176144397237
-9.408170994885122
-10.226114167631177
-11.862124857388306
-7.772214446739642
-8.185750539205161
-10.575066228225975
-10.496005806911294
-9.103818435489247
-7.3632243680467155
-8.944157738501202
-8.944157738501202
-8.944157738501202
-9.860536407770164
-5.863594193088706
-8.071852207263273
-10.318321780322053
-6.684382579266117
-10.400523183364943
-9.789132743339739
-9.227190148208233
-9.291310172366368
-8.740345708497417
-9.408170994885122
-6.545244129461989
-9.974588106807113
-9.48666935232379
-9.573469408909714
-8.097437021292624
-9.195086993792662
-11.379175379970073
-7.232844732293866
-9.277946973208905
-7.953986953989523
-9.135509985089106
-9.27184001041383
-11.453145238965119
-11.859305806911294
-7.365934789586071
-10.426269573058779
-6.862658975756877
-7.965963803271253
-9.004151528328553
-9.80272724103774
-10.798452207263272
-9.0695849901184
-8.400355734773333
-10.836663766147485
-9.918994706973244
-9.897063545412497
-10.056724242400541
-10.707183648959857
-9.30303478652939
-8.210169408909714
-10.022490797029695
-9.390042624716735
-8.131498637933005
-8.944157738501202
-8.944157738501202
-9.177250783681702
-9.558120371727519
-7.226894193088706
-7.226894193088706
-7.508495896500256
-7.226894193088706
-5.863594193088706
-9.830926554663375
-9.947602864210829
-7.740518435489247
-7.186282207503637
-6.873967684265679
-7.260826744149562
-6.491561203036686
-6.273988386177411
-10.246154029018527
-8.829963443710275
-7.3972231727068
-9.037223183364942
-9.697866418167523
-7.635884469082543
-8.181204880032421
-9.27184001041383
-8.767671030150487
-10.907882037487667
-10.771447424604375
-9.27603000387049
-11.379175379970073
-7.226894193088706
-7.226894193088706
-7.226894193088706
-10.877512628577954
-10.467118435489247
-9.411006263160171
-8.044873351964807
-9.135509985089106
-10.255940593440684
-12.134747424604376
-9.408170994885122
-8.999180925064671
-8.044873351964807
-7.359011613822588
-8.487201020622267
-7.349103735258591
-7.740095676694293
-11.431477555359459
-8.024461027800088
-8.977366834711383
-7.848466228225974
-8.716420284944713
-8.862851701224468
-9.369840121514653
-9.860536407770164
-10.265891645616971
-9.378721559587065
-10.236526602795736
-8.590194193088706
-7.908543755001881
-9.897063545412497
-7.170463545412497
-8.594353282614952
-11.589414167631178
-9.22547371530413
-6.822749641847126
-9.33966958371692
-8.47733289773629
-9.435152207263272
-8.453359028929933
-6.954234264987029
-7.32311737166241
-10.707183648959857
-9.624873249278053
-8.784692800703956
-10.628123227645178
-9.543099999999999
-9.675217420733883
-8.944157738501202
-7.42800821776358
-7.500453222018637
-9.155335580549766
-8.94093702158101
-9.725390470626516
-8.827306414566667
-11.329879821226104
-6.534902145079793
-9.897063545412497
-9.228928985484998
-10.9064
-9.543099999999999
-7.432180706259393
-7.358271983911064
-7.366459179532446
-9.953494193088705
-10.1238231727068
-9.897063545412497
-9.211766228225974
-10.496005806911294
-9.64988255526047
-8.944157738501202
-8.944157738501202
-10.340666834711383
-10.060354569898198
-10.246154029018527
-8.603365232356769
-10.774282579266117
-10.363888386177411
-7.883304138853182
-7.473317991085578
-7.8907062844665745
-10.400523183364943
-9.252011241886937
-7.366459179532446
-9.881132351087759
-8.097050634245921
-9.573469408909714
-11.316794193088706
-11.208846400351979
-9.816659028929932
-8.787164928166792
-8.440345897028369
-7.673923183364942
-7.104326554663374
-10.763584090337014
-10.243067398593766
-8.759734266970923
-9.729431944797781
-8.453862035255622
-8.013183093150655
-7.266053828504047
-6.692970422017534
-9.478650173295147
-11.208846400351979
-11.521991289633059
-8.317535385707911
-8.434855220888794
-9.260233417355693
-10.352163772014388
-10.98546042131468
-8.390977842048564
-9.737598607615253
-5.8791917671760885
-10.9064
-9.325152164058704
-10.774282579266117
-11.038517420733882
-8.071852207263273
-11.5718494139775
-6.760069352323791
-10.75106102780009
-9.410982579266117
-8.482246400351977
-10.296789455871153
-10.93118089262993
-10.82365063424592
-10.728715973410758
-11.44155656685144
-11.208846400351979
-10.549831721855139
-7.244928287763534
-7.303928119553915
-8.434855220888794
-9.225456402702376
-9.754277842048563
-9.430238704647584
-7.226894193088706
-8.590194193088706
-7.291516338304266
-8.24879660394099
-7.773117879680044
-8.80137203513727
-7.071555220888794
-10.774282579266117
-7.93973478652939
-8.729759179532445
-7.9015232276451774
-8.047682579266116
-8.862851701224468
-7.643238925382572
-9.845546400351978
-7.772214446739642
-8.602155684097127
-7.500453222018637
-8.311917420733883
-9.153792051381023
-10.318321780322053
-8.382579493191285
-6.728624423286942
-9.649864827973206
-10.877512628577954
-10.9064
-9.264823227645177
-7.831786993792662
-10.891780154311396
-9.264823227645177
-10.147992800703957
-10.75106102780009
-9.037223183364942
-8.311917420733883
-7.37127526031967
-12.858370589579465
-6.909700881457816
-8.181282037487668
-10.236526602795736
-11.161455220888794
-10.877512628577954
-8.434855220888794
-8.311917420733883
-9.514212628577953
-8.988863772014389
-7.865628985484999
-8.33763091835987
-7.403732159123106
-7.777603307702008
-8.99704655906196
-7.638473719240338
-10.093059179532446
-7.854245919452116
-8.918399165970945
-11.97320413885318
-8.902591645616969
-12.480877842048564
-8.863753222018637
-8.917839020423331
-8.882854029018526
-9.11808596122269
-8.533763545412496
-7.513187194876158
-6.873967684265679
-7.826873491176974
-12.623663545412496
-5.863594193088706
-11.589414167631178
-8.627459191152317
-7.203700013157402
-9.531375385836979
-7.365785049153513
-10.635144193088706
-10.035947595993743
-7.367960000785195
-6.5627784458006575
-12.186950634245921
-8.590194193088706
-7.772214446739642
-10.498824857388305
-7.908543755001881
-7.413226137886488
-8.403803043884377
-8.760523172706801
-7.361087506592919
-11.287906821666658
-10.968781186881367
-8.434855220888794
-10.9064
-6.406105806911294
-9.488016505731327
-8.652575379970074
-8.706970166987771
-8.97396084065595
-9.543099999999999
-10.340666834711383
-10.575066228225975
-9.625553402905037
-9.228928985484998
-9.33757374553844
-8.434855220888794
-10.453186647597056
-8.53268802528536
-7.546358252385741
-8.077304577598337
-9.478650173295147
-9.453631785987554
-9.953494193088705
-10.280624620930585
-9.408170994885122
-11.139110166499464
-10.100601621240774
-8.708414249818727
-10.255940593440684
-8.293698331941886
-11.234044827334627
-10.921390007418184
-10.774282579266117
-10.2085494139775
-8.906619373171242
-7.509926602795735
-7.625563772014388
-8.716420284944713
-9.394632366051152
-9.365415973410759
-9.147695814329479
-6.382514324994508
-10.453186647597056
-9.434412577351749
-10.352163772014388
-9.135509985089106
-9.27184001041383
-6.933997575045279
-8.723052168849941
-8.670609474644902
-8.633161389325126
-6.273988386177411
-6.912723178573704
-8.729759179532445
-9.664218832004789
-10.707183648959857
-7.908543755001881
-8.862851701224468
-9.135509985089106
-6.245946773931845
-10.542164782668172
-9.27184001041383
-7.625563772014388
-7.848466228225974
-10.276012809464353
-9.543099999999999
-7.93973478652939
-9.185300429370505
-9.573469408909714
-8.609450318470172
-6.525411241886937
-8.497236407770163
-9.460350634245922
-9.671528476294485
-8.685025893543262
-7.491129034556471
-9.717389353362252
-8.315629493502634
-10.236526602795736
-8.794643852880244
-8.65713210125551
-8.210792972597872
-12.524755220888794
-7.93973478652939
-10.453186647597056
-8.024461027800088
-8.852581689322438
-8.467626554663374
-8.047682579266116
-8.977366834711383
-8.250795729083407
-9.161519173750134
-8.94739607109834
-9.0749310640672
-8.539170648446254
-7.539291645616971
-8.482246400351977
-9.558090007418183
-7.769405806911294
-7.772214446739642
-9.153799720629701
-10.078256566851442
-11.816486647597054
-9.048670721504998
-7.93973478652939
-6.681574294799308
-8.862851701224468
-8.818534792396292
-8.071852207263273
-8.276023178573704
-7.618638854860328
-9.281713954728417
-8.176847008007353
-6.986828979618095
-9.126814478033419
-5.050253372621152
-8.784692800703956
-10.2085494139775
-9.959444732293866
-10.498824857388305
-10.771447424604375
-9.272270793355036
-7.500453222018637
-11.938366228225975
-9.408619008593606
-11.038517420733882
-9.198764517278235
-8.311917420733883
-12.365923178573704
-7.877412809975304
-10.635196181721419
-12.440028979618095
-11.727188386177412
-8.671967442366759
-11.434291768133985
-7.740518435489247
-7.649249877185833
-7.416479298088268
-7.0683756845401495
-7.387824980661429
-8.533763545412496
-7.539291645616971
-10.1238231727068
-8.43942724103774
-9.639323178573704
-11.117577842048563
-10.181834792396293
-10.181834792396293
-9.468124141977322
-11.816486647597054
-9.897063545412497
-10.375849877185832
-8.701943434949879
-9.343883648959858
-10.60990413885318
-12.161752207263273
-10.439575159235085
-7.60278890006195
-9.246604138853183
-11.076728979618094
-7.529340593440684
-8.242181186881368
-8.311917420733883
-8.390977842048564
-11.180429115232656
-8.416912221477963
-7.908543755001881
-9.410982579266117
-8.590194193088706
-11.453145238965119
-11.002623178573705
-8.478802671764988
-8.533763545412496
-9.228928985484998
-8.22276719623642
-11.998496181721418
-11.076728979618094
-7.226894193088706
-11.096801195641765
-7.399596216633772
-7.621514400421242
-9.343883648959858
-8.459499457061408
-7.568078674073404
-9.28362079588444
-8.863753222018637
-8.434855220888794
-9.902470648446252
-7.9015232276451774
-9.589258975756877
-8.590194193088706
-10.226114167631177
-10.771447424604375
-8.015421559587065
-9.543099999999999
-8.590194193088706
-10.686407002553057
-9.049956441157216
-11.316794193088706
-11.04409429399595
-12.134747424604376
-5.863594193088706
-8.25886042131468
-10.38192248085224
-10.375849877185832
-6.01834138746106
-8.614363821085862
-8.776526137886488
-12.952714167631175
-12.543729115232656
-10.771447424604375
-7.554086128614527
-10.287131186881368
-10.147992800703957
-10.08984523896512
-9.435152207263272
-5.863594193088706
-7.75478596122269
-9.024758014174568
-11.260363545412497
-9.845546400351978
-9.343883648959858
-10.575066228225975
-8.453862035255622
-7.289275379970073
-7.32311737166241
-7.03662622901117
-9.845546400351978
-8.633161389325126
-4.552888815547917
-10.542164782668172
-7.551457970969998
-10.592228985484999
-9.218571747604514
-7.6267258404290015
-7.463123381342318
-6.641673583440367
-9.435152207263272
-8.876098428962187
-9.91343528897046
-8.701228801589517
-5.863594193088706
-8.390977842048564
-6.801880154311395
-7.282733062937358
-9.132705806911295
-8.1798
-7.769405806911294
-8.590194193088706
-8.590194193088706
-7.637288386177411
-7.500453222018637
-9.198385462865112
-10.423643964910347
-8.862851701224468
-7.071555220888794
-6.760069352323791
-11.751358014174567
-11.859305806911294
-11.5718494139775
-9.006538925382571
-8.409011936723392
-10.426269573058779
-11.921686993792662
-10.227053222018636
-11.208846400351979
-9.680831649979885
-8.72652287729498
-7.84745211378933
-8.285148383117788
-6.9243293898431855
-10.64692079588444
-10.36246911182497
-8.714956566851443
-8.590194193088706
-7.090564386755876
-11.589414167631178
-10.400523183364943
-9.421736987966169
-10.227053222018636
-6.472944282099919
-6.323356441157215
-9.996769600527966
-9.885076611009318
-9.701704365455074
-10.147992800703957
-8.097050634245921
-8.63956224806851
-10.558386993792661
-10.877512628577954
-9.589258975756877
-9.642816248688884
-8.181204880032421
-11.026728791686065
-11.24557055366261
-7.500453222018637
-10.7151437538386
-10.173738083272909
-8.395222115902298
-11.114572366146932
-8.097050634245921
-7.468085416575534
-10.340666834711383
-7.604466955981196
-11.208846400351979
-8.311917420733883
-10.688987861898251
-10.446255755735665
-6.986828979618095
-9.394632366051152
-11.727188386177412
-8.590194193088706
-11.244177436580678
-11.169052755743166
-10.7529941929775
-10.69856403062243
-9.210077001210848
-4.652739089029853
-9.427797160292126
-8.059644070274539
-11.406092454508348
-11.34716360199842
-9.460350634245922
-7.772214446739642
-7.3632243680467155
-7.499554516339887
-7.3632243680467155
-9.408170994885122
-11.52797203513727
-8.673328531856239
-10.318321780322053
-10.476668838989191
-11.619240593440683
-9.500757515376367
-10.170776103631635
-10.843316559235639
-10.7493144927425
-10.788496629481328
-9.29910072775522
-10.566726611009319
-11.072807904630846
-11.197552072360043
-11.047439110739635
-11.251209520987327
-10.343334790440657
-8.235638869848653
-10.363888386177411
-10.146350431642016
-10.219582161788145
-9.953494193088705
-11.307469427430163
-10.326333207456871
-10.563223175640253
-10.677337024014713
-10.9064
-9.544493010547093
-10.771447424604375
-11.619240593440683
-9.44510325943956
-10.217729034556472
-6.954234264987029
-7.635884469082543
-7.772214446739642
-7.635884469082543
-10.783832361574667
-11.011144307516718
-10.322225473025844
-8.898591132645844
-10.786367393264694
-9.397736738620326
-8.637818593401107
-9.299763628013032
-8.626828990276236
-8.434855220888794
-8.047682579266116
-9.546067794019352
-10.592228985484999
-10.762216712231197
-10.898754389261036
-11.32520148360171
-10.950705101811614
-9.521274882946644
-11.379175379970073
-8.808177554515808
-10.994539759411627
-9.195086993792662
-8.590194193088706
-9.891705376108854
-9.965455684097126
-10.82365063424592
-8.383305646876462
-12.543729115232656
-9.960775255155566
-11.33135631722243
-11.1967615863534
-11.317090378039463
-11.31006246736881
-11.685299303807625
-9.953494193088705
-10.728715973410758
-9.798155220888795
-10.453186647597056
-8.25246683848288
-12.2697
-10.00758652787977
-10.619013683249179
-9.157389834401197
-10.039449168904394
-8.570774041491559
-11.652734408900004
-10.426269573058779
-9.48131118302015
-7.570189455871152
-9.767103043884376
-8.928149583213361
-12.186950634245921
-10.92314690772966
-10.386009308187823
-10.94593021065734
-10.727904913085379
-8.663444435243147
-5.977492525030592
-7.817167148104058
-11.763823183364941
-6.954234264987029
-8.317535385707911
-8.999180925064671
-11.453145238965119
-10.66633478652939
-10.388058014174566
-10.439575159235085
-8.533763545412496
-8.533763545412496
-12.365923178573704
-10.909001721498013
-8.96608890006195
-10.432922366146933
-10.799481901635627
-8.80137203513727
-8.434855220888794
-12.524755220888794
-9.543099999999999
-9.959444732293866
-8.251463606951383
-9.135509985089106
-8.317535385707911
-8.72652287729498
-9.408170994885122
-7.499554516339887
-10.335001014755363
-9.544493010547093
-11.038517420733882
-7.407495436700096
-7.625563772014388
-9.012549877185833
-9.083041789082449
-7.359011613822588
-10.686407002553057
-8.944157738501202
-9.649864827973206
-9.229185183539578
-10.13372320310944
-10.135907986705378
-10.786367393264694
-8.047682579266116
-7.460306492688159
-9.343883648959858
-7.339358931915718
-10.00286224806851
-7.984614984970197
-10.774282579266117
-7.827199792462267
-8.311917420733883
-6.846869408909714
-10.330338921024282
-10.147080513900043
-11.368409217744624
-10.009333062937358
-8.080049708053988
-10.774282579266117
-11.194226554663373
-11.208846400351979
-10.849969352323791
-12.2697
-9.602200991969546
-8.882854029018526
-10.75106102780009
-7.279553526588713
-7.226894193088706
-7.226894193088706
-12.401817420733883
-8.590194193088706
-6.272584232814024
-8.181204880032421
-7.226894193088706
-10.388058014174566
-9.793618235721201
-10.575066228225975
-9.534284844601622
-8.317535385707911
-10.498824857388305
-8.453862035255622
-12.134747424604376
-9.767876914252023
-9.821850810620386
-10.405796415510856
-8.944157738501202
-10.849969352323791
-12.572146400351977
-8.317535385707911
-11.534076103631635
-9.543099999999999
-12.114361027800088
-8.999180925064671
-9.544493010547093
-8.482246400351977
-10.101820583819446
-9.996461389325127
-8.806245179473194
-10.36686365577999
-7.60278890006195
-9.52585025694227
-8.317535385707911
-9.745879493191284
-8.744172959491836
-10.305308648420489
-10.019552903455647
-7.614066834711383
-8.833524799814478
-11.316794193088706
-8.044873351964807
-8.626828990276236
-9.680831649979885
-10.226114167631177
-8.590194193088706
-7.101445411911417
-8.311917420733883
-8.482246400351977
-9.907927587233347
-10.70194392219948
-11.52797203513727
-10.728715973410758
-10.453186647597056
-8.72652287729498
-7.5434204182550575
-7.55392152653752
-7.832774606477336
-10.937590593440683
-9.135509985089106
-9.817176144397237
-12.22576221164347
-10.255940593440684
-9.86771606328151
-9.886395262782447
-9.712900842412282
-6.681574294799308
-8.999180925064671
-10.933661403519878
-10.293626098387865
-9.246604138853183
-10.2085494139775
-8.350128979618095
-7.914051386746476
-12.199963766147485
-8.944157738501202
-8.586662896740503
-9.273066384289368
-9.343883648959858
-7.499554516339887
-6.832127968792961
-9.897063545412497
-11.260363545412497
-12.952714167631175
-8.1798
-10.48138596122269
-9.754277842048563
-9.755337008951539
-12.09487231236536
-10.526375215821009
-7.226894193088706
-5.073175215821008
-11.002623178573705
-11.316794193088706
-10.498824857388305
-11.260363545412497
-10.286310002350397
-7.330124242400542
-8.944157738501202
-9.965455684097126
-9.953494193088705
-8.944157738501202
-9.327204414526546
-6.863299401635628
-9.990128990276236
-8.690611535603951
-9.203367879368695
-10.217729034556472
-10.707183648959857
-8.296155083249731
-10.772393980620937
-8.482246400351977
-10.022490797029695
-8.959423835300552
-8.184854136812616
-12.134747424604376
-11.453145238965119
-7.671409066350853
-7.4296736862799895
-6.166040593440684
-8.546824523584013
-9.22028542077531
-8.04343492214395
-11.117577842048563
-9.674409049708816
-7.503468244025665
-7.60278890006195
-10.963349165970943
-9.399257965103095
-7.908543755001881
-8.181204880032421
-9.408170994885122
-10.347757876337884
-10.426269573058779
-9.865618616375647
-9.897063545412497
-7.3632243680467155
-8.72652287729498
-8.044873351964807
-9.48666935232379
-10.936769408909713
-8.918869610182547
-11.448911613822588
-10.190606414566668
-11.038517420733882
-9.547557288307257
-7.772214446739642
-8.988863772014389
-10.164672035137269
-9.798155220888795
-9.103818435489247
-10.660557514992494
-7.090564386755876
-7.090564386755876
-7.226894193088706
-9.845546400351978
-8.15943182112729
-11.993276354876851
-11.800190013285087
-8.862851701224468
-7.499554516339887
-8.208613366838838
-8.411195906987166
-10.542164782668172
-8.453862035255622
-7.499554516339887
-10.00350615641602
-10.575066228225975
-9.576593815459322
-10.217729034556472
-10.315895235313258
-11.316794193088706
-7.091470409019439
-6.681574294799308
-10.226114167631177
-9.680831649979885
-10.36246911182497
-9.35670885079567
-8.623688008548028
-7.499045198365328
-10.375849877185832
-9.983863601998419
-10.900537692918489
-10.569085482721764
-11.253352137097462
-7.998399789033594
-10.429947096544353
-9.539568703651799
-9.84063289773629
-10.707183648959857
-10.64692079588444
-7.438072035137269
-7.176414084617657
-6.61834186848585
-10.147992800703957
-7.908543755001881
-10.592228985484999
-10.163466180787335
-9.688219131681622
-10.305993414821799
-8.382579493191285
-7.539291645616971
-9.855497452528265
-8.590194193088706
-12.189530480014737
-8.96509901340797
-8.453862035255622
-8.044873351964807
-7.908543755001881
-10.498824857388305
-7.521401070936212
-7.897834283205778
-12.240812628577952
-10.467118435489247
-10.1238231727068
-9.30303478652939
-8.219592530897497
-8.944157738501202
-8.944157738501202
-11.038517420733882
-8.80137203513727
-9.323459217744624
-9.161519173750134
-9.170917365795507
-9.0695849901184
-7.667408553379727
-9.971528287763533
-9.886395262782447
-12.30319381545932
-10.26428021065734
-7.772214446739642
-7.405891117422376
-8.304562373762737
-10.04971737166241
-12.952714167631175
-12.680094193088705
-8.590194193088706
-8.24316879956604
-11.208846400351979
-10.217729034556472
-7.772214446739642
-8.317535385707911
-9.680831649979885
-10.226114167631177
-9.68266498644374
-10.426269573058779
-10.217729034556472
-7.937174676878417
-9.30303478652939
-12.81644523896512
-12.134747424604376
-9.845546400351978
-9.178864782668171
-5.91580069775809
-9.886395262782447
-7.721786950588094
-8.97396084065595
-8.720697073135682
-10.31954255249978
-8.242181186881368
-8.002115973410758
-8.768470589579465
-12.2697
-12.134747424604376
-9.297143457651513
-9.120981192748273
-8.569254238539324
-8.923010002350397
-7.529340593440684
-8.235638869848653
-7.512798428962187
-9.246604138853183
-8.944157738501202
-8.944157738501202
-7.93973478652939
-7.9015232276451774
-7.090564386755876
-6.760069352323791
-8.768470589579465
-10.035947595993743
-10.340666834711383
-7.549106643638082
-9.27184001041383
-8.453862035255622
-6.948617420733883
-12.680094193088705
-8.315629493502634
-7.226894193088706
-8.044873351964807
-8.044873351964807
-8.317535385707911
-10.526375215821009
-9.589258975756877
-10.774282579266117
-10.55747470698875
-10.686407002553057
-12.029634786529389
-11.16321212120027
-10.916181013783564
-11.911900429370505
-11.760055999920846
-7.783031064588423
-10.64692079588444
-7.128295649663802
-10.907882037487667
-8.999180925064671
-11.856352814918646
-8.123369352323792
-8.96608890006195
-9.754277842048563
-7.9015232276451774
-10.95899462245921
-12.543729115232656
-10.363888386177411
-8.563566647567244
-6.8459352930170105
-8.722311613822589
-9.754277842048563
-8.16172446161898
-10.181834792396293
-10.542164782668172
-9.27184001041383
-12.572146400351977
-7.635884469082543
-7.635884469082543
-9.598938869848652
-8.86187660026633
-9.625553402905037
-10.116442658709467
-9.397634891570403
-9.103818435489247
-10.863740990450871
-7.815564782668171
-7.492054873161359
-9.323107002553058
-12.092015973410756
-8.127962235196437
-8.68641737166241
-7.226894193088706
-9.573469408909714
-10.36246911182497
-10.568338045968948
-10.226114167631177
-8.453862035255622
-8.453862035255622
-9.410982579266117
-10.2085494139775
-10.728715973410758
-9.132705806911295
-10.453186647597056
-10.36246911182497
-8.933489455871152
-5.957107011507029
-8.72652287729498
-8.862851701224468
-8.641862086185444
-9.798155220888795
-9.953494193088705
-8.752681022732302
-8.998229514464965
-7.226894193088706
-10.771447424604375
-8.72652287729498
-8.044873351964807
-9.15779233185761
-10.90937526960258
-10.217729034556472
-8.68433137889802
-9.48666935232379
-8.390977842048564
-10.774282579266117
-9.713428979618095
-8.482246400351977
-8.977366834711383
-10.623533417355691
-10.110698138768907
-10.281699165970945
-9.546075269602579
-10.269399130709822
-8.892640593440683
-9.001773719240337
-10.781430436709803
-8.314513425939023
-7.993408850795671
-9.817176144397237
-7.226894193088706
-8.453862035255622
-7.908543755001881
-9.27184001041383
-8.652575379970074
-6.5863858387056755
-8.044873351964807
-8.317535385707911
-9.697847194372356
-8.608228287763533
-9.34600198276581
-10.017852255486694
-9.29910072775522
-7.908543755001881
-8.453862035255622
-8.862851701224468
-7.337215029752404
-9.185300429370505
-9.953494193088705
-8.390977842048564
-9.0844044448443
-9.343883648959858
-11.545134792396293
-13.39293478652939
-9.537208671122123
-9.750063776805627
-9.041014489812925
-11.076728979618094
-12.680094193088705
-12.543729115232656
-10.226114167631177
-12.440028979618095
-9.450142214681458
-7.591721780322053
-8.229168054979803
-8.944157738501202
-11.816486647597054
-11.002623178573705
-9.27184001041383
-7.090564386755876
-7.772214446739642
-6.817904286552504
-8.862851701224468
-7.772214446739642
-7.920320795884441
-7.769405806911294
-8.350128979618095
-8.700515029752404
-8.317535385707911
-11.180429115232656
-8.044873351964807
-10.771447424604375
-7.226894193088706
-8.181204880032421
-8.044873351964807
-8.86000590781854
-7.843412937233487
-11.065004365455072
-10.781430436709803
-9.48666935232379
-9.713428979618095
-10.035947595993743
-7.699669573058779
-9.049956441157216
-12.2697
-7.3632243680467155
-11.399247595993742
-11.453145238965119
-9.680831649979885
-12.982540593440683
-9.935993204648144
-8.75894641101012
-7.920320795884441
-9.512242331694182
-10.190606414566668
-8.555694706973243
-7.699669573058779
-9.686424196959196
-8.181204880032421
-9.27184001041383
-7.2698613893251265
-9.197889519515845
-9.897063545412497
-8.590194193088706
-9.301064489645618
-8.611901972768976
-9.418130436709802
-9.561134094674827
-10.526375215821009
-9.076275159235085
-8.944157738501202
-8.580525398531957
-9.91941656216909
-10.26597670145252
-9.354649811185308
-13.002612809464352
-9.531375385836979
-7.226894193088706
-7.226894193088706
-7.772214446739642
-11.649610002350398
-11.859305806911294
-11.619240593440683
-10.972079655953818
-6.912723178573704
-7.499554516339887
-7.908543755001881
-7.499554516339887
-10.226114167631177
-8.590194193088706
-8.999180925064671
-7.226894193088706
-7.499554516339887
-10.927493913718408
-12.680094193088705
-12.680094193088705
-8.944157738501202
-9.798155220888795
-10.496005806911294
-10.849969352323791
-10.02918096614638
-11.04887270595571
-10.453551879117402
-9.257468180674032
-8.482246400351977
-9.605481186881368
-10.255940593440684
-9.667862373762738
-7.8400678793686955
-11.088813793616673
-11.368409217744624
-10.843316559235639
-7.226894193088706
-11.316794193088706
-11.114572366146932
-7.472909945764476
-8.944157738501202
-10.849969352323791
-9.369818028389258
-11.002623178573705
-8.533763545412496
-10.164672035137269
-7.635884469082543
-8.72652287729498
-10.015875379970073
-8.944157738501202
-8.590194193088706
-8.044873351964807
-7.537588123693355
-9.165959383150646
-11.448911613822588
-11.011988921024281
-12.2697
-10.255940593440684
-9.531375385836979
-7.946483268803006
-12.891272035137268
-10.139826137886487
-6.619062539633577
-12.543729115232656
-12.2697
-9.80272724103774
-9.264823227645177
-10.17325341376678
-8.92529671875356
-10.581170296720341
-11.379175379970073
-10.036299811185309
-9.11043690347636
-12.407394293995951
-12.81644523896512
-9.365415973410759
-9.845546400351978
-9.089886647597055
-10.078256566851442
-12.010220795884441
-9.615432239057654
-6.431973913146902
-8.210169408909714
-12.524755220888794
-11.356662925033465
-6.689138216618325
-6.147582331279579
-12.81644523896512
-11.998496181721418
-11.316794193088706
-6.878881186881368
-8.097050634245921
-11.161455220888794
-9.30303478652939
-11.710838172962447
-9.374253057869572
-10.52017543490845
-9.807334841467766
-8.915783207013495
-6.3857376280385845
-10.981666564564708
-8.317535385707911
-7.673923183364942
