-8.482246400351977
-7.726586647597055
-8.590194193088706
-11.649610002350398
-12.186950634245921
-11.58102903455647
-11.590353222018637
-9.06296957305878
-9.489366731327172
-11.434291768133985
-10.04971737166241
-10.376091589239477
-9.69447354611535
-9.149139804478049
-6.473441614062952
-8.752681022732302
-12.029634786529389
-11.34716360199842
-11.69268890006195
-13.222605806911293
-6.118649413977501
-10.798452207263272
-11.271227587233346
-12.2697
-12.623663545412496
-11.293572641622678
-9.555061491008422
-9.811978580309448
-11.385790797029696
-9.508600513884538
-9.767103043884376
-11.038517420733882
-10.936769408909713
-10.199509945764476
-9.935993204648144
-9.432690358946388
-11.18943240970703
-9.18929384887926
-9.310865184943218
-7.127681994714418
-8.590194193088706
-7.62044524562433
-8.942795078081005
-6.878881186881368
-11.859305806911294
-10.085611613822588
-13.023389455871152
-10.32938890006195
-11.536491227686605
-12.440028979618095
-9.122434134991963
-9.807334841467766
-10.363888386177411
-9.675217420733883
-8.659190797029694
-8.160004149511323
-12.2697
-12.213269352323792
-9.639323178573704
-10.173191227686605
-11.739149877185833
-11.096801195641765
-9.517038761233506
-11.545134792396293
-12.742475379970074
-11.117577842048563
-10.60990413885318
-10.510995814329478
-6.049926137886488
-9.460350634245922
-8.722311613822589
-10.276012809464353
-7.594984968588426
-8.071852207263273
-9.48666935232379
-6.026081022732303
-9.514212628577953
-11.619240593440683
-10.375849877185832
-7.959807002553058
-11.590353222018637
-9.82613240970703
-8.207765909848762
-7.637288386177411
-7.718382262268841
-11.002623178573705
-9.534284844601622
-8.350128979618095
-10.686407002553057
-7.542309869657832
-7.865628985484999
-9.845546400351978
-9.089886647597055
-8.242181186881368
-11.921686993792662
-8.170984844601623
-7.865628985484999
-9.408619008593606
-9.959444732293866
-9.595694622459211
-10.286310002350397
-12.2697
-9.653492179436327
-8.42397198961211
-8.81247107345542
-8.933489455871152
-8.097050634245921
-9.129752814918648
-8.350128979618095
-10.00286224806851
-11.52797203513727
-10.376091589239477
-9.926244335117905
-10.921390007418184
-7.828445453566691
-8.89336037677565
-9.504960724557385
-8.311917420733883
-7.491129034556471
-8.350128979618095
-9.30303478652939
-8.742932903935753
-7.569483605434948
-10.403427677692441
-10.58067512075854
-11.128824662528443
-10.2085494139775
-9.962013069658047
-9.99541279535501
-8.356079518823256
-9.771440599307587
-10.426269573058779
-10.035947595993743
-11.316794193088706
-11.434291768133985
-10.728715973410758
-11.553906414566669
-10.64692079588444
-8.792996942616217
-8.311917420733883
-9.48666935232379
-9.735382484002942
-7.740518435489247
-9.758522115902297
-9.754277842048563
-9.680831649979885
-7.922233798088828
-7.661458014174567
-10.093059179532446
-9.34600198276581
-9.953494193088705
-9.253824638916084
-12.480877842048564
-8.086336384947847
-9.470738157999053
-8.539170648446254
-10.448264495138119
-7.671409066350853
-8.722311613822589
-7.787287324941242
-12.137582579266116
-12.213269352323792
-11.862124857388304
-8.835313543371932
-8.183661040857894
-8.929275390628215
-7.918413954728417
-11.52797203513727
-10.510995814329478
-10.849969352323791
-7.223685026175139
-10.635196181721419
-10.444303667733609
-10.744268521172618
-12.02963478652939
-11.076728979618094
-10.131770589579466
-9.762797034597899
-10.689682660519297
-10.894095205812915
-10.689682660519297
-7.2027607387562655
-8.533763545412496
-6.28607320017599
-10.510995814329478
-9.13716309521855
-8.81247107345542
-11.715463772014388
-6.872566634293538
-11.260363545412497
-10.070991768133984
-11.52797203513727
-8.390977842048564
-8.825541663134425
-6.406105806911294
-6.241347175963979
-12.029634786529389
-12.680094193088705
-10.236526602795735
-12.240812628577952
-8.434855220888794
-11.328755684097127
-9.933686159763607
-10.9064
-10.453186647597056
-8.366131944797782
-8.836209945764477
-8.242181186881368
-7.8811550487724675
-9.135591793009876
-6.196410002350397
-7.807249193440132
-8.809891227686604
-8.123369352323792
-8.193879824814374
-8.751902490513384
-8.799682808122142
-8.66588096614638
-9.410982579266117
-12.812211613822589
-11.763823183364941
-9.27184001041383
-11.340963821085861
-7.438072035137269
-10.877512628577954
-10.009333062937358
-11.076728979618094
-7.614066834711383
-7.2698613893251265
-9.198385462865112
-11.002623178573705
-10.426269573058779
-10.453186647597056
-12.332081186881368
-11.276735288970459
-7.690530437533479
-8.772484663715222
-9.440106827533562
-11.703966834711384
-13.222605806911293
-10.968781186881367
-11.260363545412497
-10.286310002350397
-10.307457738501203
-12.114361027800088
-9.855497452528263
-10.04971737166241
-8.482246400351977
-7.438072035137269
-7.226894193088706
-7.539291645616969
-7.3400036192947145
-7.410555671934189
-10.164672035137269
-8.27844023902235
-8.350128979618095
-10.100601621240774
-10.049334512850656
-9.587329039401176
-8.95392636156892
-11.739149877185833
-11.619240593440683
-9.97766382108586
-10.58067512075854
-9.830782164059762
-10.839565447312413
-12.300069408909714
-8.850740090117073
-9.953494193088705
-12.010220795884441
-9.567269627997156
-12.2697
-11.316794193088706
-12.332081186881368
-11.590353222018637
-10.070991768133984
-11.208846400351979
-12.680094193088705
-8.791308217763579
-9.066929946802937
-10.48138596122269
-8.633161389325126
-11.727188386177412
-9.605481186881368
-9.798155220888795
-9.649864827973206
-8.86187660026633
-7.4819494139775005
-8.350128979618095
-7.88330413885318
-8.097050634245921
-8.8452494139775
-7.88330413885318
-8.532150996978993
-11.038517420733882
-12.891272035137268
-6.591623655147842
-9.012549877185833
-9.026840224465406
-8.375245336197708
-9.675217420733883
-9.669366677817049
-9.39689909339065
-7.47125669719037
-8.395155932155621
-8.863302461621553
-8.069539809100743
-8.057869646563798
-9.110292472739804
-9.27603000387049
-12.029634786529389
-11.874295814329479
-11.260363545412497
-11.17995902892993
-11.282294706973245
-8.120684206373793
-10.9064
-12.010220795884441
-8.8250742827517
-10.839565447312413
-9.34177286716211
-11.379175379970073
-10.75106102780009
-10.085611613822588
-11.776556441157215
-9.57973479718753
-8.350128979618095
-8.590194193088706
-9.122434134991963
-11.161455220888794
-11.316794193088706
-10.375849877185832
-10.15627368627999
-10.115981022732303
-11.727188386177412
-9.649864827973206
-8.698819870073145
-8.462832409707032
-8.059644070274539
-7.20942111027418
-9.65171417509108
-7.62159490467539
-7.254775893854612
-6.580395160273547
-12.04970700255306
-11.328755684097127
-9.886395262782447
-10.48138596122269
-10.728715973410758
-11.448911613822588
-7.499514167631177
-11.619240593440683
-10.375849877185832
-10.063815029752403
-10.078256566851442
-12.161752207263273
-11.038517420733882
-8.385924551056076
-11.023897575045279
-10.936769408909713
-9.068255980206443
-10.375849877185832
-11.511292800703956
-11.260363545412497
-11.97320413885318
-10.66633478652939
-11.727188386177412
-11.379175379970073
-10.255940593440684
-10.04279245450835
-11.52797203513727
-11.038517420733882
-10.147992800703957
-9.635850595791082
-11.161455220888794
-10.968781186881367
-8.602155684097127
-10.181834792396293
-8.238900991969546
-6.360539201055936
-10.60990413885318
-11.670757738501202
-11.649701132667753
-10.849969352323791
-7.7843958143294785
-9.514212628577953
-11.002623178573705
-10.628123227645178
-10.82365063424592
-8.071852207263273
-9.724255573636572
-9.953494193088705
-11.62919164561697
-8.076806827533563
-11.038517420733882
-8.902591645616969
-10.085611613822588
-8.350128979618095
-11.208846400351979
-10.788665642841115
-10.532640604098825
-10.907882037487667
-10.40052318336494
-11.208846400351979
-10.131770589579466
-9.570361403519879
-8.390977842048564
-10.04971737166241
-10.04971737166241
-8.494711569542352
-10.352163772014388
-9.924606821666659
-8.1798
-11.90546478266817
-9.83575983592982
-9.291310172366368
-8.621187165686576
-11.727188386177412
-9.754277842048563
-8.490981490778617
-9.897063545412497
-7.559710002350398
-11.889675215821008
-6.084149927862039
-11.89735952157231
-9.39463236605115
-8.762896216633772
-7.226894193088706
-11.180429115232656
-12.680094193088705
-10.426269573058779
-10.628123227645178
-10.363888386177411
-9.697847194372354
-12.029634786529389
-11.379175379970073
-11.076728979618094
-11.076728979618094
-10.029180966146379
-11.076728979618094
-9.924606821666659
-12.680094193088705
-9.965455684097126
-9.881132351087759
-9.237700607655373
-6.684382579266117
-11.727188386177412
-11.859305806911294
-11.727188386177412
-11.52797203513727
-10.968781186881367
-11.379175379970073
-8.617455596608584
-8.971793398031107
-10.035947595993743
-9.918994706973244
-10.255940593440684
-10.10824138746106
-6.196410002350397
-11.328755684097127
-9.592468054979804
-9.001773719240337
-9.483984206373794
-10.82365063424592
-7.32311737166241
-9.022296165857682
-10.363888386177411
-9.947602864210827
-10.439575159235085
-7.9015232276451774
-9.639323178573704
-9.325152164058704
-11.47154138746106
-9.544493010547093
-9.211766228225974
-6.406105806911294
-12.161752207263273
-7.2388556840971265
-9.430238704647584
-6.127829034556472
-10.056724242400541
-10.1238231727068
-7.3241434968963315
-11.921686993792662
-9.996461389325127
-7.543319373171243
-8.955021780322053
-8.156863167783113
-8.600583779949172
-6.566648222107232
-11.52797203513727
-9.625553402905037
-7.676783371934455
-8.753788300389637
-8.858141107325222
-11.619240593440683
-9.379811273845547
-10.236526602795735
-8.958287173577215
-9.219655441702802
-8.79216654422155
-10.716991359247736
-10.021626601325455
-10.866894694488872
-9.544493010547093
-11.07122858747755
-9.24458019834098
-9.567269627997156
-11.03043186945393
-11.44155656685144
-10.318321780322053
-11.955528985484998
-12.029634786529389
-12.2697
-11.117577842048563
-10.592228985484999
-8.658525919175235
-8.315629493502634
