-9.387761027800089
-10.64692079588444
-11.161455220888794
-8.863753222018637
-10.325099194263904
-10.375849877185832
-11.161455220888794
-9.178864782668171
-9.460350634245922
-10.80840325943956
-9.592468054979804
-7.707616989931444
-7.848466228225974
-9.446467094082509
-6.878881186881368
-11.97320413885318
-9.297172479447879
-13.085807742548392
-14.254572035137269
-10.15627368627999
-10.04971737166241
-8.722311613822589
-10.100991143446432
-9.04738778781304
-9.211766228225974
-9.280800208195496
-13.633
-10.032442440351073
-9.845546400351978
-10.732393496896332
-7.381641387461061
-9.48666935232379
-12.970575846053956
-10.453186647597056
-11.002623178573705
-11.813739201055935
-9.161519173750134
-8.390977842048564
-13.55025063424592
-13.013329262604346
-10.097407470420393
-9.81958231803659
-10.284946403285431
-7.540452846553901
-9.776346686156899
-10.410887576471602
-9.717389353362252
-11.859305806911294
-11.751358014174567
-10.620700507377682
-9.103818435489247
-9.132705806911295
-10.866173349016943
-10.584145566322922
-10.877512628577954
-11.288041109187034
-12.607014517278236
-9.147695814329479
-12.258089224266985
-13.121678979618094
-13.222605806911293
-12.95135
-13.036514489809047
-12.270441018743833
-12.452113793616672
-9.845546400351978
-10.968781186881367
-9.024758014174568
-10.94936719623642
-9.639323178573704
-10.2085494139775
-9.811978580309448
-8.944157738501202
-9.195086993792662
-9.11808596122269
-11.787384789462841
-8.880915979277662
-9.26667635487685
-9.216983515726973
-9.517038761233506
-13.292119319745396
-12.281784813998577
-11.65503527398278
-12.300069408909714
-13.01740871036694
-12.2697
-10.628123227645178
-11.002623178573705
-11.858567558913132
-7.7997752158210085
-8.933489455871152
-8.646033062937358
-10.15627368627999
-10.318321780322053
-8.661857800040089
-11.316794193088706
-11.874295814329479
-11.417351205426142
-11.076728979618094
-6.878881186881368
-9.370742731432555
-11.751872413667313
-10.04971737166241
-10.413256441157214
-9.573469408909714
-9.06296957305878
-10.131770589579466
-10.085611613822588
-10.085611613822588
-9.089886647597055
-11.372668814019292
-7.215169578925683
-7.559710002350398
-11.287504324210243
-11.73927320017599
-12.572146400351977
-12.916481883073743
-11.834473797996871
-10.798452207263272
-9.103818435489247
-8.434855220888794
-10.936769408909713
-10.426269573058779
-10.467118435489247
-11.982981596293262
-8.533763545412496
-8.123369352323792
-8.52038428812519
-9.671528476294485
-9.152267834478424
-11.361674391529514
-12.963126602795736
-12.982540593440683
-9.953494193088705
-8.482246400351977
-9.343883648959858
-9.897063545412497
-12.328448787522639
-11.609533598118208
-9.228928985484998
-10.900537692918489
-10.82365063424592
-12.186950634245921
-7.625563772014388
-12.891272035137268
-9.435152207263272
-10.388058014174566
-9.675217420733883
-9.323107002553058
-10.085611613822588
-11.938366228225975
-9.211766228225974
-7.080734841467766
-11.562198930411157
-12.223221107340727
-12.152144703399838
-9.543099999999999
-11.6914269294109
-9.195086993792662
-10.521092331857611
-11.609056504004329
-13.361744193088704
-13.222605806911293
-12.35883819824538
-13.036514489809047
-13.036514489809047
-10.015875379970073
-10.60990413885318
-7.7843958143294785
-8.63956224806851
-13.307770296720342
-9.195086993792662
-12.03933081772773
-12.597904972882237
-10.190606414566668
-12.831317393264694
-9.103818435489247
-12.680094193088705
-11.50312613788649
-11.038517420733882
-12.982540593440683
-12.349002182727535
-9.953494193088705
-9.543099999999999
-9.97891923932244
-10.375973200175988
-12.010220795884441
-10.768188177438425
-11.398037607910503
-12.623663545412496
-10.849969352323791
-11.758378979618096
-12.392707876337884
-11.889675215821008
-11.002623178573705
-9.897063545412497
-11.4309644927425
-12.440028979618095
