-8.590194193088706
-9.953494193088705
-9.00058838617741
-11.118219898034225
-11.032054388786092
-10.037839149909962
-10.3714767595878
-9.886152892835918
-10.571248039599338
-10.786020653284922
-10.99193344853605
-9.953494193088705
-9.00058838617741
-9.953494193088705
-9.00058838617741
-9.953494193088705
-9.953494193088705
-10.638919033378727
-8.590194193088706
-8.590194193088706
-9.953494193088705
-8.590194193088706
-8.590194193088706
-9.00058838617741
-8.590194193088706
-9.00058838617741
-9.00058838617741
-9.953494193088705
-9.953494193088705
-9.953494193088705
-8.590194193088706
-8.590194193088706
-9.953494193088705
-9.953494193088705
-9.00058838617741
-9.00058838617741
-8.590194193088706
-9.953494193088705
-9.00058838617741
-9.953494193088705
-9.953494193088705
-8.590194193088706
-9.953494193088705
-9.953494193088705
-9.00058838617741
-9.953494193088705
-9.953494193088705
-9.00058838617741
-11.588510644403726
-9.00058838617741
-9.953494193088705
-9.953494193088705
-9.953494193088705
-11.011707383188424
-10.763451345984645
-9.953494193088705
-11.489780320993894
-9.953494193088705
-9.953494193088705
-10.883558921895938
-9.953494193088705
-8.590194193088706
-9.953494193088705
-9.00058838617741
-8.590194193088706
-9.953494193088705
-9.953494193088705
-11.22152839752535
-9.00058838617741
-9.953494193088705
-9.953494193088705
-9.00058838617741
-9.00058838617741
-9.00058838617741
-10.709142576462886
-9.953494193088705
-8.590194193088706
-9.953494193088705
-9.953494193088705
-8.590194193088706
-11.588510644403726
-9.953494193088705
-9.953494193088705
-9.953494193088705
-8.590194193088706
-9.953494193088705
-8.590194193088706
-9.00058838617741
-9.00058838617741
-9.953494193088705
-9.953494193088705
-9.00058838617741
-8.590194193088706
-9.953494193088705
-8.590194193088706
-9.00058838617741
-9.00058838617741
-9.953494193088705
-11.002623178573705
-8.590194193088706
-9.953494193088705
-9.953494193088705
-9.953494193088705
-9.953494193088705
-9.00058838617741
-8.590194193088706
-8.590194193088706
-9.953494193088705
-9.953494193088705
-9.00058838617741
-9.953494193088705
-9.953494193088705
-9.953494193088705
-8.590194193088706
-9.953494193088705
-9.00058838617741
-9.953494193088705
-8.590194193088706
-8.590194193088706
-9.00058838617741
-9.953494193088705
-8.590194193088706
-9.00058838617741
-8.590194193088706
-9.953494193088705
-9.00058838617741
-8.590194193088706
-9.953494193088705
-9.953494193088705
-8.590194193088706
-8.590194193088706
-8.590194193088706
-9.953494193088705
-9.953494193088705
-8.590194193088706
-8.590194193088706
-9.953494193088705
-9.953494193088705
-8.590194193088706
-8.590194193088706
-9.00058838617741
-9.00058838617741
-8.590194193088706
-9.953494193088705
-8.590194193088706
-9.00058838617741
-9.953494193088705
-9.00058838617741
-9.953494193088705
-9.00058838617741
-9.00058838617741
-9.953494193088705
-9.00058838617741
-8.590194193088706
-9.953494193088705
-8.590194193088706
-8.590194193088706
-9.953494193088705
-9.00058838617741
-9.953494193088705
-8.590194193088706
-9.00058838617741
