-13.09048838617741
-12.401817420733883
-13.23759581432948
-13.301666228225974
-10.098328782875111
-9.825655123371487
-10.771919008593606
-10.499420055897518
-12.842581022732302
-9.675217420733883
-8.784692800703956
-10.968781186881367
-11.4871231727068
-12.114361027800088
-9.959444732293866
-8.854429034556471
-9.754277842048563
-13.477661027800089
-10.798452207263272
-8.659190797029694
-8.613747398680177
-8.73502878287511
-8.210169408909714
-9.024758014174568
-12.977647311229605
-11.208846400351979
-11.038517420733882
-10.139826137886487
-11.859305806911294
-7.491129034556471
-10.447334211998713
-8.315629493502634
-8.279516248688884
-7.41108955778095
-9.501107566908768
-9.573469408909714
-9.897063545412497
-10.02918096614638
-9.775566614997787
-11.208846400351979
-8.714956566851443
-9.996461389325127
-11.434291768133985
-8.17393769291849
-8.283030049311837
-11.94688542077531
-7.635884469082543
-11.453145238965119
-9.686424196959196
-7.60278890006195
-11.889675215821008
-6.273988386177411
-11.448911613822588
-6.273988386177411
-6.576434786529389
-6.406105806911294
-5.863594193088706
-12.812211613822589
-12.092015973410756
-13.012910002350397
-12.567232897736288
-7.625563772014388
-8.276023178573704
-9.991390063526527
-10.606326643574993
-11.921686993792662
-10.737553057869572
-9.138656346116454
-12.543259028929931
-9.30303478652939
-8.724536063529385
-6.872338869848653
-7.099532409707031
-12.572146400351977
-12.186950634245921
-13.09048838617741
-9.066035612109804
-12.420923200175988
-12.029634786529389
-12.029634786529389
-11.945848220590541
-11.97320413885318
-12.186950634245921
-10.952558975756876
-10.542164782668172
-10.286310002350397
-9.115204818470733
-9.657126881314259
-9.33864392219948
-12.401817420733883
-11.186125580178278
-8.894617468957303
-13.222605806911293
-12.480877842048564
-10.151216921935683
-7.3972231727068
-11.590353222018637
-6.955316000047617
-6.9560649864437405
-8.050811934998976
-9.128190862153962
-10.919664176965831
-9.641463784460278
-9.798155220888795
-9.811978580309448
-9.690207428152068
-7.959807002553058
-10.543767148104058
-11.076728979618094
-10.526375215821009
-10.82365063424592
-9.845546400351978
-9.426042662867275
-9.713428979618095
-10.728715973410758
-10.575066228225975
-9.754277842048563
-10.542164782668172
-11.038517420733882
-9.460350634245922
-9.452169866208331
-9.668593780485988
-13.354723227645177
-12.372930049311837
-12.533934841467765
-12.597344827334627
-8.482246400351977
-7.570189455871152
-8.350128979618095
-11.48381785094356
-10.87352546490848
-9.691941770698094
-8.949782736375907
-9.350261523923143
-10.836663766147485
-8.944157738501202
-7.580857738501202
-11.619240593440683
-6.926107924275121
-8.059644070274539
-8.482246400351977
-7.429732417920613
-6.986828979618095
-13.935446400351978
-11.002623178573705
-10.674391329195108
-9.754277842048563
-10.681527246904643
-10.496005806911294
-11.105024573212585
-9.605481186881368
-9.543099999999999
-9.28362079588444
-11.727188386177412
-10.774282579266117
-10.968781186881367
-10.592228985484999
-10.798452207263272
-8.047682579266116
-10.467118435489247
-11.727188386177412
-8.923010002350397
-11.310902864210828
-11.208846400351979
-7.853105397797683
-12.092015973410756
-11.002623178573705
-11.4871231727068
-10.686407002553057
-7.848466228225974
-13.139856441157216
-10.936769408909713
-12.213269352323792
-10.968781186881367
-10.543680000314405
-8.946314657706965
-8.711313025093494
-7.27626224806851
-13.09048838617741
-8.099630480014735
-8.667228119553915
-8.451014179658419
-12.354479891859919
-5.863594193088706
-6.878881186881368
-7.726586647597055
-7.769405806911294
-13.067266834711383
-13.844177842048563
-8.242181186881368
-8.710586999659567
-7.920320795884441
-7.4819494139775005
-7.831786993792662
-8.91681022143784
-7.883304138853182
-11.69268890006195
-8.927246498617677
-8.047682579266116
-11.942625824500642
-11.161455220888794
-13.012910002350397
-12.623663545412496
-12.75578096614638
-9.907927587233347
-8.1798
-12.680094193088705
-12.440028979618095
-13.355881886007193
-9.97766382108586
-13.633
-13.39293478652939
-8.302737800154912
-7.625563772014388
-7.7843958143294785
-8.722311613822589
-10.9064
-9.462930480014736
-10.115981022732303
-13.222605806911293
-8.485273262307851
-11.619240593440683
-9.543099999999999
-10.015875379970073
-9.893129175737203
-11.0301869463182
-12.060004195439102
-13.633741018743834
-9.11808596122269
-12.401817420733883
-10.75004586145018
-12.742475379970074
-13.413007002553059
-10.9064
-6.576434786529389
-10.960562276547867
-11.41370145515169
-10.76266719969866
-10.954495542358407
-11.235199874123538
-9.450142214681458
-5.863594193088706
-7.4819494139775005
-5.863594193088706
-8.859072773398154
-8.645382789761417
-9.427797160292126
-13.115603388554758
-10.145530952387071
-9.928852797972445
-10.100601621240774
-8.434855220888794
-7.842240016043255
-7.7493237230754035
-8.99940542141389
-9.589258975756877
-13.500882579266117
-12.75578096614638
-12.2697
-10.413256441157214
-12.680094193088705
-9.754277842048563
-10.082208325496588
-8.707691768133984
-8.219592530897497
-11.97320413885318
-9.875915809261691
-11.553906414566669
-12.572146400351977
-9.049956441157216
-9.18983193118744
-12.440028979618095
-8.630620296724219
-8.877058808194944
-12.029634786529389
-12.908434792396292
-13.354723227645177
-13.433783648959858
-12.963126602795736
-11.867362349577013
-10.94258005421275
-11.619240593440683
-11.328879007087284
-5.863594193088706
-11.076728979618094
-10.728715973410758
-10.015875379970073
-10.286310002350397
-8.722311613822589
-9.214760403443945
-10.968781186881367
-9.725390470626516
-9.912882514509805
-11.038517420733882
-9.567269627997156
-8.071852207263273
-13.139856441157216
-6.4851662282259745
-5.863594193088706
-7.344391768133985
-9.528480154311396
-8.753502207263272
-10.23366863907826
-10.860833394144642
-9.190173491176973
-9.081682262268842
-8.00873139047038
-7.712975159235086
-7.3972231727068
-9.983863601998419
-10.139826137886487
-8.823782156142103
-10.877512628577954
-13.002612809464352
-12.742475379970074
-13.012910002350397
-8.838907324767856
-12.584934555312335
-8.123369352323792
-9.041014489812925
-10.955928988299117
-10.070125952234367
-10.549571838394286
-9.630378138255637
-12.365923178573704
-12.891272035137268
-12.480877842048564
-13.222605806911293
-12.498078210006529
-12.812211613822589
-12.891272035137268
-10.558386993792661
-10.82365063424592
-11.448911613822588
-7.247558779013893
-12.2697
-12.2697
-10.532640604098825
-9.228928985484998
-10.877512628577954
-11.874295814329479
-8.66588096614638
-9.639323178573704
-10.798452207263272
-10.60990413885318
-10.48138596122269
-11.208846400351979
-10.115981022732303
-10.375849877185832
-9.410982579266117
-9.573469408909714
-10.318321780322053
-13.695381186881367
-12.572146400351977
-13.023389455871152
-11.076728979618094
-12.680094193088705
-12.680094193088705
-11.076728979618094
-12.680094193088705
-8.642142093837325
-10.024489922172112
-10.558386993792661
-11.379175379970073
-10.82365063424592
-11.727188386177412
-8.099630480014735
-8.533763545412496
-10.798452207263272
-11.316794193088706
-11.208846400351979
-9.798155220888795
-12.524755220888794
-8.722311613822589
-10.467118435489247
-12.716728990276236
-12.092015973410756
-13.604112628577953
-13.336504138853181
-9.58441178173291
-9.83575983592982
-9.902470648446252
-11.859305806911294
-9.446659745411544
-8.863753222018637
-10.164672035137269
-9.845546400351978
-9.43762433472611
-8.590194193088706
-8.533763545412496
-5.863594193088706
-9.881132351087759
-8.86187660026633
-10.9064
-10.60990413885318
-10.89564632677365
-8.123369352323792
-9.48666935232379
-9.460350634245922
-7.831786993792662
-7.549412809464354
-10.085611613822588
-12.029634786529389
-9.089886647597055
-9.500280840685761
-9.938874347400102
-14.043394193088705
-13.57656935232379
-10.296789455871153
-8.352502023545066
-11.58102903455647
-8.809891227686604
-10.628123227645178
-8.988863772014389
-8.882854029018526
-9.178864782668171
-11.038517420733882
-10.849969352323791
-11.257678399462499
-12.055863803271253
-10.707183648959857
-7.599791443177342
-8.944363323043117
-8.90523980693201
-7.883304138853182
-8.384009243089311
-9.33451790650928
-11.859305806911294
-11.002623178573705
-12.271183897009676
-11.528395247265944
-12.926109945764475
-10.936769408909713
-10.093059179532446
-11.553906414566669
-10.174749812067969
-9.920112882314431
-11.208846400351979
-11.161455220888794
-11.117577842048563
-11.002623178573705
-7.661458014174567
-11.895845644816529
-11.573673987585325
-12.2697
-11.786943964910348
-10.606505005880056
-10.26488898040329
-13.222605806911293
-10.575066228225975
-13.114658014174566
-9.22028542077531
-11.479281022732302
-11.234044827334627
-9.598938869848652
-9.845546400351978
-10.64692079588444
-8.1798
-11.316794193088706
-10.628123227645178
-10.686407002553057
-9.983863601998419
-9.649864827973206
-6.576434786529389
-10.604236418691954
-10.526375215821009
-8.494711569542352
-10.2085494139775
-11.681621780322052
-11.660089455871152
-10.286310002350397
-9.881132351087759
-8.88270449698443
-9.298789287582451
-9.83971305531413
-11.562809945764474
-9.089886647597055
-9.101005728692655
-9.096811564751116
-8.304562373762737
-7.226894193088706
-9.083041789082449
-7.863890148208234
-7.226894193088706
-10.498973600930647
-12.092015973410756
-11.260363545412497
-11.448911613822588
-11.727188386177412
-12.680094193088705
-11.260363545412497
-11.161455220888794
-10.774282579266117
-11.485546411010118
-10.66931005613197
-6.878881186881368
-7.376517206226781
-7.600558864780866
-8.001896727465954
-8.042983483243429
-9.378721559587065
-7.421084589501115
-9.013759425445475
-10.02918096614638
-11.316794193088706
-12.2697
-10.199509945764476
-9.019844511558878
-10.375849877185832
-10.190606414566668
-7.2616424023799055
-13.121678979618094
-14.175511613822588
-8.059644070274539
-11.756954473317293
-9.811978580309448
-9.998621797751719
-9.704045609684611
-10.08757176678098
-9.059035514284611
-9.163075215821008
-10.88603182112729
-10.619855191029467
-10.628123227645178
-8.47245983592982
-10.968781186881367
-10.510995814329478
-10.968781186881367
-10.526375215821009
-11.038517420733882
-9.555061491008422
-10.286310002350397
-9.845546400351978
-9.798155220888795
-10.035947595993743
-9.049956441157216
-11.208846400351979
-12.401817420733883
-10.160878029271425
-10.085611613822588
-10.349846455290356
-10.930569627997155
-9.561134094674827
-12.029634786529389
-11.727188386177412
-11.619240593440683
-12.01613239519994
-12.72946224806851
-11.064230918359872
-11.633219373171242
-11.385125919175234
-11.836084255445266
-12.498040599307588
-12.34876042131468
-13.078763772014389
-12.992491645616969
-12.20791118302015
-10.195575886990309
-11.765084256615232
-12.272667794019352
-11.114624850055915
-13.413007002553059
-11.121396316770548
-11.548627862511472
-12.72946224806851
-10.183840788915658
-11.859305806911294
-10.093059179532446
-10.453186647597056
-10.022490797029695
-10.968781186881367
-10.139826137886487
-8.590194193088706
-11.076728979618094
-11.51957368627999
-11.353428990276235
-9.845546400351978
-10.04279245450835
-9.639323178573704
-9.28362079588444
-10.75106102780009
-9.675217420733883
-13.23759581432948
-9.543099999999999
-8.578469578925683
-10.255940593440684
-11.316794193088706
-11.619240593440683
-10.227053222018636
-9.897063545412497
-10.190606414566668
-10.467118435489247
-10.46450659368555
-12.680094193088705
-11.619240593440683
-10.75106102780009
-10.542164782668172
-11.693694972483899
-12.2697
-12.2697
-10.173191227686605
-10.686407002553057
-10.849969352323791
-11.208846400351979
-11.891235358139232
-12.436094920843928
-12.926109945764475
-10.82365063424592
-10.707183648959857
-9.996461389325127
-10.66633478652939
-8.371427444614122
-11.427115029752404
-11.117577842048563
-11.117577842048563
-10.628123227645178
-10.510995814329478
-9.713428979618095
-9.543099999999999
-10.64692079588444
-10.139826137886487
-9.211766228225974
-9.639323178573704
-10.217729034556472
-9.264823227645177
-9.00058838617741
-8.311917420733883
-9.996461389325127
-11.372633062937359
-10.496005806911294
-10.015875379970073
-9.897063545412497
-11.681621780322052
-10.286310002350397
-11.076728979618094
-7.376283218157418
-10.227053222018636
-9.211766228225974
-9.00058838617741
-10.9064
-10.75106102780009
-10.318321780322053
-11.038517420733882
-9.845546400351978
-12.440028979618095
-13.39293478652939
-13.57656935232379
-13.633
-8.248464071684465
-10.635196181721419
-7.883304138853182
-8.882854029018526
-10.115981022732303
-10.592228985484999
-10.628123227645178
-11.208846400351979
-10.453186647597056
-9.971528287763533
-11.448911613822588
-11.52797203513727
-10.9064
-10.426269573058779
-10.265891645616971
-10.64692079588444
-11.038517420733882
-11.434291768133985
-11.134305410999
-7.337215029752404
-7.3893810227323025
-7.592819229509625
-7.921659248148371
-10.413256441157214
-8.210169408909714
-7.529340593440684
-8.150912628577952
-12.982540593440683
-11.316794193088706
-10.75106102780009
-11.727188386177412
-11.703857373873165
-10.28886588199994
-11.327341149947909
-11.753809411855446
-11.950327719234396
-12.072601982765809
-11.263601878009634
-10.139663948139637
-12.369416248688884
-12.882873686279991
-12.20791118302015
-12.416807428152067
-11.765084256615232
-13.318828985484998
-12.572146400351977
-12.908434792396292
-13.067266834711383
-12.440028979618095
-11.336662280971348
-12.662593204648143
-11.619240593440683
-9.605481186881368
-9.930272641622677
-8.937733729724886
-11.763823183364941
-10.38070296720342
-8.925091107013873
-8.362090470626516
-10.388058014174566
-11.448911613822588
-12.2697
-11.727188386177412
-11.859305806911294
-11.619240593440683
-11.161455220888794
-12.2697
-11.260363545412497
-11.208846400351979
-10.350772293895242
-11.04746580769649
-10.60990413885318
-8.729759179532445
-9.068255980206443
-9.664218832004789
-7.550434507159091
-7.7627821666634
-12.2697
-12.2697
-11.859305806911294
-11.859305806911294
-11.727188386177412
-9.762797034597899
-8.1798
-10.022490797029695
-10.400523183364943
-11.316794193088706
-10.774282579266117
-12.812211613822589
-13.455315973410757
-11.889675215821008
-12.432186829643596
-12.413024196959197
-12.142338216618324
-12.055863803271253
-12.229641095881753
-12.866426137886487
-11.830418435489246
-12.680094193088705
-10.715702841509193
-8.38623097035449
-7.462296734631857
-9.135813869398683
-12.680094193088705
-11.04596498644374
-9.709494920843927
-7.226894193088706
-12.205250173295148
-11.675079463289336
-10.496005806911294
-8.280919267514088
-10.056724242400541
-12.32229462245921
-11.543395955119527
-11.213303688659236
-11.105024573212585
-12.394462373762735
-7.2192468362290345
-9.54905053920516
-9.319037751709077
-12.524755220888794
-10.65075300128365
-8.5136554472236
-7.833601658248581
-9.095420086631968
-8.766075143288914
-8.789647420974246
-8.242181186881368
-11.739149877185833
-9.00058838617741
-9.228928985484998
-10.199509945764476
-10.877512628577954
-9.798155220888795
-7.226894193088706
-11.52797203513727
-10.877512628577954
-11.454515001935246
-11.448911613822588
-11.002623178573705
-10.64692079588444
-10.686407002553057
-10.388058014174566
-9.435152207263272
-13.222605806911293
-11.293003613546992
-11.463901621240772
-10.542164782668172
-8.933489455871152
-9.990128990276236
-11.448911613822588
-10.626091464509893
-12.582097452528263
-9.00058838617741
-10.009333062937358
-10.467118435489247
-10.375849877185832
-10.286310002350397
-10.581170296720341
-10.66633478652939
-10.936769408909713
-9.605481186881368
-10.02918096614638
-10.936769408909713
-11.208846400351979
-9.754277842048563
-9.47758910909149
-9.886395262782447
-8.346194920843928
-10.707183648959857
-10.798452207263272
-11.208846400351979
-9.82613240970703
-10.056724242400541
-9.11808596122269
-10.8837480240153
-11.096801195641765
-10.056724242400541
-9.83575983592982
-9.750063776805627
-9.907927587233347
-10.936769408909713
-8.86187660026633
-9.235935856223131
-10.426269573058779
-12.891272035137268
-10.628123227645178
-10.467118435489247
-13.663369408909714
-13.633
-12.762547595993743
-12.891272035137268
-12.577101020622267
-13.935446400351978
-11.096801195641765
-13.252975215821008
-13.57656935232379
-13.935446400351978
-14.043394193088705
-10.818524423286942
-11.955528985484998
-11.109179493191284
-12.365923178573704
-11.924985462865113
-12.210584206373793
-12.812211613822589
-12.398128476294485
-12.015978445800656
-12.543259028929931
-11.384461787117738
-10.61748798576221
-11.524598386880262
-13.152869573058778
-11.13181014836211
-12.029634786529389
-11.038517420733882
-11.727188386177412
-8.29086848653322
-7.438749077712107
-8.636993594724334
-8.218327415742692
-11.727188386177412
-11.322744732293865
-8.11922704062227
-9.103818435489247
-9.250203381956574
-10.972079655953818
-8.737301621240773
-10.23306099855237
-12.029634786529389
-12.2697
-11.528395247265944
-12.029634786529389
-10.968781186881367
-12.680094193088705
-11.316794193088706
-10.798452207263272
-11.539502142762544
-11.621217468957305
-12.365923178573704
-10.968781186881367
-10.592228985484999
-11.448911613822588
-12.2697
-12.083608682897752
-12.139955623193089
-11.992581886007194
-11.241818335066027
-10.596423149426538
-11.578260173701114
-10.62076818067403
-13.139856441157216
-11.619240593440683
-11.705106534133902
-11.694927366498359
-11.892799622370616
-10.64692079588444
-11.619240593440683
-11.448911613822588
-10.063815029752403
-10.48138596122269
-10.413256441157214
-10.009333062937358
-10.542164782668172
-9.178864782668171
-9.410982579266117
-11.938366228225975
-11.703966834711384
-9.605481186881368
-9.798155220888795
-10.728715973410758
-9.514212628577953
-10.798452207263272
-7.446474353208057
-11.448911613822588
-10.75106102780009
-11.47154138746106
-10.542164782668172
-11.52797203513727
-11.52797203513727
-11.076728979618094
-10.139826137886487
-11.260363545412497
-11.660089455871152
-10.04971737166241
-10.236526602795736
-10.744268521172618
-9.246604138853183
-10.592228985484999
-10.707183648959857
-12.149544070274539
-8.55013528897046
-11.076728979618094
-9.754277842048563
-10.9064
-9.323107002553058
-10.388058014174566
-9.264823227645177
-9.343883648959858
-7.905235300413928
-9.940030741648917
-9.894914455331783
-9.50692720047539
-8.390977842048564
-9.79679047114774
-10.184452661070248
-11.639312809464354
-12.365923178573704
-7.028524266305912
-7.60278890006195
-7.997746406218882
-8.22276719623642
-7.226894193088706
-8.182767794019354
-9.4403556502593
-10.362705421413889
-10.109781241819745
-9.892239016223556
-11.265770648446253
-9.870744827334626
-10.147992800703957
-8.145300513884537
-9.195086993792662
-10.276012809464353
-11.316794193088706
-9.514212628577953
-9.132705806911295
-9.43762433472611
-8.259198845826425
-8.184879659049834
-10.352163772014388
-8.873226602795736
-8.608228287763533
-9.675217420733883
-10.60990413885318
-10.25188004012184
-9.587262527487821
-8.659190797029694
-10.400523183364943
-10.558386993792661
-11.776556441157215
-9.48666935232379
-12.240812628577952
-9.460350634245922
-9.012549877185833
-9.514212628577953
-7.539291645616971
-12.365923178573704
-14.043394193088705
-8.635074391529512
-10.936769408909713
-10.75106102780009
-12.021792636554892
-12.69136786940462
-10.968781186881367
-11.359761389325124
-13.050429482059165
-13.193718435489247
-12.891272035137268
-13.09048838617741
-12.039585838705674
-13.023389455871152
-11.851950759940147
-10.82365063424592
-7.451720450925073
-8.701228801589517
-8.808177554515808
-8.276023178573704
-7.539291645616971
-11.776556441157215
-12.2697
-12.680094193088705
-12.029634786529389
-11.859305806911294
-11.038517420733882
-11.727188386177412
-12.029634786529389
-11.859305806911294
-11.208846400351979
-8.760523172706801
-10.968781186881367
-11.076728979618094
-10.227053222018636
-9.897063545412497
-8.820067207080257
-9.410982579266117
-9.897063545412497
-11.649610002350398
-9.228928985484998
-9.387761027800089
-10.078256566851442
-12.092015973410756
-9.006538925382571
-8.203534675376696
-12.812211613822589
-7.226894193088706
-7.4819494139775005
-8.784692800703956
-8.854429034556471
-5.863594193088706
-12.680094193088705
-9.821376772354823
-11.77723889131365
-8.993341881517958
-7.797487944139023
-10.765880405509973
-7.027677842048563
-8.89660096718484
-7.438072035137269
-12.623663545412496
-13.633
-12.2697
-11.197121786188955
-7.444022574342429
-8.123369352323792
-7.661458014174567
-11.260363545412497
-12.2697
-13.23759581432948
-12.240812628577952
-12.081151931589908
-8.43942724103774
-10.322723835300552
-12.953653222018637
-12.78332424240054
-11.90546478266817
-12.019848222107232
-10.877512628577954
-12.213269352323792
-8.787792691160236
-9.109484255445267
-10.32938890006195
-10.82365063424592
-9.460350634245922
-9.562662027567129
-10.267902084449107
-8.369287392509285
-12.434528587477551
-10.15627368627999
-10.728715973410758
-10.04971737166241
-10.195041444046982
-9.394171787523701
-9.073590013285088
-12.114361027800088
-11.271227587233346
-11.639312809464354
-11.4871231727068
-11.776556441157215
-11.239215809261692
-11.824806320795833
-9.729431944797781
-11.62758021065734
-10.255940593440684
-10.628123227645178
-10.190606414566668
-11.076728979618094
-12.365923178573704
-11.97320413885318
-9.06296957305878
-12.749090797029694
-7.421392800703957
-10.015875379970073
-9.605481186881368
-10.151439135709534
-8.87418233127958
-9.413355623193087
-6.604730380123882
-11.874295814329479
-12.300069408909714
-12.137582579266116
-9.089886647597055
-8.880915979277662
-12.2697
-11.316794193088706
-9.309754868362823
-9.639323178573704
-8.29729757504528
-9.333404195439103
-11.562809945764474
-9.172927460841043
-7.226894193088706
-7.591721780322053
-10.798452207263272
-11.619240593440683
-10.286310002350397
-11.561018496085563
-11.344055596608584
-11.676164841534959
-12.891272035137268
-11.133435992829295
-12.362450595791081
-11.545134792396293
-12.23799992178136
-11.406092454508348
-11.708538854860327
-12.506812221477963
-12.062085300102579
-11.148838257397582
-12.087646406218882
-12.944329034556471
-13.012910002350397
-12.485122115902298
-11.291299803257015
-11.703966834711384
-11.34716360199842
-10.95899462245921
-10.385596165857681
-11.328755684097127
-10.924434094674828
-10.641218597711632
-11.080689353362251
-11.038517420733882
-11.316794193088706
-11.260363545412497
-13.152869573058778
-11.161455220888794
-9.82613240970703
-9.246604138853183
-9.675217420733883
-11.816486647597054
-9.953494193088705
-9.713428979618095
-10.526375215821009
-11.859305806911294
-11.859305806911294
-10.467118435489247
-12.114361027800088
-11.161455220888794
-9.44510325943956
-11.52797203513727
-11.379175379970073
-9.983863601998419
-10.9064
-11.619240593440683
-8.96274698902278
-10.085611613822588
-10.340666834711383
-11.399247595993742
-7.852710502079709
-8.145300513884537
-9.865618616375647
-10.307457738501203
-9.029712634444856
-8.269442590401248
-7.637288386177411
-10.912350539205159
-10.308535215899894
-10.746524042632496
-10.611701025413506
-8.588744999190268
-9.641463784460276
-7.937764489645619
-9.333404195439103
-10.686407002553057
-12.623663545412496
-11.600829483628123
-12.432221001211348
-10.426269573058779
-10.164672035137269
-13.39293478652939
-12.365923178573704
-7.226894193088706
-11.532747525402163
-9.537208671122123
-8.319739835248397
-8.54189283102171
-10.490143499829783
-8.147409193208887
-9.22028542077531
-14.043394193088705
-12.891272035137268
-10.877512628577954
-10.147992800703957
-9.343883648959858
-10.10824138746106
-11.12395571701185
-10.117541165050527
-12.022457345045757
-12.850423172706801
-10.412810873827254
-8.644084382076196
-8.071852207263273
-8.455798724379516
-11.779462736719893
-8.882854029018526
-11.474912977083157
-10.48138596122269
-9.605481186881368
-9.941769578925683
-10.863580840685762
-10.692976541989383
-7.38716496143657
-11.874295814329479
-7.07612724103774
-7.1239010206222675
-9.396672811829747
-7.1189464003519785
-8.1798
-7.699669573058779
-13.354723227645177
-9.573469408909714
-10.340666834711383
-11.52797203513727
-10.968781186881367
-7.844672371476003
-10.286310002350397
-9.367612909761423
-8.143905757839821
-10.236526602795736
-8.210169408909714
-9.09403187106709
-10.60990413885318
-10.426269573058779
-10.063815029752403
-8.021281491451443
-8.197224023866417
-7.592380005700773
-9.321072377131067
-12.812211613822589
-12.027664489645618
-11.287906821666658
-11.34716360199842
-12.315858975756877
-11.783027256026063
-6.790638230170684
-9.460350634245922
-9.543099999999999
-10.255940593440684
-12.23799992178136
-12.20260106969374
-12.2697
-11.73313892538257
-12.2697
-5.863594193088706
-5.863594193088706
-9.195086993792662
-9.503041095881754
-9.875915809261691
-6.596507002553058
-9.754277842048563
-7.831786993792662
-7.823620330975194
-9.528480154311396
-10.707183648959857
-9.492076455357548
-10.936769408909713
-8.96608890006195
-13.166175159235085
-12.480877842048564
-10.236526602795736
-11.47154138746106
-11.096801195641765
-13.39293478652939
-8.935607789677105
-9.664218832004789
-11.612373050545806
-11.609533598118208
-12.2697
-11.859305806911294
-11.002623178573705
-12.029634786529389
-11.316794193088706
-12.029634786529389
-11.076728979618094
-11.448911613822588
-12.2697
-12.992491645616969
-9.265981886007193
-11.038517420733882
-12.029634786529389
-10.575066228225975
-8.626972560979022
-8.955021780322053
-8.125826103631637
-10.080453503202108
-10.202207324767857
-11.4871231727068
-11.495070589579464
-10.628123227645178
-11.042229493502635
-7.900783597733653
-9.675217420733883
-9.780212221477964
-12.451990470626516
-11.32815183532762
-12.543259028929931
-11.727188386177412
-9.503041095881754
-9.188544676759946
-10.869114279720673
-11.023897575045279
-11.619240593440683
-10.115981022732303
-10.496005806911294
-8.988863772014389
-10.66633478652939
-8.065716673940944
-11.448911613822588
-12.137582579266116
-9.605481186881368
-9.754277842048563
-9.754277842048563
-9.343883648959858
-9.163075215821008
-11.161455220888794
-9.845546400351978
-11.727188386177412
-8.79297368627999
-9.845546400351978
-10.82365063424592
-8.953488760908069
-12.319068054979804
-10.542164782668172
-10.968781186881367
-9.470738157999053
-8.235638869848653
-9.729431944797781
-8.126066731327171
-8.019924042632496
-8.255486773057676
-9.34600198276581
-9.161519173750134
-7.637288386177411
-9.203367879368695
-12.2697
-11.448911613822588
-11.117577842048563
-12.982540593440683
-7.699669573058779
-9.196229529374504
-10.566847391784345
-9.971528287763533
-11.859305806911294
-12.2697
-10.467118435489247
-9.070916989931444
-10.75106102780009
-9.697847194372356
-9.733501195641763
-10.839301069693741
-12.698128287763533
-12.908434792396292
-12.629070648446254
-12.380020836663698
-8.276023178573704
-10.488650759940148
-13.633
-13.633
-13.24285207951777
-10.44362585006693
-6.273988386177411
-8.891654625407371
-11.379175379970073
-9.646330049311835
-10.686407002553057
-10.009333062937358
-10.968781186881367
-11.316794193088706
-10.66633478652939
-10.66633478652939
-9.58606719623642
-7.986961523923143
-10.2085494139775
-9.28362079588444
-10.798452207263272
-9.30303478652939
-10.009333062937358
-9.953494193088705
-10.318321780322053
-9.178864782668171
-12.272667794019352
-10.643113235063362
-10.190606414566668
-8.701418828303561
-8.685721223825386
-8.944157738501202
-8.084317376453647
-10.422335514284612
-7.226894193088706
-9.47600106969374
-9.447617376453646
-10.202207324767857
-10.369838925382572
-7.5723077896771045
-9.849010276232928
-10.64692079588444
-11.448911613822588
-12.029634786529389
-12.680094193088705
-12.096418028389257
-11.78825531354648
-11.258750996978993
-12.401817420733883
-12.674202864210828
-11.633219373171242
-11.011748383117789
-10.968781186881367
-12.797591768133984
-12.194724141977321
-9.193444624730722
-10.798452207263272
-10.64692079588444
-10.66633478652939
-11.598446864480229
-11.58102903455647
-10.558386993792661
-12.629070648446254
-11.915144676759947
-11.161455220888794
-8.024461027800088
-11.161455220888794
-10.10824138746106
-7.936192959413938
-9.881132351087759
-11.802875159235086
-11.727188386177412
-10.318321780322053
-11.763823183364941
-11.889675215821008
-10.265891645616971
-10.575066228225975
-9.024758014174568
-9.410982579266117
-9.460350634245922
-9.845546400351978
-9.178864782668171
-7.49670590781854
-7.879726643574993
-9.881132351087759
-8.200893913718406
-12.891272035137268
-9.132779825372385
-7.295890797029696
-9.845546400351978
-12.2697
-8.168656134944039
-11.076728979618094
-12.2697
-11.002623178573705
-10.04279245450835
-10.798452207263272
-10.510995814329478
-7.9015232276451774
-6.843761403519879
-9.750904193791559
-8.854429034556471
-9.675217420733883
-10.400523183364943
-11.859305806911294
-11.316794193088706
-11.379175379970073
-10.400523183364943
-11.260363545412497
-8.913734507159091
-7.181327587233347
-9.44259977297313
-8.906619373171242
-9.115204818470733
-13.222605806911293
-12.623663545412496
-11.751358014174567
-12.440028979618095
-12.092015973410756
-11.194226554663373
-10.713561523923143
-13.354723227645177
-12.866426137886487
-12.420614988973146
-11.076728979618094
-11.316794193088706
-10.44126906898809
-10.32938890006195
-9.625553402905037
-8.482246400351977
-8.808177554515808
-10.115981022732303
-12.982540593440683
-10.467118435489247
-13.20798596122269
-9.354551931589908
-9.465521616172987
-10.255940593440684
-11.739149877185833
-10.75106102780009
-9.053830437533477
-9.44259977297313
-10.728715973410758
-7.423207465159876
-9.422944070274538
-10.12857881005901
-10.46290437024631
-9.561134094674827
-9.034709066350853
-10.849969352323791
-9.694014988973146
-9.750063776805627
-10.968781186881367
-10.67228532573455
-12.572146400351977
-9.415738216618324
-7.965963803271253
-9.140153372621151
-9.383224042632497
-7.552483207013497
-9.318429769111912
-9.946431600392302
-10.199509945764476
-10.707183648959857
-11.161455220888794
-8.933489455871152
-8.892640593440683
-11.746444511558877
-12.75578096614638
-10.875823401562826
-11.379175379970073
-11.448911613822588
-11.52797203513727
-9.51393075584367
-9.472837712210454
-10.037310251755594
-9.502764490566198
-9.500280840685761
-10.66436448964562
-10.290479552449735
-7.663748805244261
-9.902470648446252
-11.926641614062952
-9.237700607655373
-10.352163772014388
-8.279516248688884
-7.031922115902297
-8.74725267341706
-8.517832351087758
-12.680094193088705
-9.095420086631968
-11.802875159235086
-11.938366228225975
-12.597344827334627
-12.30633479718753
-11.940060288515255
-11.389126432146359
-10.289434408900005
-9.163075215821008
-9.639323178573704
-10.512752714640953
-12.460101195641764
-8.87994932817775
-8.358076396490759
-7.295890797029696
-8.892640593440683
-9.102936019345684
-7.8552717476045135
-7.192394706973244
-10.10824138746106
-10.936769408909713
-10.75106102780009
-10.009333062937358
-7.1189464003519785
-9.729026553705479
-10.190606414566668
-9.623854481603962
-13.765117420733883
-8.334547194372355
-10.217729034556472
-12.365923178573704
-9.28362079588444
-10.686407002553057
-8.533763545412496
-10.400523183364943
-10.728715973410758
-10.236526602795736
-10.807850991382903
-6.227326361568919
-10.352163772014388
-9.394632366051152
-11.859305806911294
-11.117577842048563
-10.296789455871153
-9.460350634245922
-10.015875379970073
-9.410982579266117
-12.279550709210673
-7.309347595993743
-14.043394193088705
-10.82365063424592
-8.44867858030945
-9.754277842048563
-8.8452494139775
-8.729759179532445
-11.316794193088706
-11.161455220888794
-11.619240593440683
-9.639323178573704
-11.727188386177412
-11.751358014174567
-11.619240593440683
-11.639312809464354
-7.955737751709076
-9.564193913718407
-6.948617420733883
-7.359011613822588
-12.790415029752404
-10.352163772014388
-12.963126602795736
-11.161455220888794
-10.570264633578752
-13.633
-10.400523183364943
-12.029634786529389
-10.798452207263272
-9.518267991085576
-10.063815029752403
-9.460350634245922
-10.467118435489247
-9.675217420733883
-10.774282579266117
-8.61866846222949
-9.422944070274538
-10.592228985484999
-9.598938869848652
-10.728715973410758
-11.322744732293865
-8.659190797029694
-8.626828990276236
-12.2697
-10.510995814329478
-10.99947494962865
-10.510388870486292
-11.250224136124606
-9.081021055927705
-10.755633047949035
-11.01527200944971
-6.99477639649076
-8.390977842048564
-10.66633478652939
-10.849969352323791
-8.805616308991004
-9.845546400351978
-10.877512628577954
-9.147695814329479
-7.0900590289299315
-7.281433229995575
-12.365923178573704
-13.078877610444398
-10.190606414566668
-11.038517420733882
-8.984238172962446
-11.727188386177412
-9.573469408909714
-11.52797203513727
-12.680094193088705
-11.619240593440683
-11.379175379970073
-10.147992800703957
-9.61209660394099
-10.217729034556472
-7.652278393595595
-11.379175379970073
-9.406264835841228
-12.401817420733883
-7.815564782668171
-10.707183648959857
-12.2697
-12.2697
-11.727188386177412
-11.859305806911294
-11.379175379970073
-12.680094193088705
-13.477661027800089
-9.149215901601368
-7.5339967644059005
-9.618786773057675
-7.26871654784594
-8.071852207263273
-9.890512830739757
-8.150912628577952
-12.812211613822589
-9.246604138853183
-11.751358014174567
-7.332242576206494
-8.150912628577952
-8.242181186881368
-10.33839399634572
-11.919887925995381
-7.637288386177411
-10.9064
-8.649295185058252
-9.789115752675771
-10.199509945764476
-11.208846400351979
-13.123400422830613
-12.332081186881368
-9.495743677898437
-10.32938890006195
-10.286310002350397
-7.848466228225974
-10.705286646026934
-11.379175379970073
-11.002623178573705
-11.52797203513727
-7.115837944139024
-7.170463545412497
-8.944157738501202
-8.482246400351977
-10.812125965794955
-10.82365063424592
-12.2697
-10.467118435489247
-9.938874347400102
-10.060968516254276
-10.04279245450835
-7.350196458424212
-12.332081186881368
-10.161298386880263
-10.400523183364943
-10.037992757499389
-8.760523172706801
-9.590219874535025
-9.921233173409654
-10.363888386177411
-11.727188386177412
-12.680094193088705
-13.433783648959858
-12.070483648959858
-10.321069226863171
-12.704263821085862
-12.34876042131468
-11.44965216884994
-11.260363545412497
-12.029634786529389
-10.84755708772932
-10.999496938981524
-12.029634786529389
-11.379175379970073
-10.82365063424592
-11.859305806911294
-10.628123227645178
-10.60990413885318
-10.575066228225975
-9.343883648959858
-7.815564782668171
-11.681621780322052
-12.300069408909714
-8.150912628577952
-11.52797203513727
-12.891272035137268
-10.542164782668172
-8.123369352323792
-9.902470648446252
-10.296789455871153
-10.526375215821009
-10.9064
-10.496005806911294
-10.575066228225975
-9.365415973410759
-9.754277842048563
-9.20185194328814
-10.236526602795736
-10.510995814329478
-9.646330049311835
-9.83575983592982
-11.316794193088706
-12.680094193088705
-11.038517420733882
-11.727188386177412
-10.439575159235085
-11.564447779969704
-11.723261607470311
-10.66633478652939
-12.891272035137268
-8.555694706973243
-8.525744366383854
-7.94171166204601
-9.274147415107343
-10.318321780322053
-9.235935856223131
-10.542164782668172
-12.213269352323792
-8.30383186945393
-6.538223227645177
-7.881512689174268
-8.724340687059838
-10.9064
-10.467118435489247
-6.190210221437841
-9.374253057869572
-11.208846400351979
-11.002623178573705
-12.2697
-8.687114338979125
-8.980792535688733
-8.592567237015677
-8.928226544176464
-10.32938890006195
-8.350128979618095
-8.533763545412496
-9.122434134991963
-9.798155220888795
-8.829963443710275
-10.496005806911294
-9.807334841467766
-8.55013528897046
-10.035947595993743
-13.413007002553059
-10.182706129812097
-10.936769408909713
-13.09048838617741
-13.09048838617741
-9.875915809261691
-12.742475379970074
-12.332081186881368
-12.623663545412496
-8.533763545412496
-7.165105376108855
-10.574727997044437
-10.781670191184501
-9.675365457656063
-6.248493996345721
-10.558386993792661
-12.029634786529389
-11.340963821085861
-10.035947595993743
-9.264823227645177
-10.375849877185832
-9.185300429370505
-10.100601621240774
-10.217729034556472
-12.300069408909714
-10.894675385836978
-9.705586829643597
-9.639323178573704
-8.165180154311395
-9.713428979618095
-13.59162531712296
-9.00058838617741
-13.012910002350397
-13.078763772014389
-8.67949245450835
-13.39293478652939
-12.982540593440683
-13.39293478652939
-9.675217420733883
-8.144742217127302
-10.962650739307136
-10.177226716231521
-11.722507742548393
-9.264823227645177
-9.993286723986202
-9.163075215821008
-6.831490007418184
-6.733750634245921
-7.11403289773629
-7.414037753732811
-8.094481980901746
-7.9015232276451774
-7.5342952137109735
-10.60990413885318
-12.623663545412496
-12.742475379970074
-6.576434786529389
-10.093059179532446
-12.029634786529389
-12.029634786529389
-11.859305806911294
-12.2697
-12.529327241037738
-11.305069578925682
-10.123270828338063
-13.633
-12.243638761233505
-9.734318412703429
-13.023389455871152
-12.161752207263273
-11.830418435489246
-8.614363821085862
-12.874592800703956
-10.2085494139775
-12.240812628577952
-13.252975215821008
-7.831786993792662
-8.89660096718484
-9.965455684097126
-13.477661027800089
-10.575066228225975
-13.39293478652939
-11.71944786902207
-11.21629475181509
-7.637288386177411
-8.350128979618095
-11.619240593440683
-8.902591645616969
-10.968781186881367
-12.137582579266116
-12.332081186881368
-13.023389455871152
-9.155335580549766
-9.297143457651513
-7.198006821666659
-8.988863772014389
-8.923010002350397
-11.959022055600178
-9.077808237925915
-13.37352079588444
-13.986963545412497
-13.500882579266117
-11.379175379970073
-12.891272035137268
-10.774282579266117
-10.968781186881367
-10.968781186881367
-11.038517420733882
-11.208846400351979
-9.410982579266117
-7.7843958143294785
-7.455234792396293
-7.7997752158210085
-9.126814478033419
-9.053830437533477
-8.242181186881368
-5.863594193088706
-9.733501195641763
-8.311917420733883
-9.897063545412497
-9.008935988038058
-8.210169408909714
-12.008313954728417
-11.763823183364941
-11.1338705423293
-10.60990413885318
-12.680094193088705
-11.859305806911294
-12.029634786529389
-11.379175379970073
-10.45346215886272
-10.683057330090188
-12.125857965103094
-12.547976772354822
-10.9064
-10.849969352323791
-13.39293478652939
-8.748025111448577
-7.726586647597055
-7.920320795884441
-10.352163772014388
-11.076728979618094
-10.849969352323791
-11.168787496233731
-12.33869660394099
-11.727188386177412
-10.798452207263272
-10.60990413885318
-11.657978674073405
-9.798155220888795
-9.505814279720674
-10.195041444046982
-13.179786647597053
-11.727188386177412
-9.935993204648144
-10.60990413885318
-9.935993204648144
-9.971528287763533
-9.907927587233347
-9.48131118302015
-9.134187844398962
-9.701704365455074
-9.855497452528265
-11.260363545412497
-11.379175379970073
-7.676448021592752
-9.80272724103774
-9.408619008593606
-9.03596479039988
-8.880915979277662
-8.384249659791537
-9.230672944528443
-8.482246400351977
-12.858370589579465
-13.477661027800089
-13.57656935232379
-11.122674633928897
-12.033595160273547
-10.508571763176077
-11.772707628033931
-12.290793913718408
-9.351117121856976
-10.71914513996828
-12.05793038012388
-11.808282262268841
-12.229641095881753
-11.746444511558877
-12.436094920843928
-12.917206414566667
-12.866426137886487
-11.293572641622678
-12.451990470626516
-10.944611558884212
-11.871267297919715
-11.648572186717141
-11.808282262268841
-7.809356667443957
-8.249462229269309
-7.767189683298985
-8.977366834711383
-10.89249248524134
-8.722311613822589
-8.3994970345979
-12.33869660394099
-12.2697
-12.680094193088705
-12.029634786529389
-13.301666228225974
-11.559232450486286
-10.358114311219548
-8.089377865953933
-11.90546478266817
-13.023389455871152
-12.365923178573704
-9.953494193088705
-9.228928985484998
-9.798155220888795
-11.379175379970073
-8.173908671122124
-7.798219173750134
-10.02918096614638
-9.383224042632497
-8.785515696829721
-8.242181186881368
-8.779779298088268
-12.000747415107343
-12.686044732293865
-13.477661027800089
-12.607732351087758
-12.582097452528263
-12.420614988973146
-12.38719757504528
-11.236107803871857
-12.081151931589908
-10.78551952561894
-11.41651044177759
-13.023389455871152
-11.624195213710973
-11.52797203513727
-11.316794193088706
-11.208846400351979
-11.379175379970073
-7.027677842048563
-9.406264835841228
-10.798452207263272
-10.575066228225975
-9.912329642211846
-9.523304149511322
-10.656548222107233
-10.161298386880263
-9.606468799566041
-8.967207075403136
-8.487201020622267
-7.593918716672717
-10.296789455871153
-8.235638869848653
-10.798452207263272
-10.265891645616971
-11.161455220888794
-9.632398261419644
-7.858704068330939
-8.834418496085561
-10.066675294576829
-10.755633047949035
-9.460350634245922
-9.235935856223131
-10.296789455871153
-9.039748021592752
-9.767405640588677
-10.1697688270176
-9.761939578014754
-9.864089367999412
-9.406264835841228
-9.858515676569127
-9.398098173023756
-9.115204818470733
-9.188544676759946
-11.322744732293865
-10.542164782668172
-13.034057738501202
-12.186950634245921
-12.300069408909714
-12.300069408909714
-8.44867858030945
-8.062065642841116
-8.561306821666658
-8.200893913718406
-8.076806827533563
-7.337215029752404
-8.912712809464354
-9.365415973410759
-10.60990413885318
-12.161752207263273
-13.39293478652939
-12.982540593440683
-12.812211613822589
-12.480877842048564
-11.340963821085861
-10.9064
-9.733501195641763
-10.968781186881367
-10.798452207263272
-10.728715973410758
-12.029634786529389
-12.029634786529389
-11.619240593440683
-11.859305806911294
-10.936769408909713
-9.924606821666659
-12.029634786529389
-10.375849877185832
-10.190606414566668
-11.379175379970073
-7.908970793355036
-7.637288386177411
-9.206712937233487
-8.050657848868696
-9.164635358139233
-11.196638263363244
-10.972600910455718
-12.135219008593605
-11.151071657507885
-10.762093775610733
-11.312664115882958
-8.917839020423331
-11.859305806911294
-8.276023178573704
-9.777567062943453
-9.912329642211846
-6.377218435489247
-12.612995262782446
-10.592228985484999
-10.9064
-10.015875379970073
-8.904602084449104
-10.246154029018527
-10.48138596122269
-9.886395262782447
-11.24443235108776
-10.82365063424592
-10.968781186881367
-10.2085494139775
-9.886395262782447
-10.575066228225975
-10.592228985484999
-8.594353282614952
-10.147992800703957
-8.047682579266116
-8.944157738501202
-8.350128979618095
-10.070991768133984
-9.924606821666659
-10.181834792396293
-10.9064
-10.798452207263272
-10.849969352323791
-9.06296957305878
-11.161455220888794
-8.397783361427102
-11.670757738501202
-7.865628985484999
-9.158419304537281
-10.426269573058779
-7.226894193088706
-9.798155220888795
-9.686424196959196
-9.30303478652939
-7.226894193088706
-11.889675215821008
-12.623663545412496
-11.823411564751115
-9.329263803271253
-12.181824423286942
-10.930569627997155
-7.337215029752404
-9.52559901155944
-11.316794193088706
-9.762797034597899
-10.587151042224551
-9.376483093150656
-7.27626224806851
-9.891705376108854
-7.637288386177411
-7.661458014174567
-9.28362079588444
-9.077622312642621
-12.480877842048564
-13.09048838617741
-10.628123227645178
-12.2697
-12.029634786529389
-8.899588729625206
-11.52797203513727
-11.260363545412497
-11.105416883576487
-7.591721780322053
-12.623663545412496
-8.293698331941886
-11.316794193088706
-7.686656441157215
-9.573469408909714
-9.830926554663375
-10.009333062937358
-7.624173925172375
-11.413714338979124
-9.75048383618272
-12.982540593440683
-12.680094193088705
-9.383224042632497
-10.340666834711383
-10.307457738501203
-12.029634786529389
-11.727188386177412
-10.877512628577954
-12.982540593440683
-9.422944070274538
-9.891705376108854
-12.2697
-13.09048838617741
-13.193718435489247
-11.541662209613671
-9.62216042131468
-8.74494138746106
-9.605481186881368
-8.380914024674874
-8.827372369080384
-11.16335073771006
-8.96608890006195
-12.812211613822589
-7.93973478652939
-10.217729034556472
-10.02918096614638
-10.48138596122269
-10.364362424442975
-10.849969352323791
-12.240812628577952
-12.623663545412496
-10.375849877185832
-12.572146400351977
-11.002623178573705
-10.056724242400541
-8.79297368627999
-10.877512628577954
-7.226894193088706
-8.482246400351977
-8.047682579266116
-8.836209945764477
-8.933489455871152
-10.686407002553057
-12.029634786529389
-11.145282248707089
-8.646605598996082
-9.323107002553058
-9.54905053920516
-12.416206147118716
-12.41202172417339
-8.42581575267577
-9.35670885079567
-10.181834792396293
-10.64692079588444
-10.307457738501203
-8.753788300389637
-11.644027286284919
-11.599826602795735
-12.30633479718753
-8.126066731327171
-7.867372944528443
-9.710917443852175
-12.491151719151258
-10.265891645616971
-11.859305806911294
-10.728715973410758
-10.414544958895757
-9.983863601998419
-8.812522785204191
-8.74293021880051
-8.902880935219564
-7.848466228225974
-10.628123227645178
-10.739783093150654
-7.413226137886488
-9.28362079588444
-7.359011613822588
-5.863594193088706
-11.727188386177412
-9.762068117364795
-10.079134363405377
-11.260363545412497
-12.2697
-10.60990413885318
-13.222605806911293
-11.434291768133985
-7.1024345651657415
-11.97320413885318
-11.366162248068509
-11.293317350960928
-8.197834094674828
-12.891272035137268
-9.00058838617741
-7.170463545412497
-9.543099999999999
-11.751358014174567
-11.299293204648142
-12.213269352323792
-9.35670885079567
-8.315629493502634
-7.226894193088706
-7.20996831267508
-6.355082262268842
-7.795119304537282
-7.656544511558878
-7.226894193088706
-7.226894193088706
-9.561134094674827
-8.462832409707032
-10.439575159235085
-10.32938890006195
-10.526375215821009
-9.705586829643597
-7.575499569197561
-9.860536407770164
-10.774282579266117
-12.480877842048564
-8.923010002350397
-9.163075215821008
-11.002623178573705
-13.55025063424592
-13.729223178573704
-12.963126602795736
-9.990759191152316
-9.559305764862156
-10.733118028389258
-10.91836149100842
-9.719379518823256
-9.693633129129418
-8.610674876646463
-11.139110166499464
-11.90546478266817
-12.240812628577952
-11.41651044177759
-10.570852162983037
-9.963525531883485
-11.727188386177412
-8.784692800703956
-12.240812628577952
-12.240812628577952
-12.401817420733883
-8.241523692458243
-11.121396316770548
-10.077526062542637
-9.64036893745702
-6.971247194372355
-7.067018235721202
-10.015875379970073
-11.117577842048563
-10.542164782668172
-10.64692079588444
-10.66633478652939
-10.181834792396293
-9.573469408909714
-12.2697
-7.226894193088706
-8.910674688115513
-7.712975159235086
-9.406264835841228
-8.683637677978384
-7.455234792396293
-10.82365063424592
-12.161752207263273
-11.562809945764474
-12.137582579266116
-10.733118028389258
-11.02751883200479
-10.930569627997155
-10.858098637933006
-11.034828476294484
-11.590353222018637
-12.332081186881368
-8.131771545827755
-9.392333047949034
-9.729431944797781
-8.418239245568442
-8.676060133781924
-9.947602864210829
-9.228928985484998
-11.751358014174567
-11.495070589579464
-11.649610002350398
-11.830418435489246
-9.615432239057654
-10.009333062937358
-11.2182959076722
-8.921733746218656
-10.335001014755363
-9.923480134995208
-9.098206320795832
-9.089886647597055
-10.388058014174566
-10.227053222018636
-10.070991768133984
-10.217729034556472
-9.745879493191284
-10.542164782668172
-9.83575983592982
-10.728715973410758
-10.48138596122269
-10.64692079588444
-10.728715973410758
-10.9064
-10.496005806911294
-10.48138596122269
-10.276012809464353
-9.930272641622677
-7.908034708310751
-9.408619008593606
-10.968781186881367
-9.605481186881368
-10.426269573058779
-10.453186647597056
-8.783871046696708
-11.161455220888794
-13.39293478652939
-8.152730670117434
-7.159795262782446
-8.207061403519878
-8.670609474644902
-9.380743440893466
-10.13257123022504
-10.244215979277662
-11.17995902892993
-11.113363776805626
-11.1260970345979
-7.661458014174567
-7.580857738501202
-11.727188386177412
-11.609454029018526
-10.394257795087125
-12.029634786529389
-11.508012605792135
-11.042601984025884
-11.191345411911419
-12.493703043884375
-11.337274876646463
-9.619123274156347
-9.519878448533971
-12.440028979618095
-10.510995814329478
-10.662400727755221
-10.390530141637402
-10.123034266970922
-9.402517521641128
-7.888711241886937
-12.891272035137268
-10.98546042131468
-10.31504158541023
-11.38845780004009
-10.798452207263272
-10.003248509037203
-12.858370589579465
-11.448911613822588
-12.029634786529389
-10.66633478652939
-12.742475379970074
-11.681621780322052
-12.742475379970074
-13.500882579266117
-10.526375215821009
-10.542164782668172
-9.821376772354823
-9.186920330975193
-10.558386993792661
-7.980583648959858
-7.699669573058779
-7.31860697324653
-10.210373987585326
-12.982540593440683
-9.468385024848772
-9.432690358946388
-9.46526199167105
-10.093809114613302
-10.38070296720342
-9.783757583372127
-10.936769408909713
-10.056724242400541
-8.462832409707032
-7.521498443466186
-9.918994706973244
-10.75106102780009
-10.181834792396293
-9.152267834478424
-7.500453222018637
-8.566972641622678
-7.963904414526547
-9.608779655953818
-10.728715973410758
-10.056724242400541
-8.316001984025885
-11.511292800703956
-8.87036863907826
-10.413256441157214
-12.680094193088705
-11.420024242400542
-11.434291768133985
-8.759734266970923
-7.558672186717141
-9.93945226220165
-7.9015232276451774
-8.276023178573704
-13.663369408909714
-12.506812221477963
-13.525052207263272
-12.029634786529389
-12.029634786529389
-12.092015973410756
-12.749090797029694
-12.917206414566667
-13.39293478652939
-10.728715973410758
-12.858370589579465
-11.859305806911294
-11.382815901164044
-11.448911613822588
-11.727188386177412
-11.52797203513727
-11.52797203513727
-12.218676455357548
-12.22688084068576
-12.716728990276236
-12.668369578925683
-11.78956957305878
-11.004895689784329
-10.49467513760237
-11.586605907818539
-10.025960249226188
-11.231989013924792
-10.099085426642214
-10.64692079588444
-10.542164782668172
-9.449540933648107
-8.907630600858868
-10.181834792396293
-11.316794193088706
-10.909973928721843
-11.859305806911294
-11.727188386177412
-8.47733289773629
-7.309347595993743
-10.230446203608993
-11.409544788879787
-9.61209660394099
-8.733518390047902
-8.716420284944713
-9.957653282614952
-10.66633478652939
-10.936769408909713
-10.439575159235085
-12.680094193088705
-11.859305806911294
-10.181834792396293
-10.66633478652939
-8.641496077769766
-9.725390470626516
-10.173191227686605
-10.131770589579466
-11.122674633928897
-9.30303478652939
-7.401978810059009
-9.354551931589908
-11.681621780322052
-10.655384631165056
-9.660597575045278
-9.149215901601368
-10.341806534133903
-10.774282579266117
-10.558386993792661
-11.038517420733882
-6.804775385836977
-10.593623741529717
-9.633362887647275
-8.350128979618095
-8.533763545412496
-8.678804396711937
-9.167768030353148
-12.137582579266116
-6.9560649864437405
-9.863580495026808
-9.641766162098794
-10.415836286926032
-7.342229597743818
-9.830926554663375
-9.48666935232379
-9.395093303145027
-12.401817420733883
-9.540147008007354
-8.487201020622267
-8.533763545412496
-10.064528801589518
-10.94303479718753
-8.920936187035176
-7.677714489812925
-8.58430286421083
-9.468124141977322
-11.117577842048563
-11.716625840429003
-11.950327719234396
-12.281661491008421
-10.87273894735084
-11.357854548169101
-10.302419695546089
-11.885019304537282
-11.889675215821008
-11.666467330834438
-12.428304365455071
-11.798851993128793
-11.33239176717609
-8.827306414566667
-9.675217420733883
-9.323107002553058
-9.754277842048563
-13.803328979618096
-10.849969352323791
-11.161455220888794
-7.027677842048563
-8.699802117363827
-7.8367416140629516
-6.8939386709270325
-9.006538925382571
-10.64692079588444
-10.217729034556472
-10.181834792396293
-11.161455220888794
-8.737301621240773
-11.117577842048563
-9.84063289773629
-9.754277842048563
-9.639323178573704
-10.093059179532446
-11.34716360199842
-9.387761027800089
-9.750063776805627
-11.859305806911294
-9.534284844601622
-11.177655806911293
-7.472909945764476
-8.99940542141389
-8.150912628577952
-6.883504206097244
-6.637501713898461
-6.916917342515244
-7.627890194132039
-8.809891227686604
-10.112873017342467
-11.585987408041587
-8.955021780322053
-8.487201020622267
-7.8060406040988255
-7.702306876605035
-9.132705806911295
-9.991390063526527
-9.678185214753237
-10.924434094674828
-11.874295814329479
-10.542164782668172
-10.849969352323791
-10.542164782668172
-10.558386993792661
-9.656998331941887
-12.029634786529389
-12.029634786529389
-10.173191227686605
-10.877512628577954
-12.2697
-11.379175379970073
-8.564699803257016
-9.48666935232379
-10.798452207263272
-8.994697057299534
-8.888706534666516
-7.226894193088706
-10.707183648959857
-10.093059179532446
-9.798155220888795
-12.092015973410756
-12.401817420733883
-11.24443235108776
-11.52797203513727
-11.379175379970073
-11.117577842048563
-10.04971737166241
-10.255940593440684
-10.164672035137269
-9.881132351087759
-9.392333047949034
-11.456359179532447
-10.453186647597056
-11.002623178573705
-10.363888386177411
-10.9064
-10.592228985484999
-9.369818028389258
-10.146350431642016
-10.94303479718753
-9.862056495042053
-10.779038216618325
-10.482831807282297
-9.536037407303596
-10.08857940784194
-8.185750539205161
-8.497236407770163
-8.700515029752404
-10.622598394394712
-10.050414338979126
-7.344391768133985
-9.44259977297313
-10.099843038603783
-10.100601621240774
-8.889687601448037
-10.236526602795736
-12.572146400351977
-10.9064
-11.97320413885318
-10.968781186881367
-7.68408778781304
-10.147992800703957
-11.859305806911294
-7.376588096468573
-10.439575159235085
-9.223727719234397
-9.310982203402054
-8.068899215270626
-11.208846400351979
-12.029634786529389
-9.671528476294485
-9.261134283205779
-9.150739901586123
-7.886181780810361
-8.898591132645844
-11.727188386177412
-12.524755220888794
-11.17995902892993
-12.365923178573704
-11.5718494139775
-10.735553182444196
-11.991423227645177
-11.117577842048563
-10.139826137886487
-11.161455220888794
-10.307457738501203
-7.687944958895757
-10.085611613822588
-12.2697
-12.2697
-7.7708878443989615
-11.020298331941886
-7.32311737166241
-9.27184001041383
-8.999180925064671
-13.222605806911293
-10.106705527540996
-12.819659179532445
-8.680181312837574
-11.282294706973245
-10.307457738501203
-11.260363545412497
-9.639323178573704
-12.401817420733883
-8.533763545412496
-9.675217420733883
-9.983863601998419
-11.366162248068509
-10.199509945764476
-10.774282579266117
-10.352163772014388
-10.707183648959857
-10.968781186881367
-10.015875379970073
-7.128897452528265
-9.323107002553058
-9.128281823684532
-9.09960437024631
-9.548751587587004
-10.066675294576829
-9.975201972768977
-9.712640073882218
-9.632742590401246
-10.018512683516331
-9.625893772944409
-12.480877842048564
-9.338885153217728
-10.413256441157214
-8.47831234157781
-9.48666935232379
-9.686424196959196
-10.575066228225975
-10.307457738501203
-9.241245969549539
-10.181834792396293
-10.352163772014388
-8.622901743657877
-9.180467148104057
-10.592228985484999
-9.780654232448233
-11.234044827334627
-9.930272641622677
-9.592468054979804
-9.465521616172987
-11.727188386177412
-12.2697
-12.2697
-10.274992871800967
-11.955528985484998
-11.002623178573705
-10.352163772014388
-10.798452207263272
-11.161455220888794
-10.439575159235085
-11.316794193088706
-10.286310002350397
-13.078763772014389
-9.811978580309448
-10.10824138746106
-8.408140599307588
-7.2704983702011745
-8.566972641622678
-8.789647420974246
-7.802899622370616
-9.570361403519879
-7.869122055600178
-7.099532409707031
-10.375849877185832
-7.625447690518639
-7.697174969151878
-10.939893815459321
-10.217729034556472
-9.897063545412497
-9.754277842048563
-10.686407002553057
-9.754277842048563
-11.536491227686605
-9.798155220888795
-8.768470589579465
-9.798155220888795
-9.754277842048563
-10.217729034556472
-9.845546400351978
-11.952056402702375
-10.276012809464353
-10.774282579266117
-9.543099999999999
-10.707183648959857
-11.727188386177412
-9.038484256615233
-12.2697
-11.448911613822588
-8.687812127707128
-11.170634841467766
-9.477324139891643
-10.231770965443529
-7.662692787650631
-7.723839201055936
-13.39293478652939
-8.176847008007353
-8.290120836663698
-11.013164827973204
-11.802875159235086
-10.774282579266117
-7.13647205904264
-12.010220795884441
-10.968781186881367
-7.573369805508362
-8.150912628577952
-7.504224404622927
-8.912712809464354
-7.96782339754279
-9.991055133785919
-9.012549877185833
-11.117577842048563
-9.754277842048563
-10.009333062937358
-10.190606414566668
-10.453186647597056
-11.859305806911294
-8.80137203513727
-10.439575159235085
-10.64692079588444
-11.859305806911294
-11.117577842048563
-10.217729034556472
-9.971528287763533
-9.713428979618095
-9.82613240970703
-10.849969352323791
-10.147992800703957
-10.510995814329478
-8.123100289075726
-7.89252581161209
-7.9338434576515136
-10.363888386177411
-8.119881031481675
-9.253824638916084
-7.787134787605044
-9.811978580309448
-10.592228985484999
-10.255940593440684
-10.496005806911294
-11.950327719234396
-12.618305376108855
-10.467118435489247
-11.117577842048563
-10.592228985484999
-11.649610002350398
-12.325538869848652
-10.708665686447524
-11.06849743557025
-11.609454029018526
-10.413256441157214
-10.17663352614569
-11.715463772014388
-10.542164782668172
-10.45733187106709
-12.401817420733883
-10.373438168485963
-11.002623178573705
-10.877512628577954
-10.82365063424592
-9.639323178573704
-13.078763772014389
-7.091941617693081
-6.803905328858689
-7.60952984954379
-10.570852162983037
-10.64692079588444
-12.2697
-12.2697
-7.665542577466569
-8.212667613743436
-8.907630600858868
-9.032205579884426
-9.383224042632497
-8.170984844601623
-10.188841663134426
-7.226894193088706
-12.010220795884441
-7.779106033552298
-11.065004365455072
-10.565039786880815
-10.526375215821009
-9.816988050148279
-7.645635988038058
-7.666412634444857
-9.709494920843927
-7.215169578925683
-9.473363766147484
-11.057314988973147
-10.475637628038584
-12.186950634245921
-9.602200991969546
-11.038517420733882
-11.52797203513727
-10.131770589579466
-10.413256441157214
-9.58606719623642
-10.515567834478423
-11.41301737166241
-9.440853609638678
-9.4834486354036
-11.448911613822588
-9.996461389325127
-10.255940593440684
-10.038676050901456
-10.267902084449107
-9.983240694347929
-11.002623178573705
-6.787612628577953
-9.246604138853183
-6.787612628577953
-10.936769408909713
-7.570189455871152
-9.403919986569713
-9.897063545412497
-9.897063545412497
-10.185327862511473
-10.219582161788145
-10.880338761233505
-9.413355623193087
-10.656548222107233
-11.739149877185833
-7.8569854207753105
-8.67949245450835
-9.743383043952951
-9.402984640929404
-9.04610762803393
-10.217729034556472
-8.362090470626516
-7.040503043884376
-8.882854029018526
-10.707183648959857
-10.64692079588444
-10.774282579266117
-11.727188386177412
-10.276012809464353
-10.32938890006195
-11.076728979618094
-10.056724242400541
-9.947602864210829
-10.849969352323791
-9.758522115902297
-8.42851313167915
-9.188544676759946
-11.991423227645177
-9.924606821666659
-9.845546400351978
-12.010220795884441
-8.013630109908151
-9.860536407770164
-9.97766382108586
-9.44259977297313
-7.792497116496624
-9.149215901601368
-8.911692871800968
-8.007845052479738
-10.66633478652939
-8.323501434096634
-11.727188386177412
-8.477822417125216
-6.978986829643597
-11.670757738501202
-11.543395955119527
-12.029634786529389
-12.78332424240054
-11.161455220888794
-11.52797203513727
-10.936769408909713
-10.879206688867233
-10.841950173295148
-11.660089455871152
-10.813442214681459
-10.196824799814479
-9.551057418201513
-8.822027862511472
-9.90519283102171
-9.663130127437205
-10.164672035137269
-11.589414167631178
-11.180429115232656
-10.100601621240774
-10.936769408909713
-10.575066228225975
-10.255940593440684
-10.02918096614638
-11.52797203513727
-9.881132351087759
-11.379175379970073
-11.727188386177412
-11.208846400351979
-10.413256441157214
-9.301064489645618
-11.39248096614638
-12.240812628577952
-10.66633478652939
-9.374253057869572
-9.329263803271253
-11.44155656685144
-9.395323906328926
-10.35100397993505
-12.029634786529389
-9.004151528328553
-10.9064
-12.2697
-12.029634786529389
-10.877512628577954
-9.863580495026808
-10.391770086943318
-9.360611217910293
-8.893628206125356
-8.97396084065595
-10.078256566851442
-9.034709066350853
-10.798452207263272
-10.66633478652939
-12.2697
-11.859305806911294
-10.798452207263272
-11.038517420733882
-11.624216119528826
-11.076728979618094
-11.316794193088706
-11.002623178573705
-10.968781186881367
-12.716728990276236
-11.952056402702375
-10.880055540148373
-11.396531656978224
-11.18562484888595
-10.921390007418184
-10.854020043155634
-12.094212909761422
-10.794518148489106
-12.749090797029694
-12.55273240970703
-11.975001025413505
-11.991423227645177
-10.707183648959857
-9.335485300102578
-10.112098558543778
-11.859305806911294
-10.576277014509262
-11.97320413885318
-9.387761027800089
-8.242181186881368
-10.375849877185832
-11.117577842048563
-8.358076396490759
-8.685025893543262
-7.702306876605035
-10.276012809464353
-9.850501020622268
-10.00093471408008
-8.784692800703956
-10.015875379970073
-10.707183648959857
-11.316794193088706
-10.363888386177411
-10.968781186881367
-11.038517420733882
-11.117577842048563
-11.117577842048563
-9.410982579266117
-9.410982579266117
-11.763823183364941
-10.497487844398961
-9.193444624730722
-7.504035273917859
-9.897063545412497
-10.100601621240774
-11.703966834711384
-10.628123227645178
-10.628123227645178
-11.379175379970073
-10.526375215821009
-10.173191227686605
-13.055988900061951
-11.390465965901406
-12.06837286716211
-11.004017934618423
-9.971528287763533
-10.307457738501203
-10.237004274194923
-10.692563803271254
-11.54079723697308
-9.210077001210848
-11.038517420733882
-11.260363545412497
-10.575066228225975
-11.208846400351979
-10.276012809464353
-10.227053222018636
-10.936769408909713
-10.035947595993743
-10.388058014174566
-9.215159209816331
-10.75106102780009
-12.029634786529389
-10.628123227645178
-12.070483648959858
-11.117577842048563
-11.463901621240772
-11.58102903455647
-10.4477044448443
-11.639312809464354
-11.260363545412497
-10.340666834711383
-10.227053222018636
-6.89117841573104
-8.578469578925683
-9.549349641847126
-10.470227924774845
-10.1966462223234
-10.091562153027748
-11.727188386177412
-10.496005806911294
-10.686407002553057
-10.190606414566668
-9.331330380123882
-10.526375215821009
-10.877512628577954
-10.75106102780009
-10.628123227645178
-10.707183648959857
-9.380968521172619
-8.80137203513727
-8.944157738501202
-8.392247932633241
-12.029634786529389
-11.859305806911294
-11.619240593440683
-12.972754029018526
-9.385488189434428
-10.307457738501203
-8.507959897977965
-9.365415973410759
-8.887727090824995
-7.645635988038058
-7.539291645616971
-11.727188386177412
-11.985898394394713
-11.678341585410232
-12.151965642841114
-12.908434792396292
-10.496005806911294
-11.52797203513727
-12.686044732293865
-12.680094193088705
-11.52797203513727
-11.619240593440683
-11.727188386177412
-10.32938890006195
-8.230456572718346
-8.173030006107268
-9.228928985484998
-12.100853057869571
-10.558386993792661
-11.316794193088706
-10.66633478652939
-11.379175379970073
-9.845546400351978
-8.827306414566667
-11.859305806911294
-12.416807428152067
-13.002612809464352
-11.859305806911294
-10.767219986569714
-11.105024573212585
-10.369838925382572
-11.619240593440683
-12.029634786529389
-11.727188386177412
-11.002623178573705
-8.050769395030201
-10.115981022732303
-10.056724242400541
-10.510995814329478
-9.48131118302015
-10.199509945764476
-10.276012809464353
-9.167768030353148
-8.869419041974657
-10.774282579266117
-12.2697
-11.065004365455072
-11.859305806911294
-11.199059835929821
-9.415738216618324
-8.819493334122908
-8.403803043884377
-9.076275159235085
-12.092015973410756
-6.976266433869687
-7.413226137886488
-9.845546400351978
-9.076275159235085
-9.246604138853183
-10.227053222018636
-10.877512628577954
-10.48138596122269
-12.2697
-11.727188386177412
-12.029634786529389
-11.619240593440683
-10.728715973410758
-10.628123227645178
-13.284986993792662
-11.923333931341881
-12.156838704647582
-11.812370243990163
-13.139856441157216
-12.39081883200479
-11.362313434945225
-11.215794536536501
-11.859305806911294
-10.707183648959857
-11.52797203513727
-11.727188386177412
-11.038517420733882
-10.575066228225975
-8.260554481603961
-9.84063289773629
-10.235572414567974
-10.033231656978224
-8.194790007418185
-11.316794193088706
-10.707183648959857
-9.134187844398962
-7.955737751709076
-8.412510166499462
-11.169710448356996
-8.585686300692373
-11.359761389325124
-12.137582579266116
-11.619240593440683
-10.15627368627999
-9.725390470626516
-11.260363545412497
-10.286310002350397
-10.246154029018527
-8.060127593100251
-10.265891645616971
-10.2085494139775
-8.859072773398154
-9.322087064889674
-10.00286224806851
-9.573469408909714
-10.236526602795736
-8.74494138746106
-9.30303478652939
-9.352402841509193
-10.388058014174566
-8.444034841467765
-10.164672035137269
-8.820278751439737
-10.75106102780009
-8.390977842048564
-10.66633478652939
-11.161455220888794
-9.365415973410759
-10.82365063424592
-9.971528287763533
-10.340666834711383
-10.286310002350397
-12.315858975756877
-10.724346406218881
-11.4871231727068
-9.34600198276581
-11.02751883200479
-11.260363545412497
-10.999150595791082
-10.633700100907244
-11.78956957305878
-12.161752207263273
-12.2697
-9.522731821127289
-11.727188386177412
-11.427115029752404
-10.487190651512917
-11.002623178573705
-7.8836630801598275
-11.681621780322052
-8.774663632849936
-9.574405000888191
-8.689210177157605
-10.660443457651514
-10.662400727755221
-8.555694706973243
-9.01594285877619
-9.632398261419644
-7.149315809261692
-10.26488898040329
-9.531375385836979
-10.063815029752403
-11.50312613788649
-9.427797160292126
-11.895940604098824
-8.289407924275121
-9.497533394144641
-8.62056360199842
-8.059644070274539
-10.283769676820409
-11.194226554663373
-10.978732239057653
-11.5718494139775
-9.478650173295147
-11.076728979618094
-7.6407324108013075
-11.921686993792662
-7.002831944797782
-7.630576929401458
-7.830235843415184
-10.621865629861603
-10.206548855987839
-7.361753332422914
-12.2697
-11.316794193088706
-7.8569854207753105
-11.816486647597054
-9.543099999999999
-11.622208387460036
-8.995870642752521
-9.870744827334626
-9.678929493502633
-8.196005764862155
-9.750063776805627
-7.350196458424212
-7.559710002350398
-8.87418233127958
-10.510995814329478
-9.971528287763533
-9.410982579266117
-9.103818435489247
-9.573469408909714
-10.10824138746106
-10.453186647597056
-9.713428979618095
-9.97766382108586
-10.60990413885318
-11.52797203513727
-11.52797203513727
-9.996461389325127
-11.448911613822588
-10.82365063424592
-12.2697
-10.10824138746106
-10.307457738501203
-10.296789455871153
-11.038517420733882
-10.32938890006195
-9.886395262782447
-10.75106102780009
-9.605481186881368
-10.426269573058779
-10.078256566851442
-8.836209945764477
-10.839301069693741
-10.728715973410758
-11.479281022732302
-12.680094193088705
-12.213269352323792
-12.029634786529389
-9.525311666896105
-9.110481372406609
-8.470038263363243
-8.694129511890939
-9.163075215821008
-9.685670442984476
-10.496005806911294
-9.656998331941887
-12.365923178573704
-10.526580298498825
-6.975104365455072
-8.326907428152067
-7.623940698481697
-7.737705728692655
-7.455496059003686
-10.014561120457776
-8.736164111443854
-10.423643964910347
-8.611555581871947
-10.774282579266117
-10.276012809464353
-9.830926554663375
-10.022490797029695
-10.147992800703957
-10.849969352323791
-8.029033047949033
-8.323124196959197
-7.5195540290185265
-8.11270106969374
-8.079299772973132
-9.781539245568442
-7.964315719626226
-10.372235988038058
-10.684368881204218
-12.742475379970074
-7.036197034597899
-9.11090922284111
-7.862156402702376
-9.983863601998419
-9.365415973410759
-12.186950634245921
-12.300069408909714
-13.139856441157216
-10.968781186881367
-9.771440599307587
-11.038517420733882
-12.004518597711632
-9.673480753819113
-10.515567834478423
-8.421405161955706
-11.859305806911294
-11.84468596122269
-10.869114279720673
-11.727188386177412
