-12.08434299657577
-11.154064987211996
-11.290349610568764
-12.018393249076736
-9.764730903416071
-10.443732831999162
-9.012549877185833
-8.340342415195938
-12.397656264210932
-11.50008386105447
-11.398647970921134
-11.727188386177412
-10.60990413885318
-11.954361046161285
-11.859305806911294
-9.845546400351978
-12.03021747221542
-11.13951653146868
-12.299241883858032
-11.903784048094192
-10.426269573058779
-12.690592530105405
-7.106255135089045
-7.907286904400569
-8.155156902431687
-8.458076772354822
-11.737000290061944
-11.208846400351979
-12.572146400351977
-12.96809690772966
-12.95426640146205
-12.30923021065734
-11.837896227254173
-13.336504138853181
-7.029105419551392
-7.586163121752722
-10.707183648959857
-9.8722034161624
-9.68223838617741
-11.644461405907375
-11.53680228879917
-12.572146400351977
-9.387761027800089
-11.696390320333816
-8.80107669222037
-9.754277842048563
-10.96551002836501
-7.071555220888794
-12.300069408909714
-13.20798596122269
-7.2966896372685035
-7.560926166037479
-7.86608869460118
-10.716991359247736
-12.189271988996799
-11.62919164561697
-8.346194920843928
-7.851859209816332
-12.365923178573704
-7.248390524247782
-12.906320175916294
-11.607187358388597
-7.365289300230479
-7.283552438637919
-9.390042624716735
-9.717389353362252
-8.395222115902298
-12.680094193088705
-8.819166990862934
-6.657103673905393
-6.732255489426905
-6.992380950200208
-7.577999795933354
-12.233160162094766
-7.155722296046739
-11.681621780322052
-13.500882579266117
-10.03512738654955
-8.636195785695499
-8.882854029018526
-10.465111398421369
-11.18310838664902
-10.060779604908166
-9.193772734280364
-7.576927443893586
-9.590689631760647
-9.367282849174684
-12.576862132947051
-11.720172046345546
-12.21668207804863
-8.818534792396292
-12.420614988973146
-11.739149877185833
-13.260931076691486
-7.810783542683922
-10.174999948824372
-7.575228783696508
-10.677906537911007
-13.152869573058778
-11.390304121210628
-7.531317468957305
-10.539795613843303
-10.39272010790565
-13.729223178573704
-8.510197464832785
-10.395078979618095
-11.336374010796376
-7.584096071098339
-11.524598386880262
-10.73822324171704
-11.861035263413438
-14.08447818744559
-10.697525379970074
-10.764342825916525
-7.491684827397239
-9.048477161015066
-8.521293478631911
-12.424070334042158
-12.383020756783043
-11.469714592961186
-12.735897316172405
-10.95992426201691
-10.726289428401962
-11.925272020219651
-11.294010890161026
-10.385061930945549
-11.138856877104214
-11.42953998319527
-11.156811301574454
-12.303695695252358
-11.777470682634773
-11.59263466310888
-10.755544113279099
-10.08984523896512
-9.26447651259451
-9.79751391497632
-12.623663545412496
-8.31618036889385
-8.590194193088706
-12.240812628577952
-8.905487036538073
-12.721930681403338
-9.452423811598102
-10.635144193088706
-9.897063545412497
-7.539804119550989
-11.599826602795735
-9.074327371004177
-8.169325736508748
-11.316794193088706
-13.455315973410757
-10.388058014174566
-6.9780770189493
-10.27341936021698
-8.938746548917777
-9.798155220888795
-14.42023892102428
-12.607941080894072
-9.264823227645177
-12.854244320291334
-9.442457504568187
-9.733290067497602
-11.862644016655887
-10.402270511405593
-7.302580966146381
-7.740518435489247
-6.485053030885771
-7.12556370478791
-9.713428979618095
-10.149940795412778
-10.2421241046456
-9.400284090337015
-13.57656935232379
-11.523356200775542
-7.921295840432009
-9.165727612885465
-8.665291315046783
-13.030652182727536
-12.332081186881368
-6.72968745092329
-11.486565832713744
-6.958640095741157
-7.708533445803807
-9.327004611420556
-10.844362607820813
-11.076728979618094
-11.434291768133985
-11.840611195902408
-8.084925459020162
-11.53516356692477
-10.549831721855135
-9.986003438302518
-9.06296957305878
-7.483244293671142
-7.1189464003519785
-10.236834813998577
-9.56165369247375
-8.24879660394099
-9.639323178573704
-11.75763259278835
-9.089886647597055
-7.861631431166578
-8.690611535603951
-10.570986207283987
-10.851033887973207
-11.19163544872896
-9.79679047114774
-7.807617365795506
-8.819779428209182
-9.52347199141845
-10.144247603922036
-10.048286745588488
-10.635025802031903
-10.196534676161896
-12.122090221895919
-9.930272641622677
-11.991423227645178
-8.363300018886159
-8.436217298779258
-10.269055101811617
-10.974314746751316
-10.75529523824671
-10.979195616776753
-11.20274233185761
-10.737703717009484
-12.972754029018526
-7.743344568144799
-9.286876586829058
-7.779091522884187
-13.20798596122269
-12.24053046149001
-12.527394496916392
-13.413007002553059
-9.178864782668171
-9.750063776805627
-7.631104166109881
-8.359409287829763
-12.623663545412496
-10.707183648959857
-11.68893630224125
-6.435696683602089
-6.848429551227938
-11.399247595993742
-13.500882579266117
-13.55025063424592
-10.467118435489247
-12.010221496637547
-9.84063289773629
-6.165084180571009
-11.448911613822588
-12.202362136314774
-7.981902132162497
-11.68478558159731
-10.858784688157897
-12.106733752961292
-10.945085597149776
-10.989009891257346
-8.057232361574668
-11.997026615757834
-8.555042017128734
-10.592228985484999
-7.877945969549539
-10.849969352323791
-11.613583413708229
-7.883304138853182
-7.708997854340059
-7.147735748931084
-11.208846400351979
-10.05226871963143
-8.62056360199842
-10.16618629334215
-9.881132351087759
-11.702575321300282
-10.980044816348975
-10.633491011421015
-11.006120394746887
-11.487175806155882
-7.941934996604631
-9.877011228952236
-10.231679364189171
-9.72518504640511
-10.579792005015378
-10.60990413885318
-7.739110411835939
-10.906104111086222
-10.041036501573856
-10.82365063424592
-8.75580542928191
-8.388024850055917
-7.7246620971817
-13.063232726079182
-11.098221066369362
-9.845546400351978
-11.430616418823988
-9.702648727994417
-7.5233392977727735
-7.778340132668022
-7.727834389281429
-10.55747470698875
-6.5577336698496
-10.076861119602308
-13.39293478652939
-6.633125004650797
-10.848110942578286
-7.337215029752404
-9.675217420733883
-8.428062714261324
-6.763307684920928
-7.6085138014339
-7.487623992484504
-7.630400158249785
-10.672987579617542
-8.370691593600824
-12.300069408909714
-11.434291768133985
-9.034156798294198
-7.627890194132039
-9.614810876734866
-8.68641737166241
-7.299166907598638
-10.280178042427451
-10.899090077155698
-7.553510221437841
-10.592228985484999
-12.76817247357796
-11.97320413885318
-10.66633478652939
-10.229524891154275
-10.581911315464176
-9.817331076513874
-10.807850991382905
-7.237257142793789
-9.18076515901301
-10.259573575614887
-8.711859496451591
-10.518564120920495
-9.713428979618095
-10.055551817764785
-9.696800510311133
-7.8942734433907304
-8.268754132571143
-8.823269477463434
-10.936055190502849
-11.3539655320336
-10.713773801734463
-7.63380342965594
-11.372633062937359
-10.623078326053786
-12.700844328364715
-10.686759217744623
-7.226894193088706
-8.051055458522567
-10.512752714640953
-11.44706714160289
-12.089186930945548
-12.006851483601709
-8.390977842048564
-12.742475379970074
-10.75106102780009
-7.382560562108678
-10.496746825655128
-7.532944986359597
-11.076728979618094
-8.950184942815191
-8.59515506822492
-11.429055130996309
-11.399271063973746
-9.443372587943001
-10.777618048704252
-11.472688138437247
-10.707183648959857
-10.826230480014736
-8.763134044982895
-9.543099999999999
-9.447617376453646
-8.878991100187903
-10.143644979217306
-10.007304725523923
-10.811635897829357
-10.184544636677547
-10.627603307226181
-9.884603189854323
-10.545914296835566
-7.117666345526492
-12.78849097588018
-9.632398261419644
-9.582892530897498
-8.512615809261693
-10.293613280978114
-9.664218832004789
-9.138656346116454
-8.511912825044709
-9.860536407770164
-11.524137275766398
-6.061391269776405
-9.253824638916084
-9.087139201055935
-8.85155207475566
-8.97282984954379
-9.166199622370616
-12.029634786529389
-10.912585498936947
-8.323124196959197
-10.242529527502716
-9.845546400351978
-10.303167330834437
-10.496005806911294
-10.254957078747141
-8.35329515650651
-9.747549659791538
-8.414267062943452
-11.495070589579464
-10.491598229212105
-12.039616743022544
-10.408130230198237
-10.900508671122124
-10.018512683516331
-10.711427922813591
-10.774282579266117
-11.511292800703956
-9.34750293126368
-12.322156829957159
-11.440096458424211
-9.807334841467766
-8.525213596588399
-9.961841794949352
-12.871312605792136
-7.740518435489247
-5.8758230234137265
-8.538085270200632
-10.340666834711383
-8.339954297406111
-7.367152840146575
-8.462832409707032
-9.54905053920516
-7.578708648420489
-12.771742514092718
-10.992265940693219
-7.809198337808791
-8.11270106969374
-7.955737751709076
-11.004204209185398
-11.463901621240772
-7.452455098712267
-12.23520051388454
-12.456031944797783
-12.062085300102579
-9.279813235063363
-8.139741095881753
-9.153799720629701
-7.267320296724219
-12.22758709327091
-11.681304265365386
-9.656998331941887
-8.295611751529687
-9.855497452528265
-9.986361806832141
-9.29519263655489
-10.431555980206442
-11.016720836663698
-8.814197867879681
-11.038517420733882
-7.591721780322053
-9.635158516615636
-8.395883054944978
-11.669057191097556
-6.914816546696147
-10.085611613822588
-9.387761027800089
-11.619240593440683
-8.168075385836978
-8.390977842048564
-7.4301742417562
-6.902365940693219
-11.199059835929821
-8.481860809515688
-8.38988600520261
-8.851381833753253
-11.615313040855431
-9.218571747604514
-9.941769578925683
-7.315779523885651
-8.902591645616969
-9.567269627997156
-9.383224042632497
-8.801300638330133
-9.450142214681458
-9.52559901155944
-8.77087576689046
-9.543099999999999
-11.292435131825757
-7.36946463607318
-10.02918096614638
-9.147392264634453
-10.415577795908094
-8.574996996143062
-8.504363777881293
-10.276012809464353
-10.363888386177411
-11.1260970345979
-8.208158567414804
-9.228928985484998
-9.264823227645177
-11.504750483671241
-8.963623290434949
-9.05253628692603
-7.6689055798844254
-11.31250260306686
-8.014234364463364
-8.933489455871152
-11.708538854860327
-12.213269352323792
-9.243026643574993
-8.024461027800088
-11.134740599307587
-10.100601621240774
-11.776556441157215
-11.660089455871152
-11.08467639649076
-6.828276602795736
-11.809698099837139
-11.721599574990067
-9.798155220888795
-9.253824638916084
-7.630328743714021
-10.90266794806378
-10.860833394144642
-11.479281022732302
-12.070483648959858
-11.751358014174567
-6.127110408969682
-8.1798
-7.303928119553915
-8.984238172962446
-7.244806223302287
-6.7820005138845385
-8.79297368627999
-9.70792858747755
-6.505822055600178
-7.277550765807052
-10.342423735022859
-9.460350634245922
-8.805854197948062
-7.605027366498359
-5.8624112283251835
-12.096039074828532
-12.416807428152067
-12.029634786529389
-9.0844044448443
-10.318321780322053
-7.529011846229121
-11.448911613822588
-10.393012634444856
-13.57656935232379
-7.529340593440684
-7.265295245867055
-8.707691768133984
-8.225319241856518
-8.805026587540715
-11.406092454508348
-9.953494193088705
-8.53268802528536
-9.185300429370505
-9.729221044784612
-8.581962649040863
-12.513090761712954
-10.812612811115521
-12.376965226957697
-12.089428597026298
-7.60278890006195
-10.774453145610089
-8.5136554472236
-10.746524042632496
-10.413256441157214
-9.323459217744624
-12.40926498644374
-9.690207428152068
-8.788918412490276
-9.268757092394775
-11.679511500047056
-10.461757690331062
-7.483141818888195
-12.757357135645888
-11.260363545412497
-12.273451373533632
-10.326905417699267
-13.433783648959858
-8.423681236285613
-9.008848839371812
-13.002612809464352
-10.008033229995576
-10.08617542391799
-7.291912683516331
-8.850740090117073
-4.58959245450835
-12.397173346760827
-11.679511500047054
-9.387761027800089
-10.363888386177411
-9.72137639649076
-10.02515780004009
-9.74476580019615
-10.212204201306006
-10.058135622490049
-9.736776853608003
-9.465521616172987
-9.89598802528536
-9.029712634444856
-8.669931656978223
-8.1798
-8.3669462654574
-7.827526273676592
-10.439575159235085
-9.185300429370505
-10.049302350692107
-9.435152207263272
-7.4604821561421035
-7.589532965750923
-9.78848812852822
-12.035510556850872
-8.994475424628476
-8.738783659951004
-11.04596498644374
-12.632338772662218
-12.092015973410756
-7.574433729724887
-10.839875290864333
-11.448911613822588
-11.889156535130716
-10.936313772751737
-8.888706534666516
-12.15949044508041
-9.720414403139786
-8.517832351087758
-9.430238704647584
-8.139188014414932
-8.888706534666516
-9.361046406218883
-9.519878448533971
-11.327737444485429
-10.212204201306006
-9.72137639649076
-8.110230806911295
-7.161913596588398
-9.555061491008422
-9.897063545412497
-12.706293716672718
-10.585304068330938
-9.343883648959858
-10.496005806911294
-6.026751380182134
-6.315505823370457
-7.754618495073542
-7.568922083998331
-9.30303478652939
-10.388058014174566
-8.918321384567948
-8.285388921024282
-9.643283460038347
-8.512615809261693
-9.60416692736907
-6.206889455871152
-9.440106827533562
-11.991423227645177
-11.18943240970703
-9.897063545412497
-10.413256441157214
-11.208846400351979
-7.455234792396293
-9.862564059297036
-10.052510177157604
-8.854429034556471
-9.664945748814551
-8.97282984954379
-9.845546400351978
-9.691727515423958
-9.48666935232379
-11.002623178573705
-9.435152207263272
-2.2597751592350863
-7.699669573058779
-7.1390186163756475
-10.700248245427218
-9.067103285370695
-10.638523455439774
-10.630911664276212
-12.541434981583754
-9.492076455357548
-5.919433062937358
-3.5241668347113833
-13.284986993792662
-11.88968247936267
-9.605481186881368
-10.694630380123881
-12.131523491418756
-8.145300513884537
-9.7784579324017
-9.973974876646464
-12.489397034597898
-10.578459209816332
-9.509894348602106
-8.836209945764477
-8.818534792396292
-8.024461027800088
-11.840047559296595
-9.253824638916084
-10.388058014174566
-3.5241668347113833
-10.340666834711383
-9.798155220888795
-11.420024242400542
-10.948095286687819
-8.123369352323792
-8.827306414566667
-7.929560104317405
-7.816205208546923
-9.68266498644374
-9.555061491008422
-6.406105806911294
-9.406264835841228
-8.751124980661428
-9.61209660394099
-11.859305806911294
-6.564710172366368
-10.66633478652939
-9.264823227645177
-10.015875379970073
-8.602155684097127
-12.473313987574924
-11.751358014174567
-8.65653575371423
-9.06296957305878
-9.866640314070386
-9.396940648379061
-9.264823227645177
-11.550382156142103
-11.314430622416195
-10.774282579266117
-8.86000590781854
-7.396591964046612
-9.990128990276236
-10.883178448533972
-7.831786993792662
-8.235638869848653
-8.892168574514724
-13.06350143799323
-9.078972538238466
-12.602515809261693
-10.439575159235085
-8.15487300232211
-9.438415123076922
-9.172427796511167
-11.092731944797784
-8.725116274650546
-9.54905053920516
-10.377480771460142
-11.627188010313349
-7.963904414526547
-10.301033729724887
-10.261891132645845
-6.5164266435749925
-7.105290059623246
-7.381641387461061
-11.448911613822588
-10.974575522938206
-5.69921575267577
-8.066938704647583
-8.385086513170688
-8.278815984068899
-11.282294706973245
-11.639312809464354
-9.234193868262643
-12.092015973410756
-7.4819494139775005
-8.854429034556471
-7.793575434908451
-8.242181186881368
-9.492076455357548
-8.560180134995207
-11.985511525799263
-12.22758709327091
-10.255940593440684
-10.037310251755594
-6.728624423286942
-8.242181186881368
-10.171477554515807
-8.748798558543777
-9.628965940693218
-9.834790018076326
-9.327204414526546
-8.071852207263273
-11.727188386177412
-10.496005806911294
-8.73905852155225
-9.436388852034451
-11.60456968871553
-9.697847194372356
-9.503041095881754
-8.752681022732302
-6.9798080141745675
-7.9015232276451774
-9.1416541938739
-11.109179493191284
-9.243026643574993
-8.393989729479577
-9.129752814918648
-10.558386993792661
-10.496005806911294
-10.388058014174566
-10.413256441157214
-7.498149561913176
-10.255940593440684
-11.213821926440122
-11.166945897028368
-9.901385270200631
-9.855497452528265
-9.106842903545896
-11.364876528416293
-8.395222115902298
-8.071852207263273
-5.533615281556197
-7.303928119553915
-7.053612221477963
-13.023389455871152
-2.3162058069112943
-7.476509188867867
-8.961637197381675
-9.369818028389258
-8.884798443466186
-10.849969352323791
-7.769405806911294
-9.410982579266117
-8.216434797187532
-7.553510221437841
-11.293572641622678
-8.533763545412496
-8.502318616375648
-11.095985104999563
-9.112337628038585
-9.724585475713688
-10.888899011559438
-10.257917468957304
-7.570189455871152
-13.354723227645177
-10.01325267412063
-7.695748498071531
-11.01743460850081
-9.953494193088705
-10.635570793355036
-9.543099999999999
-13.045287718996306
-12.981917815443216
-9.713428979618095
-8.933489455871152
-9.754277842048563
-7.335790062356562
-8.168075385836978
-7.141063777881292
-7.258084786529389
-9.460350634245922
-9.272270793355036
-8.213293815459322
-9.310982203402054
-6.140200016076328
-10.779038216618325
-8.479669936496165
-7.297222796842738
-8.411633669422768
-8.091924423286942
-10.199509945764476
-11.134740599307587
-11.050401357320478
-9.132705806911295
-9.079290129415906
-7.686656441157215
-8.444034841467765
-7.302580966146381
-8.197834094674828
-8.203969627997157
-12.176742214681457
-1.984872035137269
-9.365000043634108
-6.9268208366636985
-7.522863343023472
-7.343381772599615
-7.291780538963348
-11.044597655850238
-10.147992800703957
-8.436179156134253
-11.727188386177412
-11.930564575131557
-9.48666935232379
-10.798452207263272
-11.599826602795735
-7.077321772004476
-7.897400613132991
-6.289597194372355
-7.522319627997156
-9.48666935232379
-8.234332544906637
-11.444487630595825
-12.436879644175736
-11.746444511558877
-12.257975385836977
-12.114361027800088
-9.169340604098826
-12.358998261419643
-13.222605806911293
-8.066938704647583
-11.34716360199842
-8.416912221477963
-5.634161579259768
-8.96832736649836
-8.238900991969546
-9.1066445681448
-11.37393575579991
-9.561134094674827
-9.925735656455085
-8.002115973410758
-11.628990976688705
-11.806113491832223
-8.526275612419656
-10.147992800703957
-10.070991768133984
-10.628123227645178
-8.615598594561927
-11.476173017342466
-7.723839201055936
-11.655875390628214
-8.203969627997157
-9.729431944797781
-10.131770589579466
-9.990128990276236
-11.316794193088706
-12.586125180082536
-9.605481186881368
-10.9064
-9.31499627753781
-8.69342424240054
-11.3027311055692
-8.912712809464354
-9.049956441157216
-10.575066228225975
-9.329523705568944
-9.762797034597899
-7.112078857457101
-6.255338854860328
-10.271943558620372
-9.955867237015676
-8.68641737166241
-8.076806827533563
-8.997776801796418
-11.811004444844299
-11.756312634444857
-7.735744754262135
-8.019924042632496
-9.794522855709525
-9.91676467169216
-6.576434786529389
-6.617283648959858
-12.69890727804378
-11.053507428152066
-4.412418616375647
-6.323356441157215
-9.00534402352962
-8.546260283860928
-7.687062652817838
-12.613656574979322
-10.838772903927255
-10.14299775647266
-9.882550431419695
-10.866341095881753
-11.811004444844299
-8.097740969940327
-12.176742214681457
-6.643218028389258
-7.8761706348845
-10.58050594664167
-7.050087963053398
-8.248131726086529
-10.707183648959857
-7.366459179532446
-11.562809945764474
-13.002612809464352
-12.176742214681457
-12.281661491008421
-10.111325111448576
-11.127815682153527
-9.055127423084281
-9.266121230247748
-10.255940593440684
-10.363888386177411
-7.565568944893457
-7.654549497267818
-8.545790258709633
-10.813442214681459
-10.082658621829943
-12.014494518883748
-9.146211920433931
-11.679511500047054
-7.3019085371505605
-9.076275159235085
-7.359011613822588
-7.434093347889217
-10.100601621240774
-7.27626224806851
-7.491129034556471
-8.326907428152067
-9.885338931249475
-10.228935810781785
-6.908558516615637
-8.652575379970074
-11.830418435489246
-11.952056402702375
-8.56943677557561
-7.809198337808791
-11.490289349595217
-11.599826602795735
-8.877058808194944
-9.48666935232379
-9.675217420733883
-9.512205591510074
-11.791462732615562
-8.929275390628215
-8.825541663134425
-10.37827144975241
-8.349340073882217
-6.617283648959858
-9.392333047949034
-10.05391153560395
-9.022296165857682
-8.350918937930317
-9.48666935232379
-3.2841016212407736
-7.037915682153527
-9.907927587233347
-8.977366834711383
-9.365854709012293
-9.343883648959858
-8.937733729724886
-7.623246455290356
-8.416912221477963
-7.591721780322053
-8.782994283081523
-12.131523491418756
-12.161259223246617
-8.710312508972738
-9.191864636578764
-7.738267202103324
-8.343066386921691
-7.525406534666516
-11.609682019360822
-11.660089455871152
-10.962238869848653
-11.72577080884654
-11.218797452528264
-9.460350634245922
-8.04958025290085
-10.1382062362818
-11.865256346116453
-11.850490651512917
-11.52797203513727
-10.296789455871153
-12.891272035137268
-7.712975159235086
-11.830418435489246
-6.273988386177411
-9.675217420733883
-8.370021901610897
-10.767459654682348
-11.163875916872488
-10.390530141637402
-12.899791227686604
-11.440096458424211
-11.619240593440683
-7.022624551056076
-11.053507428152066
-11.215794536536501
-9.760228381253723
-11.366162248068509
-9.598938869848652
-9.28362079588444
-12.592218616375648
-11.838937628038583
-12.287734094674828
-10.026495820196383
-9.352402841509193
-11.8682541938739
-12.029634786529389
-8.873226602795736
-9.232422055600178
-6.85376499806361
-8.828852065725446
-12.298515406214795
-12.285544822986266
-9.543692666531463
-9.435152207263272
-9.543099999999999
-12.135458750705034
-12.311618602266304
-7.947800920534273
-8.958156245693264
-8.340899236378002
-10.24908028184252
-9.10959026579224
-10.36247080884654
-7.24468418400119
-7.93440648836247
-8.697853124352317
-10.30659716615903
-9.675217420733883
-10.317140898807109
-9.272493881598445
-12.807338331926388
-10.164672035137269
-6.091934792396293
-7.345837614193591
-11.316794193088706
-10.199509945764476
-9.470738157999053
-6.698765642841115
-11.662897842048563
-12.130547738071629
-9.225456402702376
-8.605791767176088
-10.094560000785195
-9.1066445681448
-9.354470050808088
-7.810453213687993
-9.228928985484998
-7.740518435489247
-7.203672641622678
-8.302497375979078
-9.97825002599045
-6.349675159235085
-8.042964835841227
-7.07909774795613
-6.4150541938739
-3.934561027800089
-8.890670296556914
-6.257638172962446
-8.614363821085862
-7.671409066350853
-7.568078674073404
-9.646330049311835
-8.933489455871152
-6.617283648959858
-8.416912221477963
-8.995870642752521
-9.387761027800089
-9.317013566259948
-8.391824266305912
-8.256833926465209
-6.82245053920516
-7.31619245450835
-8.102221616172987
-8.152041463366379
-8.416912221477963
-10.01719256331017
-11.559834676161895
-12.813621139061095
-8.076806827533563
-7.6349248155049
-7.694429948888616
-8.271167245472103
-9.153799720629701
-10.599235856223132
-10.413256441157214
-7.781367297919716
-8.123369352323792
-9.649864827973206
-8.598541794949352
-7.993408850795671
-11.134740599307587
-10.614694501141447
-9.48666935232379
-11.639312809464354
-7.743344568144799
-6.89759387609143
-7.31344500796723
-7.141063777881292
-6.166040593440684
-7.686656441157215
-7.591721780322053
-9.690207428152068
-7.614566489850195
-8.071852207263273
-7.686656441157215
-8.602155684097127
-8.387634658214356
-11.639312809464354
-8.68641737166241
-10.115981022732303
-9.771440599307587
-11.794855980206444
-8.683637677978384
-12.807114166917772
-8.80306609542655
-6.863299401635628
-10.94429587043782
-11.126955734773334
-9.47600106969374
-8.325391233553509
-9.465521616172987
-8.626828990276236
-8.523095262782446
-7.491129034556471
-11.88347543490845
-10.9064
-9.47600106969374
-12.645594706973245
-7.976369583716921
-11.260363545412497
-9.999013434945224
-11.694751145877682
-10.431555980206442
-10.033231656978224
-8.1798
-8.419569250621569
-10.769564835841226
-10.742021559587064
-9.132705806911295
-9.228928985484998
-8.760523172706801
-7.887987435357699
-7.916513235063363
-8.768470589579465
-10.261891132645845
-10.131770589579466
-9.420532361574669
-10.788665642841115
-8.22070172851088
-11.65819245293823
-10.199509945764476
-11.331177256663704
-12.156838704647582
-11.582882161788145
-10.654610172366368
-8.565835131825759
-6.967414988973147
-8.843430445827378
-10.793538704647583
-8.215805046196317
-9.953494193088705
-9.092646902793048
-9.112337628038585
-9.387761027800089
-10.9064
-7.614066834711383
-7.0900590289299315
-9.132705806911295
-9.675217420733883
-8.28727432316557
-9.681167959939044
-6.5164266435749925
-6.947139083718199
-7.039639333056985
-8.007845052479738
-8.097050634245921
-10.318321780322053
-9.195086993792662
-7.087755806911295
-10.307457738501203
-9.340711315060709
-8.229168054979803
-11.379175379970073
-8.30091883200479
-11.545553466020781
-10.02918096614638
-11.58102903455647
-9.450142214681458
-8.350918937930317
-8.657861787117737
-11.52966609542655
-8.779779298088268
-7.155581197539509
-7.175870648446253
-8.722311613822589
-12.186950634245921
-11.58102903455647
-11.001231700454557
-10.496005806911294
-10.131770589579466
-9.246604138853183
-10.147992800703957
-8.626828990276236
-10.658492636554891
-9.465521616172987
-10.60990413885318
-10.52017543490845
-10.76024064837906
-12.75578096614638
-11.52797203513727
-11.562809945764474
-11.955528985484998
-10.75106102780009
-8.42581575267577
-9.754277842048563
-11.859305806911294
-8.602155684097127
-12.070483648959858
-10.888899011559438
-10.66633478652939
-10.147992800703957
-8.680870973564565
-11.97320413885318
-12.543259028929931
-9.89598802528536
-10.711427922813591
-9.889575612419655
-9.561134094674827
-12.263808671122122
-7.616348431628029
-8.029033047949033
-7.372485426642214
-10.883178448533972
-9.48131118302015
-9.817599575064465
-8.573847510652502
-12.029634786529389
-10.533819542314749
-9.971722525042619
-11.28827681188654
-10.398009066350854
-11.878411586353401
-7.740518435489247
-9.632398261419644
-11.816486647597054
-7.712975159235086
-6.647653057869571
-7.381641387461061
-8.697668516254277
-7.976369583716921
-8.097050634245921
-9.392333047949034
-8.967182829898096
-6.8165
-11.122674633928897
-9.201702410852285
-10.955768054979803
-8.766011397200653
-10.252006534666515
-6.576434786529389
-6.661161027800089
-7.264790063526527
-10.261921338944894
-10.578459209816332
-9.434585346400517
-8.648641321195907
-8.326907428152067
-8.51054199394647
-9.514212628577953
-8.944157738501202
-10.57169257996897
-10.686407002553057
-11.025343421104886
-10.467118435489247
-11.352170597311176
-6.308109066350854
-9.30303478652939
-9.396940648379061
-8.05637734485797
-10.94303479718753
-9.631710203623232
-9.547259089526246
-10.774282579266117
-11.511292800703956
-9.30303478652939
-7.3468518113509775
-9.343883648959858
-10.204917048798231
-8.121072685793429
-9.126814478033419
-7.012421430242715
-10.628123227645178
-9.415738216618324
-9.52598992990244
-8.614363821085862
-3.1252695789256832
-7.158950046839938
-11.545134792396293
-7.7410825838570165
-8.993525793481007
-11.4871231727068
-7.614066834711383
-8.1798
-7.783788870486292
-7.31619245450835
-7.491129034556471
-8.370201195641764
-11.385790797029696
-8.42581575267577
-9.120981192748273
-8.710586999659567
-8.73427310483101
-12.440028979618095
-7.526780483789712
-7.6195575108509574
-8.923010002350397
-7.330124242400542
-7.164039536636181
-8.614363821085862
-8.863753222018637
-9.897063545412497
-9.48131118302015
-9.04738778781304
-9.667862373762738
-10.551844676759947
-10.115981022732303
-10.97539660394099
-10.798452207263272
-10.100601621240774
-7.509926602795735
-8.575020095586787
-11.23309430006143
-8.680870973564565
-6.760069352323791
-9.163075215821008
-11.27205220450146
-9.816659028929932
-10.199509945764476
-12.213269352323792
-6.905798261419644
-9.31499627753781
-8.749573017342467
-4.101861491008422
-11.558037011884991
-11.15688028692503
-8.523095262782446
-7.093830211534221
-8.62181138679572
-8.949231144184745
-11.15241575267577
-10.467118435489247
-9.816659028929932
-8.957218716672717
-8.463788138190873
-7.838735129977185
-7.568922083998331
-8.261573249278053
-11.639312809464354
-11.042751045876416
-9.48666935232379
-8.271858516615636
-7.546561399983267
-10.844611183020149
-8.2382471281072
-7.199927123329414
-12.332081186881368
-6.568592636554891
-6.273988386177411
-10.855376455357547
-9.671528476294485
-7.618638854860328
-10.454631124034254
-9.024758014174568
-8.047682579266116
-9.401749622209207
-7.491129034556471
-10.798452207263272
-11.819241032066541
-5.955652709704342
-6.87039018898749
-7.968030380123881
-6.932555251147649
-11.260363545412497
-9.543099999999999
-10.9064
-10.94303479718753
-12.456031944797783
-9.150739901586123
-9.940609786846347
-8.024461027800088
-12.401817420733883
-7.472909945764476
-8.892640593440683
-8.07581258100743
-8.696250375056094
-9.754277842048563
-7.558257569286206
-7.306631656978223
-8.590194193088706
-9.185300429370505
-10.868610011151752
-10.236526602795736
-9.126814478033419
-12.423898469778567
-10.199509945764476
-8.259537463889519
-8.602155684097127
-7.4747068323248005
-8.03364064837906
-10.66633478652939
-9.460350634245922
-7.441465016727626
-7.632570642752521
-11.531365016727626
-11.813739201055935
-9.44510325943956
-8.210169408909714
-9.497533394144641
-8.29729757504528
-8.051007510322846
-7.330124242400542
-8.453359028929933
-10.439575159235085
-10.936769408909713
-8.642142093837325
-10.66633478652939
-7.600558864780866
-8.700515029752404
-8.945882644796752
-6.475102410852285
-7.763891983488141
-9.392333047949034
-12.858370589579465
-11.4871231727068
-9.565422282763121
-10.11910542928191
-11.124383361427101
-11.095985104999563
-2.1385217803220526
-7.409990754605126
-7.234042050532392
-7.375521708512663
-6.703638704647584
-6.458700429370505
-7.321725893543264
-8.220226103635515
-9.471411259404256
-8.774532989154967
-9.4314746837777
-9.729431944797781
-7.29365445940131
-8.53592046461826
-7.984827922813592
-10.085544643064772
-7.851859209816332
-8.876070466552505
-11.533324877343718
-10.1238231727068
-8.754241165050527
-12.432186829643596
-9.369818028389258
-11.612380281842523
-9.27603000387049
-6.775601168660679
-8.040012205536135
-6.898953402905038
-8.722311613822589
-6.913420145890419
-8.67674500796723
-12.213269352323792
-8.779779298088268
-9.665673559191607
-6.944985585470267
-8.892640593440683
-8.701943434949879
-8.871319761639713
-11.362313434945225
-5.522862229269308
-9.941769578925683
-12.612995262782446
-12.572146400351977
-7.436382808122142
-8.608228287763533
-9.845546400351978
-8.700515029752404
-6.6318400615822615
-7.513758808194945
-7.879726643574993
-8.578469578925683
-11.406092454508348
-10.617124638916083
-9.946431600392302
-10.015875379970073
-8.576376912195505
-6.872989858003492
-5.761596939557139
-9.738421503741016
-8.675376050901457
-7.446591227686604
-9.86868901392479
-5.755646400351978
-11.727188386177412
-8.923010002350397
-8.024461027800088
-12.229641095881753
-8.794643852880244
-6.912723178573704
-10.272966091317798
-9.073590013285088
-8.150912628577952
-6.793278448533972
-10.405583672865228
-11.751358014174567
-11.249695262782446
-11.092731944797784
-10.995698261419642
-8.836209945764477
-9.225456402702376
-10.662400727755221
-9.780212221477964
-9.975201972768977
-10.930569627997155
-9.037223183364942
-9.132705806911295
-6.9560649864437405
-6.154315979277662
-9.27603000387049
-7.732676285514749
-10.839301069693741
-10.690504414526547
-8.707691768133984
-11.092731944797784
-8.588786731975965
-7.852360758623391
-10.80840325943956
-10.742021559587064
-8.578469578925683
-6.973558480328355
-11.955528985484998
-11.034093437507119
-9.72137639649076
-9.369818028389258
-8.210169408909714
-8.882854029018526
-4.678570589579466
-8.168075385836978
-5.731476772354823
-8.65521268351633
-10.08376714160289
-8.2070676032766
-10.585304068330938
-10.056724242400541
-11.298834812854754
-12.828805843515951
-11.040634233305148
-11.571359344612862
-8.784692800703956
-7.8285067988808406
-7.858704068330939
-10.1238231727068
-9.734318412703429
-10.106705527540996
-8.517832351087758
-9.765376880366714
-9.291310172366368
-13.219652814918646
-7.188164796266785
-11.379175379970073
-8.741873641389718
-8.523095262782446
-9.52559901155944
-8.547926056305796
-9.713428979618095
-10.336134162214815
-8.619318441356151
-9.420532361574669
-3.069895262782447
-12.501446091038291
-8.70913761419359
-10.015875379970073
-10.935524248267445
-11.470005527540996
-9.109484255445267
-12.365923178573704
-7.330124242400542
-6.840669627997156
-9.31499627753781
-9.232463518793438
-10.219119969771198
-8.902190375749237
-10.091562153027748
-9.56603742429085
-8.368570137675873
-10.613503381956573
-10.662400727755221
-9.632398261419644
-9.383224042632497
-6.200579552449735
-8.526275612419656
-7.746184255445268
-8.122293832196656
-10.496005806911294
-8.560180134995207
-9.408882265287325
-9.487612789423265
-8.835197975508375
-9.60416692736907
-11.292435131825757
-12.114361027800088
-9.753432626106054
-9.624873249278053
-9.858619652108867
-10.65075300128365
-8.210169408909714
-9.58397000829619
-9.011415150459422
-9.115204818470733
-9.365415973410759
-8.084821483480422
-8.055790037677038
-8.818534792396292
-8.044847424604376
-8.644733229995575
-9.401584387220742
-6.652121559587065
-9.855497452528265
-7.0431017620308225
-10.613503381956573
-11.39248096614638
-7.391879227566024
-9.261134283205779
-11.17995902892993
-8.561306821666658
-9.188544676759946
-6.997985475713688
-11.862273600930648
-11.871267297919715
-9.567269627997156
-11.142629188253613
-6.908558516615637
-8.261600440426749
-6.980095668308202
-11.322065301416696
-12.101909285551905
-7.737705728692655
-8.984238172962446
-11.766348021592751
-12.55273240970703
-7.8761706348845
-7.712975159235086
-8.818534792396292
-11.016720836663698
-10.60990413885318
-11.372633062937359
-10.340666834711383
-2.4865347865293894
-7.706551150458769
-8.375121503741017
-9.081682262268842
-8.512615809261693
-8.010953057869571
-9.531375385836979
-10.151291269776406
-8.843430445827378
-11.58102903455647
-8.723916780784975
-7.635869111824969
-7.520136683158229
-11.948604068330937
-7.75478596122269
-8.392671902337844
-12.33783240823675
-6.190210221437841
-11.362313434945225
-8.385086513170688
-11.357220296724218
-8.528405376108855
-11.314430622416195
-8.015421559587065
-9.343883648959858
-6.465206798880841
-6.206889455871152
-7.980583648959858
-6.9268208366636985
-9.543099999999999
-9.198385462865112
-9.218571747604514
-8.804765016727627
-11.613349264562807
-11.813739201055935
-9.361046406218883
-9.022296165857682
-10.386499031553607
-7.414850483671241
-7.128897452528265
-8.618075893854613
-9.545306179899203
-9.215159209816331
-8.071852207263273
-10.070991768133984
-6.867156572718346
-11.792471254223706
-7.963904414526547
-12.213269352323792
-6.760069352323791
-7.5195540290185265
-9.435152207263272
-9.734318412703429
-7.769405806911294
-10.236526602795736
-11.038517420733882
-9.855497452528265
-9.319037751709077
-9.169340604098826
-6.576434786529389
-11.092731944797784
-7.298557800040089
-7.421392800703957
-7.576567330834438
-9.660597575045278
-9.767968016524964
-7.959398816623635
-12.597344827334627
-9.669326091856007
-10.614561917650276
-6.698765642841115
-6.300630141637403
-9.44510325943956
-8.566972641622678
-10.426269573058779
-10.413256441157214
-9.637237185809315
-11.545134792396293
-10.9064
-11.52797203513727
-10.9064
-10.213493541815508
-10.469944568144799
-11.886567210431172
-9.00058838617741
-10.798452207263272
-11.158852281840323
-8.322370442984475
-10.363888386177411
-11.506216214857053
-12.04159627753781
-11.639312809464354
-8.768470589579465
-12.33869660394099
-7.053612221477963
-9.70509693877928
-7.862156402702376
-9.31499627753781
-2.6186522072632727
-14.9963
-12.114361027800088
-10.2013068323248
-5.947410251755595
-11.562809945764474
-11.17995902892993
-10.686407002553057
-10.234619761639713
-7.438072035137269
-12.215426271529555
-11.983337676365226
-11.247268511751631
-11.203932897736289
-8.610674876646463
-9.759424068972274
-7.509926602795735
-11.862273600930648
-11.083078355933102
-11.203932897736289
-10.9064
-9.503041095881754
-8.326907428152067
-10.013249771821641
-10.366261430104382
-10.15460821776358
-9.892773137745731
-7.65167144975241
-11.70298750591886
-12.14754356470361
-10.455372142778089
-7.810466161991691
-10.115981022732303
-11.955528985484998
-8.418682248707087
-11.42569006235656
-12.14754356470361
-9.673656709819577
-8.752681022732302
-8.350128979618095
-7.618638854860328
-7.005270137675873
-7.302580966146381
-8.45054632213334
-9.573469408909714
-8.97282984954379
-7.766452814918647
-8.1798
-8.997776801796418
-7.928010172366368
-12.070483648959858
-8.209546501259224
-10.439575159235085
-9.953494193088705
-10.75106102780009
-9.410982579266117
-8.865635810781786
-7.928010172366368
-10.458720086631969
-11.340963821085861
-6.439599622370617
-11.009630049311836
-8.935607789677105
-10.011941321195907
-9.135673600930646
-9.211766228225974
-5.873143975397257
-7.297222796842738
-10.551844676759947
-8.81333352614569
-6.109609945764476
-11.208846400351979
-9.48131118302015
-8.877058808194944
-8.955021780322053
-8.207061403519878
-8.90058801031335
-7.500453222018637
-6.617162842251963
-7.68923628692603
-6.293244511558878
-9.343883648959858
-10.813442214681459
-8.852581689322438
-9.514212628577953
-8.614363821085862
-11.161455220888794
-11.889675215821008
-11.45936463607318
-10.984529967719434
-10.828821616172986
-9.925284036484065
-9.228928985484998
-9.225456402702376
-9.365415973410759
-11.619240593440683
-10.388058014174566
-11.889675215821008
-8.350128979618095
-11.536491227686605
-11.991423227645177
-12.101909285551905
-9.01740296720342
-7.772373600930647
-9.232422055600178
-8.977366834711383
-8.446816711897217
-10.839301069693741
-9.073590013285088
-8.081301714583496
-8.566972641622678
-8.66588096614638
-7.642044023529619
-11.092731944797784
-9.425365642841115
-8.038284387220743
-8.128776455357547
-9.378721559587065
-10.070991768133984
-8.657861787117737
-9.33966958371692
-6.8165
-6.478438045968949
-8.227882335327587
-8.110063766147485
-11.08467639649076
-11.062689056366114
-9.306995160273546
-10.015875379970073
-6.908558516615637
-7.9015232276451774
-7.309347595993743
-7.60278890006195
-10.405583672865228
-10.398009066350854
-11.774578085108002
-8.019114374626326
-11.420024242400542
-10.019835753714231
-10.66633478652939
-9.780212221477964
-9.544147409516162
-8.237593985550973
-10.707183648959857
-8.877058808194944
-10.240358808194944
-8.123369352323792
-11.46550584351595
-12.213988325392378
-11.58102903455647
-9.990128990276236
-8.452457508135764
-7.443617744638913
-10.579140145678828
-8.57515859775326
-8.670582347034205
-10.265690976688704
-12.147132361574668
-10.779038216618325
-8.389288615033436
-10.08857940784194
-7.226894193088706
-8.25886042131468
-8.944157738501202
-6.5236033819565735
-10.839301069693741
-12.441609951631378
-11.82202008663197
-10.493052814918647
-12.109824042632496
-11.797516989931443
-11.18943240970703
-10.368644023529619
-11.084249624094955
-9.637931700454558
-10.14145048367124
-11.267086185632264
-9.867465885954237
-7.2978899221721125
-8.349340073882217
-10.849969352323791
-10.686407002553057
-10.769564835841226
-10.490114478033417
-8.429414995779162
-9.667862373762738
-10.15627368627999
-10.64692079588444
-10.849969352323791
-7.492982161788145
-8.892640593440683
-11.208846400351979
-7.128897452528265
-7.93973478652939
-8.319364986443741
-10.164672035137269
-9.00058838617741
-9.514212628577953
-7.498576600266331
-9.592468054979804
-7.489281689322437
-8.382579493191285
-9.990128990276236
-8.898591132645844
-10.66633478652939
-9.653420836663699
-11.411625893543263
-9.58606719623642
-9.415738216618324
-8.581962649040863
-10.363888386177411
-10.388058014174566
-8.863753222018637
-9.132705806911295
-8.854429034556471
-7.199135656455085
-10.711427922813591
-11.168884903942818
-9.35670885079567
-10.555106798880841
-10.08847677526416
-8.979648431628029
-10.030528119553916
-8.397856096173369
-11.221414038265053
-10.585304068330938
-9.55325178913945
-10.496005806911294
-10.027836870978495
-9.66713186945393
-9.90902503642092
-8.600948601788756
-6.765476455357548
-10.136590754605125
-12.982540593440683
-10.65075300128365
-10.997767245472103
-9.188544676759946
-6.171991132645844
-10.242284252711952
-11.340963821085861
-11.562809945764474
-10.592228985484999
-7.7997752158210085
-7.192394706973244
-11.889675215821008
-7.274848109878282
-7.763514478033418
-8.707691768133984
-12.161752207263273
-9.087139201055935
-10.210373987585326
-9.967877256663703
-11.160545038284983
-8.834186005252274
-7.845429081067643
-6.661161027800089
-10.056724242400541
-10.215881689322437
-10.592228985484999
-8.20830264855977
-11.802875159235086
-10.828821616172986
-11.170634841467766
-8.024461027800088
-10.214040090117074
-9.519878448533971
-6.360539201055936
-8.9982248155049
-8.804765016727627
-7.19373677101711
-10.05391153560395
-8.671288069180136
-8.168075385836978
-12.506812221477963
-10.131770589579466
-9.150739901586123
-10.194151776460833
-7.401771031750958
-10.962238869848653
-8.280919267514088
-8.029033047949033
-13.01959545000531
-8.793290655608264
-8.342286829643596
-7.686656441157215
-6.647653057869571
-9.592468054979804
-8.725279407841942
-7.93973478652939
-8.411633669422768
-10.363888386177411
-9.450142214681458
-7.928010172366368
-10.164672035137269
-8.956888656085978
-8.618720441856237
-6.85291710456598
-6.827254408700051
-9.561134094674827
-10.324937197381674
-8.029836793960227
-6.693802889702198
-12.287734094674828
-8.326148845515077
-9.487207845919054
-9.352402841509193
-7.93973478652939
-7.602342220548362
-8.294416432293321
-7.445219892580956
-7.596344799537929
-7.809198337808791
-8.30019280657086
-9.268535300413928
-8.530542828492305
-8.789647420974246
-7.616348431628029
-11.562809945764474
-7.749037628038584
-6.647653057869571
-10.240358808194944
-6.912723178573704
-10.592228985484999
-9.754277842048563
-11.934992579968968
-11.813739201055935
-12.176742214681457
-11.70298750591886
-12.2697
-11.692221343693411
-11.35851034106306
-11.428911559403975
-9.59504790074862
-9.095420086631968
-10.236526602795736
-11.751358014174567
-11.328755684097127
-7.4376587038589985
-8.818534792396292
-8.35727683706178
-9.543099999999999
-11.293572641622678
-7.576567330834438
-7.2788420938373255
-6.3106231833649415
-9.19180679888084
-9.465521616172987
-8.614363821085862
-9.940609786846347
-11.660089455871152
-10.498973600930647
-10.75106102780009
-9.845546400351978
-9.103818435489247
-10.085611613822588
-11.282294706973245
-10.798452207263272
-10.526375215821009
-9.103818435489247
-6.739742800703956
-8.977366834711383
-8.602155684097127
-11.598712818887014
-9.990128990276236
-9.807334841467766
-12.114361027800088
-7.071555220888794
-7.937070637445929
-8.242181186881368
-9.635850595791082
-11.092731944797784
-10.48138596122269
-9.452677865953934
-8.8445915074165
-9.991097155052069
-10.164672035137269
-8.526275612419656
-10.292995450005309
-11.08363717963403
-8.530542828492305
-8.263616058666889
-8.24879660394099
-7.990821489064822
-8.873226602795736
-8.590194193088706
-9.897332792210129
-8.002115973410758
-11.428543434949876
-8.570398342600027
-8.076806827533563
-8.703375294576828
-10.707183648959857
-6.081577554515808
-10.62076818067403
-11.25393953663618
-11.653779552449734
-8.398639578014755
-10.313952213130177
-8.614363821085862
-10.015875379970073
-7.458377626673292
-7.714322312642621
-9.947834385190902
-8.436179156134253
-11.948604068330937
-8.892640593440683
-8.071852207263273
-8.444034841467765
-9.49481738368943
-12.380020836663698
-9.754277842048563
-9.907927587233347
-9.070916989931444
-10.130172549021808
-9.435152207263272
-6.502328985484999
-9.88218119753951
-9.97766382108586
-12.332081186881368
-9.007736243621098
-11.752182056662178
-8.34384697196182
-8.674010251755595
-11.599826602795735
-10.14145048367124
-10.968781186881367
-8.875082124910065
-8.573843979873741
-10.114424980661429
-10.558386993792661
-8.500280495026807
-9.06296957305878
-9.519878448533971
-8.444034841467765
-7.84509257996897
-7.0789797267296235
-10.91836149100842
-10.75106102780009
-8.925091107013873
-9.713428979618095
-11.091921439993348
-6.8165
-11.727188386177412
-12.645594706973245
-11.553906414566669
-7.3415106253820275
-8.836209945764477
-7.585179463289338
-11.859305806911294
-7.634479158876101
-10.658492636554891
-9.034709066350853
-9.713428979618095
-11.353428990276235
-11.049791362463216
-7.858704068330939
-9.132705806911295
-10.496005806911294
-7.271136037109531
-10.66633478652939
-9.905738772662216
-9.590540520991373
-8.460925568551007
-10.707183648959857
-8.483234013036652
-9.195086993792662
-8.071852207263273
-9.705586829643597
-8.652575379970074
-8.66588096614638
-9.406781951308531
-8.411563605678863
-7.088182407177625
-12.50739973386688
-12.013317443718318
-9.30303478652939
-8.760523172706801
-8.714956566851443
-10.497487844398961
-7.264790063526527
-9.00058838617741
-10.034588069180137
-9.264823227645177
-10.643113235063362
-9.433688966944327
-8.482246400351977
-7.2788420938373255
-7.7211044448443
-7.961671906094123
-8.806912621985958
-9.639323178573704
-9.537208671122123
-9.406264835841228
-10.168065016727626
-9.48666935232379
-10.912350539205159
-6.349675159235085
-8.269787119748868
-7.661458014174567
-11.21903774726065
-9.827088138190874
-9.089886647597055
-10.76024064837906
-9.657716432293322
-7.504224404622927
-8.549029642211847
-10.238439605000123
-10.122246411010119
-6.226232965750923
-6.1296821617881445
-7.27626224806851
-7.637288386177411
-11.218797452528264
-11.784329948888615
-8.652575379970074
-11.495070589579464
-7.712975159235086
-9.48666935232379
-10.107692662867276
-8.4734312449536
-10.023822796842738
-10.57169257996897
-10.180095955119528
-7.7997752158210085
-7.93973478652939
-10.76979987899259
-8.48049301279821
-10.252006534666515
-10.982086773057674
-10.871900513884539
-7.529340593440684
-7.5698120984795985
-7.790193026156551
-6.905798261419644
-9.855497452528265
-8.944157738501202
-6.374405728692655
-10.100601621240774
-10.786249002207892
-9.335485300102578
-10.115981022732303
-9.057729948888616
-9.519878448533971
-8.729759179532445
-5.013918435489248
-8.746481241819746
-8.227882335327587
-7.234042050532392
-11.889156535130716
-12.926109945764475
-11.701693996345721
-12.5841078913604
-10.995698261419642
-11.143512221477962
-9.103818435489247
-9.343883648959858
-12.602515809261693
-10.244215979277662
-7.259761806832142
-6.243974328083913
-8.408140599307588
-9.163781708299112
-10.306407886496734
-7.272413434945224
-10.286310002350397
-8.505389013924791
-12.705128523488728
-9.268535300413928
-7.00040375137175
-6.903736482201454
-8.03364064837906
-7.570189455871152
-10.356825793481008
-9.81384632213334
-9.57847640422247
-9.343883648959858
-8.462832409707032
-8.290120836663698
-12.013317443718318
-10.485136049922115
-10.345238854860328
-7.549412809464354
-10.143079298088267
-10.210373987585326
-6.397728306085398
-11.218797452528264
-10.04971737166241
-8.102221616172987
-7.6689055798844254
-7.375453220661567
-12.842581022732302
-11.368742093837325
-12.12354064837906
-10.313952213130177
-7.0326893268662625
-11.65629545000531
-7.593582056750654
-8.452457508135764
-10.2013068323248
-8.843430445827378
-9.906546722842371
-8.778150483671242
-8.522038931249476
-8.35170995163138
-11.316794193088706
-9.537208671122123
-10.490114478033417
-7.585179463289338
-8.447746914236518
-8.482246400351977
-10.255940593440684
-8.393520753618983
-10.290479552449735
-6.0483062362818
-7.7997752158210085
-10.085611613822588
-9.264823227645177
-9.48666935232379
-10.063815029752403
-9.651995869267855
-10.079720284944713
-10.548600429370504
-10.793538704647583
-10.834038157999053
-9.743383043952951
-7.605027366498359
-9.343883648959858
-8.123369352323792
-6.728624423286942
-7.943695160273546
-10.413256441157214
-9.846534013036651
-12.78332424240054
-9.470738157999053
-8.085830986993832
-7.717847034597899
-10.98343392646521
-7.570189455871152
-9.888513596588398
-12.325538869848652
-10.453186647597056
-9.84063289773629
-9.228928985484998
-8.735785426642215
-11.53820987524223
-9.153799720629701
-8.586652365973254
-12.04970700255306
-7.181327587233347
-8.722311613822589
-9.503041095881754
-10.849969352323791
-12.114361027800088
-2.873707428152068
-6.534534283205779
-2.6701693523237915
-10.070991768133984
-9.28362079588444
-8.820278751439737
-9.392333047949034
-7.769405806911294
-7.467551776460834
-9.188544676759946
-7.653372462894615
-8.13698084068576
-8.103261254134894
-7.531317468957305
-11.328755684097127
-7.195755588280735
-11.545134792396293
-10.844611183020149
-9.834790018076326
-11.592235810781787
-9.67079343750712
-6.538223227645177
-9.613428603754032
-11.100898607615251
-8.985545214027654
-10.413256441157214
-8.034103386712252
-8.071852207263273
-11.038517420733882
-7.798841099928305
-8.808177554515808
-10.912350539205159
-9.790956402130462
-7.226894193088706
-10.35917064275252
-10.715702841509193
-9.56850440147322
-10.081187630595826
-9.101005728692655
-10.125404144720086
-12.943751401527177
-7.453495955119528
-7.044840599307587
-9.70792858747755
-8.024461027800088
-8.933489455871152
-12.161752207263273
-9.188544676759946
-8.863753222018637
-12.118933047949033
-12.429854297406111
-7.301236870978496
-12.680094193088705
-8.615598594561927
-9.27603000387049
-8.977366834711383
-11.199059835929821
-9.733501195641763
-9.735136759298365
-10.109781241819745
-10.164672035137269
-7.757681192748272
-7.989102841509194
-8.763689349595216
-9.415738216618324
-8.006518028389259
-9.039748021592752
-8.90058801031335
-7.0073619673697225
-9.88396851175163
-6.793278448533972
-10.624434283205778
-8.295855251147648
-9.235935856223131
-10.267902084449107
-9.608779655953818
-8.699090062356563
-11.271227587233346
-10.94936719623642
-11.316794193088706
-8.1798
-7.9508912826249825
-9.771440599307587
-8.80137203513727
-10.968781186881367
-8.30019280657086
-7.858704068330939
-11.420024242400542
-7.405170589579465
-9.503041095881754
-8.73427310483101
-9.465521616172987
-9.163781708299112
-9.343883648959858
-10.643113235063362
-10.936769408909713
-9.845546400351978
-10.526375215821009
-11.495070589579464
-8.123369352323792
-8.42581575267577
-8.1132299430359
-3.401229034556472
-11.619240593440683
-9.484200609625663
-8.378424573212587
-4.9600564411572154
-8.725279407841942
-7.347867748766627
-9.101005728692655
-8.320865807696489
-5.898970597311176
-7.702645301116781
-9.109484255445267
-9.700158480328355
-9.67744187044068
-9.095420086631968
-7.99818191463659
-8.839809188867868
-9.430238704647584
-8.024461027800088
-7.9015232276451774
-8.832632450486287
-10.496005806911294
-6.8165
-10.467118435489247
-10.558386993792661
-10.82365063424592
-11.249695262782446
-10.670295160273547
-10.922605764862155
-10.82365063424592
-10.458720086631969
-11.991423227645177
-9.901385270200631
-9.169340604098826
-11.463901621240772
-7.955737751709076
-9.605481186881368
-8.30164574881455
-8.892640593440683
-8.716420284944713
-10.670295160273547
-11.325141794949353
-10.11910542928191
-11.476173017342466
-11.290166647567245
-8.294416432293321
-10.106705527540996
-9.010138168485962
-11.862273600930648
-12.229641095881753
-11.729561430104383
-9.812911714729834
-7.194633173409653
-10.48138596122269
-4.536928990276236
-8.123369352323792
-12.612995262782446
-9.33966958371692
-8.375121503741017
-8.555694706973243
-11.24653190529916
-8.463788138190873
-6.82665178913945
-7.329419812017412
-7.192059665749263
-11.874295814329479
-7.580857738501202
-9.272270793355036
-8.264298564410682
-8.80137203513727
-8.476355071474101
-9.024758014174568
-8.918869610182547
-9.492076455357548
-11.328755684097127
-9.470738157999053
-9.574092972597871
-10.217729034556472
-8.752681022732302
-8.644733229995575
-9.596342051356068
-8.14362720047539
-8.827306414566667
-7.591721780322053
-11.792206876605034
-10.181834792396293
-10.66633478652939
-11.886567210431172
-10.278057970969998
-8.451482407177625
-9.791505492118873
-8.945866816824054
-8.709589585942936
-7.028524266305912
-7.75420860996565
-8.178026438013264
-9.044830230198237
-7.194633173409653
-9.435152207263272
-7.681530230198237
-8.737301621240773
-10.02202802441894
-7.292717499182329
-9.218571747604514
-8.723713702911494
-11.8758178579578
-4.764529034556472
-8.244818490427624
-10.398009066350854
-9.195086993792662
-9.962142797125724
-11.727188386177412
-10.273974688115512
-8.788156676584906
-8.492197452528265
-9.751745805400473
-11.057314988973147
-11.761309066350853
-13.222605806911293
-9.352402841509193
-7.827526273676592
-7.972185300102579
-8.5157402158113
-10.294678674073404
-9.946431600392302
-13.112196165857682
-8.865635810781786
-9.849506774096135
-7.634479158876101
-7.529340593440684
-8.502318616375648
-8.585476449663815
-8.434855220888794
-10.363888386177411
-7.141063777881292
-9.737598607615253
-8.496225180082536
-11.287456275754128
-7.016783043952952
-9.126814478033419
-9.80548749623373
-8.583131600392303
-9.374253057869572
-12.719253828504046
-9.654134608500812
-11.318694917650927
-8.920936187035176
-10.955768054979803
-13.58743339414464
-12.54892484888595
-8.128776455357547
-8.79631874414478
-9.120981192748273
-8.505389013924791
-9.335485300102578
-9.581627415742691
-12.592218616375648
-8.203969627997157
-11.776556441157215
-9.890639536636181
-7.543723657015684
-9.232422055600178
-10.076796458424212
-8.071852207263273
-9.00058838617741
-11.328755684097127
-10.147992800703957
-9.907927587233347
-7.282733062937358
-7.997746406218882
-9.279813235063363
-8.995870642752521
-9.921233173409654
-9.387761027800089
-10.682337751709076
-8.403803043884377
-7.645155798500642
-9.62216042131468
-11.39248096614638
-8.737301621240773
-8.66588096614638
-9.365415973410759
-8.843430445827378
-9.584160355080396
-7.749037628038584
-9.48666935232379
-7.917272790866287
-11.410792573677089
-10.363888386177411
-7.9153757252664425
-8.768470589579465
-9.6385574609502
-11.72435323151567
-9.21553374608683
-8.384291474380149
-7.356058621829942
-8.319364986443741
-7.374001621240773
-12.38719757504528
-10.44498226226884
-8.69483562249005
-8.562435656455085
-8.546824523584013
-9.713428979618095
-7.387980400971332
-7.71189963910795
-7.549412809464354
-6.592437751709077
-7.31619245450835
-8.675376050901457
-9.570361403519879
-11.228918616375648
-9.132705806911295
-8.818534792396292
-8.794643852880244
-10.490114478033417
-10.60990413885318
-8.182173043926971
-7.865628985484999
-8.701943434949879
-7.946483268803006
-9.264823227645177
-8.62056360199842
-10.496005806911294
-8.5157402158113
-10.94555963541534
-11.710838172962447
-9.768834254670967
-10.955768054979803
-10.66633478652939
-9.00534402352962
-10.707183648959857
-6.273988386177411
-10.849969352323791
-7.865628985484999
-7.605027366498359
-7.6918274230842805
-8.25414267788979
-9.35670885079567
-10.997076780475858
-9.246604138853183
-9.430238704647584
-9.503041095881754
-10.17836220961367
-11.383135753714232
-8.076806827533563
-9.0844044448443
-9.352402841509193
-9.598938869848652
-9.163075215821008
-11.660089455871152
-8.565835131825759
-11.918963426176736
-8.43719856463903
-9.132705806911295
-9.771440599307587
-11.495070589579464
-7.498149561913176
-10.670295160273547
-11.328755684097127
-9.965455684097126
-10.063815029752403
-6.06637368627999
-8.72826215302775
-7.020113987574926
-10.35917064275252
-7.649249877185833
-9.745879493191284
-8.261573249278053
-9.646330049311835
-7.661746720465194
-10.526375215821009
-10.363888386177411
-8.690611535603951
-7.815564782668171
-7.932282286892864
-8.573843979873741
-9.855497452528265
-10.044170973564565
-8.271858516615636
-10.185327862511473
-7.605027366498359
-10.105173641389717
-6.445898337808791
-10.834038157999053
-8.848904201306008
-11.797516989931443
-11.546878751439737
-8.669931656978223
-7.825895664914786
-7.441294905056529
-10.164672035137269
-10.236526602795736
-10.670295160273547
-7.363468902129845
-9.153186490469052
-10.3615248155049
-8.876290380225718
-8.370658698222233
-8.234339036906869
-9.911226056305795
-9.816659028929932
-9.598938869848652
-7.739391748817796
-7.848466228225974
-9.855497452528265
-9.27603000387049
-9.383224042632497
-7.128897452528265
-7.290592563310169
-6.160149264562808
-6.765476455357548
-10.070991768133984
-10.711427922813591
-11.139110166499464
-8.35329515650651
-10.68742958330588
-11.160545038284983
-9.562968087882643
-11.432849444236355
-11.980424638916084
-8.451482407177625
-12.380020836663698
-12.114361027800088
-8.603365232356769
-7.712975159235086
-9.561134094674827
-10.96746692736907
-9.098206320795832
-7.208359415850318
-6.209011592798019
-8.988863772014389
-8.818534792396292
-10.94936719623642
-10.056724242400541
-7.344391768133985
-11.379175379970073
-9.717389353362252
-11.660089455871152
-9.537208671122123
-7.0050064411572155
-8.778150483671242
-8.716420284944713
-7.157325342384046
-10.388304762945456
-7.5234492645628075
-7.128897452528265
-9.47600106969374
-9.769701762030822
-9.04738778781304
-10.578459209816332
-8.35727683706178
-7.89161534908118
-8.830851776460833
-8.465704235873481
-11.228918616375648
-8.829076441795793
-6.634446406218882
-9.74675639255668
-8.242181186881368
-6.617283648959858
-9.816659028929932
-7.807933222653986
-7.1390186163756475
-7.472909945764476
-9.029712634444856
-6.4851662282259745
-12.287734094674828
-9.543099999999999
-9.754277842048563
-8.716420284944713
-8.071852207263273
-6.898953402905038
-8.047682579266116
-11.969626643574992
-7.6589961658576815
-8.47245983592982
-8.984238172962446
-10.009333062937358
-6.530868180674031
-8.434855220888794
-9.430238704647584
-10.431555980206442
-10.926268087882645
-8.797998386880264
-6.926107924275121
-9.431218148489105
-7.5723077896771045
-7.543319373171243
-8.416912221477963
-9.253824638916084
-10.015875379970073
-9.651995869267855
-10.100601621240774
-9.22200406833094
-7.226894193088706
-12.070483648959858
-9.999013434945224
-9.05253628692603
-10.371036243621097
-10.788665642841115
-9.713428979618095
-8.319364986443741
-6.760069352323791
-6.430275434908451
-8.945866816824054
-9.123890651512918
-7.247374876646464
-8.685025893543262
-9.68266498644374
-8.722311613822589
-10.426269573058779
-7.421392800703957
-9.881132351087759
-5.8624112283251835
-9.603510889997597
-8.984238172962446
-7.681017570973395
-9.460350634245922
-8.052438216618325
-8.057232361574668
-10.027836870978495
-7.976369583716921
-11.328755684097127
-11.517908217763578
-9.132705806911295
-9.095420086631968
-10.152947420974247
-4.783326602795736
-7.865628985484999
-7.984827922813592
-9.771440599307587
-7.858704068330939
-9.387761027800089
-7.986107160618791
-7.809198337808791
-8.852581689322438
-8.544627587233347
-6.67034064837906
-6.738921616172987
-7.019279493191284
-7.062515752675771
-6.1114068323248
-3.5967564411572153
-8.935607789677105
-11.39248096614638
-9.1066445681448
-10.813442214681459
-10.070991768133984
-10.64692079588444
-8.827306414566667
-8.156578448533972
-8.028574253918189
-9.0844044448443
-9.727812043193094
-7.262270597311175
-6.064708217763579
-7.327451854046881
-11.30159699614306
-10.115981022732303
-6.843765743342768
-8.482246400351977
-8.43759419416436
-10.015875379970073
-8.566972641622678
-11.282294706973245
-12.924139648880706
-11.493472549021808
-9.986361806832141
-11.06268704873104
-10.99432294450117
-12.246478448533972
-12.287734094674828
-12.166706827533561
-5.887763821085861
-10.968781186881367
-10.236526602795736
-5.498719241856518
-10.439575159235085
-10.94303479718753
-7.831786993792662
-9.52559901155944
-10.555106798880841
-10.151291269776406
-7.170248285033039
-7.817167148104058
-9.00534402352962
-8.51054199394647
-10.079720284944713
-10.063815029752403
-9.875915809261691
-11.260363545412497
-9.654849241861173
-7.654346669066166
-10.413256441157214
-7.099532409707031
-9.798155220888795
-7.666412634444857
-8.447746914236518
-8.176847008007353
-8.348552217921414
-8.280217342515245
-9.235935856223131
-9.123890651512918
-8.652575379970074
-8.66588096614638
-11.859305806911294
-9.078972538238466
-9.57973479718753
-8.239555578732936
-7.989102841509194
-10.406855582413831
-8.875139605000122
-10.595722055600177
-12.025700727755222
-6.733750634245921
-11.545134792396293
-12.325538869848652
-8.66588096614638
-8.847073987585325
-8.929275390628215
-8.261573249278053
-7.6349248155049
-10.888899011559438
-8.602155684097127
-8.768470589579465
-11.193264615106237
-11.908673861891097
-9.655564738827012
-8.797998386880264
-8.738745611389342
-9.335485300102578
-9.605481186881368
-10.97539660394099
-9.534284844601622
-9.420532361574669
-12.623663545412496
-8.463788138190873
-8.912712809464354
-9.243026643574993
-9.737598607615253
-9.092646902793048
-11.536491227686605
-11.776556441157215
-9.930272641622677
-9.31499627753781
-9.253824638916084
-7.374001621240773
-8.03364064837906
-8.057232361574668
-9.01740296720342
-9.057729948888616
-8.661857800040089
-11.432849444236355
-10.568338045968948
-10.894675385836978
-9.991390063526527
-6.928249241861173
-6.798999011559439
-9.817599575064465
-8.791308217763579
-10.464305728692654
-10.532640604098825
-9.710279644175737
-7.93973478652939
-9.83575983592982
-6.331500436853938
-7.740518435489247
-9.54905053920516
-7.167135772408986
-9.310982203402054
-11.64341022143784
-8.670582347034205
-8.213293815459322
-7.387824980661429
-10.779038216618325
-9.771440599307587
-10.08857940784194
-10.439575159235085
-11.176211714729833
-10.588756402702376
-8.285148383117788
-8.361285475713688
-8.822027862511472
-11.776556441157215
-7.3415106253820275
-9.592468054979804
-6.48179257996897
-11.063458480328354
-11.01600792427512
-8.242181186881368
-8.156578448533972
-9.48666935232379
-8.892640593440683
-6.905110203623232
-10.292575390628215
-10.363888386177411
-8.086842214681457
-8.794643852880244
-10.388058014174566
-7.596123835300553
-9.758522115902297
-9.861549365531666
-9.988870597311177
-7.8285067988808406
-9.425365642841115
-11.023897575045279
-9.646330049311835
-9.815719974542471
-10.0884306642996
-9.00534402352962
-8.3104390837182
-11.534777554515808
-12.287734094674828
-10.236526602795736
-11.316794193088706
-11.100898607615251
-9.697847194372356
-10.849969352323791
-9.660597575045278
-8.707691768133984
-9.531375385836979
-6.765476455357548
-8.263616058666889
-8.80137203513727
-11.991423227645177
-12.75578096614638
-10.628123227645178
-8.888706534666516
-6.717569254600687
-8.340730787572722
-8.682252709704342
-10.592228985484999
-8.071852207263273
-7.421392800703957
-8.4734312449536
-9.218571747604514
-9.643517342515244
-8.360481573801755
-7.70072308520005
-6.868447900748619
-9.947602864210829
-10.658492636554891
-8.566972641622678
-12.572146400351977
-12.833305527540997
-9.046363438652374
-8.711487403751887
-6.5831832688030065
-8.138635449123141
-7.02657929642929
-12.926109945764475
-7.481585173014196
-8.024461027800088
-9.27603000387049
-8.898591132645844
-9.59763903690687
-8.676364546748445
-9.211766228225974
-10.886370547940876
-9.18831239990724
-7.831786993792662
-11.293572641622678
-10.707183648959857
-7.637288386177411
-9.681167959939044
-9.06296957305878
-7.4819494139775005
-8.592567237015677
-9.195086993792662
-10.529499622370617
-8.90058801031335
-9.537208671122123
-10.037310251755594
-8.533763545412496
-9.816659028929932
-10.66633478652939
-10.255940593440684
-10.526375215821009
-7.972185300102579
-8.588786731975965
-10.0884306642996
-9.631022944501169
-9.144667297919716
-8.173908671122124
-11.998870793355035
-11.334828287763534
-9.410982579266117
-10.242284252711952
-7.812373003147715
-8.332244895941148
-11.410237677978385
-10.458720086631969
-7.093168518215529
-7.793575434908451
-8.784692800703956
-12.394462373762735
-8.69342424240054
-11.534777554515808
-11.001927030736681
-9.032205579884426
-12.100853057869571
-11.830418435489246
-11.615306534666518
-10.356825793481008
-7.338643434949879
-8.62306180683214
-7.591721780322053
-10.707183648959857
-9.053830437533477
-7.164039536636181
-8.581962649040863
-8.719358621829942
-11.312076449663815
-7.203672641622678
-9.816659028929932
-8.299467670329358
-8.625570597311176
-9.930272641622677
-9.845546400351978
-9.076275159235085
-8.479293408359332
-10.6027706348845
-13.095244023529618
-8.072345807681339
-9.54905053920516
-9.99392029672422
-6.558107125503275
-10.215881689322437
-8.278815984068899
-7.130505257093147
-6.090195955119528
-7.995418784894735
-10.6027706348845
-9.323107002553058
-9.034709066350853
-11.166027241037739
-11.021735404655113
-8.238900991969546
-10.682337751709076
-7.908970793355036
-9.641416546696147
-10.439575159235085
-11.076728979618094
-10.115981022732303
-11.966070634884499
-10.340666834711383
-9.272270793355036
-10.22330590781854
-8.45524161769308
-9.228928985484998
-11.859305806911294
-10.924434094674828
-11.081484616970302
-9.470738157999053
-10.588756402702376
-10.526375215821009
-8.1325910250827
-10.181834792396293
-8.869419041974657
-11.813739201055935
-7.637288386177411
-9.264823227645177
-8.002572265200442
-11.491878810059008
-6.194336187035176
-9.497533394144641
-7.031326082822515
-8.935607789677105
-8.537868433110797
-7.1356594685329595
-11.448911613822588
-11.017133659368298
-8.514696913925167
-8.904602084449104
-9.392333047949034
-8.646033062937358
-9.465521616172987
-9.044830230198237
-9.387761027800089
-8.514696913925167
-10.255940593440684
-9.605481186881368
-11.04596498644374
-10.413256441157214
-10.345238854860328
-9.855497452528265
-10.467118435489247
-7.378573641389718
-11.991423227645177
-10.100601621240774
-10.798452207263272
-6.125981689322438
-9.536037407303596
-11.58102903455647
-11.955528985484998
-11.406092454508348
-11.39248096614638
-7.873694075749123
-8.339178824253763
-10.100601621240774
-7.2388556840971265
-9.653420836663699
-8.366131944797782
-9.877996913925168
-10.496005806911294
-9.595694622459211
-11.161455220888794
-9.134098817458387
-7.438072035137269
-10.935524248267445
