-8.933489455871152
-8.448212564018425
-8.90058801031335
-8.618075893854613
-10.100601621240774
-10.139826137886487
-9.462665277218385
-9.248401025413505
-9.127559122687757
-9.059035514284611
-10.375849877185832
-12.480877842048564
-11.867403364986771
-10.199509945764476
-9.008935988038058
-8.522566861437978
-7.553613020928884
-9.780212221477962
-9.780212221477962
-7.5195540290185265
-7.637288386177411
-7.232844732293866
-13.194194546362914
-8.583621669756939
-13.870112221477962
-9.534284844601622
-8.642142093837323
-9.897063545412497
-13.260817365795505
-13.750497575045278
-7.7843958143294785
-8.390977842048564
-9.573469408909714
-9.742405767666476
-10.626900389913432
-13.688838869848652
-13.192310411835937
-11.96563574667941
-10.800929517398417
-10.181834792396293
-9.855497452528263
-10.340666834711383
-8.671994633515455
-13.08507805192465
-10.936769408909713
-10.930842791431253
-9.105785106857702
-11.352960312617533
-13.147629948888616
-8.71862266938319
-8.63956224806851
-9.167768030353148
-11.824437689985036
-9.369089689911721
-9.694014988973146
-8.49977205904264
-9.612096603940989
-13.552830480014737
-14.025893204648144
-14.280506414566668
-10.768559616425158
-13.560638157999053
-14.600895814329478
-14.205881022732303
-13.46193139047038
-7.865628985484999
-11.802875159235086
-10.236526602795735
-10.968781186881367
-9.470738157999053
-9.953494193088705
-11.535643291584316
-10.770034922143951
-10.497487844398961
-12.951401988632712
-13.49663492214395
-7.225490275993837
-10.399392396103234
-8.043467842166917
-11.331782658625274
-12.201544738160768
-12.680094193088705
-9.855497452528263
-8.752681022732302
-12.029634786529389
-10.181834792396293
-10.0884306642996
-10.9064
-11.72435323151567
-13.360300100907246
-9.567269627997156
-6.271180101710602
-9.132705806911295
-13.360300100907246
-12.13333492214395
-8.7251157920004
-14.137392573677088
-7.361820253650936
-10.236526602795735
-12.2697
-11.997000100907245
-13.769351045876414
-11.316794193088706
-12.287734094674828
-14.723600100907245
-10.131770589579466
-6.901408445816584
-9.455224423286943
-14.041974918736264
-12.815030664299597
-10.707183648959857
-12.13333492214395
-12.406051045876413
-9.737598607615253
-7.38953685209685
-10.962238869848653
-10.849969352323791
-13.633
-13.49663492214395
-11.076728979618094
-7.416352089313955
-10.526375215821009
-10.763584090337014
-9.990128990276236
-14.450953231515669
-10.66633478652939
-10.87041740242109
-12.010602902168875
-12.910528160518735
-13.59183544912314
-8.588786731975965
-14.176451297314925
-11.34062091415702
-9.697847194372354
-7.858704068330939
-11.316794193088706
-10.147992800703957
-11.053507428152066
-10.75106102780009
-9.27043745689118
-11.293572641622678
-8.1798
-7.498149561913176
-14.041974918736264
-12.406051045876413
-12.951401988632712
-10.849969352323791
-7.907141192619206
-9.134098817458387
-13.769351045876414
-10.0884306642996
-10.633700100907244
-11.379175379970073
-13.08765323151567
-10.0884306642996
-8.1798
-13.08765323151567
-9.952074918736264
-13.57656935232379
-10.497487844398961
-11.315374918736264
-7.831786993792662
-10.497487844398961
-9.19180679888084
-11.316794193088706
-9.48131118302015
-11.859305806911294
-9.665746913612733
-9.324988290914238
-10.072437614193591
-12.406051045876413
-11.076728979618094
-11.72435323151567
-11.451730664299598
-12.447976396490759
-8.224041844020824
-7.796667210431173
-11.997000100907245
-7.907141192619206
-8.997776801796418
-9.815719974542471
-13.49663492214395
-10.955768054979803
-8.043467842166917
-9.952074918736264
-12.678674918736265
-12.2697
-7.79807622308894
-11.588101988632712
-7.907141192619206
-8.997776801796418
-14.314701988632713
-9.952074918736264
-9.952074918736264
-9.543099999999999
-11.208689851998823
-12.406051045876413
-11.72435323151567
-12.13333492214395
-12.910528160518735
-10.762583854485852
-13.42831119075186
-12.406051045876413
-11.656295450005308
-7.498149561913176
-9.024758014174568
-10.413256441157214
-11.117577842048563
-10.0884306642996
-11.860787844398962
-10.0884306642996
-11.042751045876413
-13.769351045876414
-10.798452207263272
-7.1189464003519785
-12.13333492214395
-10.770034922143951
-11.997000100907245
-12.678674918736265
-11.451730664299598
-10.413256441157214
-10.558386993792661
-9.815719974542471
-12.2697
-12.070483648959858
-12.54231997454247
-9.134098817458387
-9.406781951308531
-12.678674918736265
-10.82365063424592
-11.52797203513727
-9.952074918736264
-10.361053231515669
-10.0884306642996
-11.042751045876413
-11.72435323151567
-12.06501119075186
-10.224801988632713
-9.815719974542471
-10.628123227645178
-10.131770589579466
-11.316794193088706
-10.707183648959857
-8.604577256663704
-12.13333492214395
-10.9064
-11.72435323151567
-12.678674918736265
-8.624314873262149
-10.66633478652939
-8.316128684206275
-9.134098817458387
-14.450953231515669
-11.619240593440683
-10.467118435489247
-10.849969352323791
-11.042751045876413
-12.815030664299597
-13.360300100907246
-13.891985028892918
-10.497487844398961
-10.0884306642996
-9.134098817458387
-9.679451045876416
-9.815719974542471
-10.0884306642996
-10.9064
-9.679451045876416
-8.861445817325126
-13.08765323151567
-10.75106102780009
-10.9064
-10.0884306642996
-11.208846400351979
-12.678674918736265
-11.72435323151567
-8.96832736649836
-11.117577842048563
-11.451730664299598
-11.860787844398962
-8.997776801796418
-9.815719974542471
-11.588101988632712
-13.633
-11.179019974542472
-10.199509945764476
-11.599826602795735
-10.592228985484999
-13.222605806911293
-10.633700100907244
-11.179019974542472
-11.315374918736264
-11.737942794877462
-12.070483648959858
-10.91836149100842
-11.315374918736264
-11.588101988632712
-9.406781951308531
-14.314701988632713
-13.044921780322051
-11.860787844398962
-8.717887630595825
-8.7251157920004
-11.860787844398962
-10.224801988632713
-13.067266834711383
-12.98532971746458
-13.22408784439896
-9.543099999999999
-11.451730664299598
-9.406781951308531
-6.9528301749580095
-11.859305806911294
-9.815719974542471
-8.861445817325126
-8.861445817325126
-8.1798
-10.497487844398961
-6.543840071898324
-9.815719974542471
-10.633700100907244
-12.13333492214395
-9.815719974542471
-9.952074918736264
-10.388058014174566
-10.497487844398961
-10.770034922143951
-10.526375215821009
-8.861445817325126
-11.830418435489246
-10.363888386177411
-10.029180966146379
-7.361820253650936
-11.379175379970073
-10.592228985484999
-11.038517420733882
-12.951401988632712
-10.224801988632713
-11.588101988632712
-11.042751045876413
-7.361820253650936
-11.72435323151567
-13.49663492214395
-8.572693204648145
-8.7251157920004
-7.907141192619206
-9.679451045876416
-10.0884306642996
-11.315374918736264
-10.874919432526479
-10.224801988632713
-12.070483648959858
-11.17995902892993
-11.08467639649076
-9.953494193088705
-7.634479158876101
-11.751358014174567
-11.042751045876413
-10.75106102780009
-11.316794193088706
-11.038517420733882
-7.361820253650936
-10.085611613822588
-8.14362720047539
-14.314701988632713
-9.185300429370505
-12.874592800703956
-11.84700101272421
-11.860787844398962
-12.392419228688508
-12.433278497454578
-13.61953654856021
-14.001126056305797
-10.968781186881367
