-9.44259977297313
-11.161455220888794
-7.181327587233347
-10.340666834711383
-9.537237692918488
-9.975615115099117
-9.535501401527178
-10.281699165970943
-9.102989065412139
-13.089069111824971
-13.361796181721418
-8.977366834711383
-9.735101809760636
-10.043555986646346
-9.117434722966069
-9.449872906626396
-8.846598889432277
-9.924884054686233
-6.4851662282259745
-7.726586647597055
-9.100315000120181
-8.957570761401401
-8.667567790274884
-8.900135597149777
-6.787612628577953
-9.514212628577953
-6.335449285170542
-6.710281612069006
-7.133430578036553
-7.478317048798231
-9.293327791206915
-8.71320206942659
-9.071421987698628
-6.4851662282259745
-7.438072035137269
-8.68641737166241
-11.515639653188918
-7.769405806911294
-7.731543178613624
-6.3106231833649415
-7.1189464003519785
-8.28964851729895
-8.3130760790959
-8.789528982551547
-9.9252788692506
-7.277524069302738
-7.697484789462841
-8.431372394439894
-8.285388921024282
-6.760069352323791
-8.54472912619287
-9.139064391437557
-9.812143815297912
-11.047439110739635
-10.156332417920613
-9.949962896740503
-9.682712424442975
-10.039449168904394
-9.81369941983086
-9.794488473538388
-9.845546400351978
-10.531358934386503
-10.388058014174566
-6.846869408909714
-7.996723825466059
-6.39148596122269
-7.31619245450835
-9.491603413766782
-9.195086993792664
-9.043589812261079
-8.91174637288279
-9.263381252881892
-7.746622503983614
-8.829092364460374
-9.792946227254173
-9.355984196626617
-10.390120996973234
-10.509249279271888
-9.530352805084155
-9.92259978459878
-9.410036773881448
-8.17393769291849
-7.661972413667312
-8.539195566322922
-8.470952072360042
-10.175949314431785
-10.468938204369694
-6.911700597820882
-8.4048933619931
-9.024758014174568
-8.24309629374171
-8.518412519880805
-7.711754387057358
-7.849274484083674
-7.586509127212395
-9.615432239057654
-8.33851820388508
-10.022490797029695
-10.199509945764476
-9.024758014174568
-9.55984690772966
-8.315407089829208
-8.267342308485151
-7.908840378039464
-9.123596262515296
-10.146294115143212
-8.718177595514735
-7.247996054424697
-9.004882307553117
-9.126480931709033
-9.393179660656164
-10.170776103631635
-10.581170296720341
-10.602653894838552
-10.232245003709092
-10.293783979969522
-10.272687501170346
-9.642412286606293
-9.843988092324295
-9.555184813998578
-9.836636274510905
-10.277424191558893
-8.805019352323791
-9.764105693397859
-9.41145661753168
-12.029634786529389
-11.859305806911294
-10.388058014174566
-9.354551931589908
-10.413256441157214
-10.15627368627999
-10.139826137886487
-9.588811569223456
-10.196534676161896
-8.144498013810885
-9.21056037387604
-8.683522421909082
-8.755773465901962
-8.944052192861749
-7.189938937780755
-10.60990413885318
-9.84063289773629
-9.855497452528265
-9.374253057869572
-10.189881883073742
-10.936769408909713
-7.777280588521849
-7.518046265448747
-8.10672032418953
-8.18277526960258
-8.722311613822589
-7.726586647597055
-10.2987972006421
-7.716822845757655
-8.426905125877797
-8.13842531712296
-9.696800510311135
-8.818790990450871
-8.662687113690223
-8.695783114112988
-8.095376528934786
-8.533763545412496
-10.876574317701799
-9.729376397967037
-7.769405806911294
-9.516910021577818
-8.508004972882237
-7.928010172366368
-7.7997752158210085
-8.035957965103094
-8.975093996345722
-10.147080513900043
-9.14402069373053
-7.833433931341883
-10.778899152552103
-10.439575159235085
-7.289275379970073
-9.211766228225974
-10.250985049923376
-10.252006534666515
-7.295890797029696
-12.132901935637099
-11.038517420733882
-9.427797160292126
-8.052438216618325
-7.232844732293866
-10.04450768867512
-8.44867858030945
-9.973074010796374
-9.930710890161025
-8.069390358946388
-11.379175379970073
-10.190606414566668
-9.48666935232379
-10.369201080827182
-10.123321191367303
-7.170463545412497
-8.977484772642137
-8.984559248534216
-9.51448986159753
-8.1798
-7.769405806911294
-10.650470265456924
-8.446211059307029
-9.262800304753751
-7.1189464003519785
-7.4828609979407625
-6.118649413977501
-6.636627158839628
-11.727188386177412
-11.727188386177412
-7.627138621842096
-9.562255894755225
-7.989873315188985
-8.927756721146615
-9.54905053920516
-10.877512628577954
-9.941769578925683
-11.448911613822588
-8.803798580146063
-8.647147010157761
-8.315758329933995
-10.33459851729895
-10.87285053484687
-9.617794512534356
-10.395869465624738
-8.878981111720927
-6.39148596122269
-8.17393769291849
-8.373386320811338
-11.237266467761058
-8.430318235721202
-10.496005806911294
-8.833524799814478
-7.161383302180195
-8.533763545412496
-8.047682579266116
-8.533763545412496
-7.93973478652939
-7.359011613822588
-6.1759916456169694
-10.036299811185309
-10.92018573545481
-9.197564303927807
-9.594715024655919
-9.978892830573086
-9.327204414526546
-11.260363545412497
-9.410540991987938
-10.465111398421369
-9.026820996973234
-9.848023710487123
-10.396397631391224
-9.579266119528826
-6.937618832004789
-11.038517420733882
-8.742158412008529
-8.614878220578607
-10.15627368627999
-10.707183648959857
-12.675366777788147
-10.103809890645415
-9.854303732664055
-10.040342825431495
-9.610085273982778
-9.813985991955532
-7.337928801589518
-6.923264827973205
-8.235638869848653
-7.984827922813592
-9.745879493191284
-9.374253057869572
-9.971528287763533
-8.677736501573857
-9.188535739664033
-9.149452714640955
-9.82567069373053
-9.625224897994139
-8.33399846977857
-9.474682417920611
-9.29519263655489
-9.684616204853516
-10.246154029018527
-9.990128990276236
-10.115981022732303
-10.070991768133984
-10.413256441157214
-10.75106102780009
-10.199509945764476
-9.58263021065734
-9.762797034597899
-10.496005806911294
-8.578583417355691
-10.424084789462842
-6.733750634245921
-8.671437607910505
-10.100332313185712
-9.319260043315984
-9.11826212120027
-9.958269084242982
-9.126480931709033
-9.369908603489419
-10.199164266901318
-7.900945594615883
-9.798155220888795
-7.353120284944713
-9.070221025266196
-9.037124237822736
-9.871304972882239
-9.657179643749824
-10.37681006989431
-10.61154197305841
-10.48138596122269
-7.306645608950988
-8.972157841076763
-7.970925379970074
-8.505770722023492
-8.89778341924144
-7.918413954728417
-7.947682203402054
-6.3632866475970555
-7.1189464003519785
-7.980583648959858
-9.199466821562277
-8.285388921024282
-7.059338708556514
-9.89479317489672
-9.118438386066206
-10.877512628577954
-7.706322366146933
-9.467143364388718
-9.809563802773068
-8.82858817113467
-9.343883648959858
-9.898043800724018
-9.818642219331059
-9.365415973410759
-7.495772773398155
-8.578469578925683
-9.228928985484998
-9.963122255779439
-9.108043983016557
-9.491814355095919
-9.785710200286289
-7.148769615686845
-9.227847350177464
-10.266063729743921
-10.413256441157214
-10.32938890006195
-10.64692079588444
-10.296789455871153
-9.667862373762738
-10.496005806911294
-9.991337579617543
-9.543099999999999
-10.005109217744623
-10.774282579266117
-8.207719434924325
-8.600851957900035
-9.246604138853183
-8.521776611009319
-9.484718525932447
-10.400523183364943
-10.48138596122269
-8.242181186881368
-9.642816248688884
-8.44614962406635
-8.923557205525773
-9.504518626160024
-8.96274698902278
-9.34600198276581
-8.245858710366942
-9.365415973410759
-7.417816816177908
-8.384849115119831
-9.173932508363812
-8.809891227686604
-7.699669573058779
-6.661161027800089
-9.543099999999999
-9.891705376108854
-9.860536407770164
-9.550595003709091
-9.776216531468679
-9.746775368967171
-9.848646290808258
-7.4672555915100745
-8.796340126450424
-9.82613240970703
-9.758522115902297
-9.983863601998419
-9.745879493191284
-11.52797203513727
-8.188748386962605
-11.038517420733882
-9.941769578925683
-10.936769408909713
-9.796408685831205
-10.115981022732303
-9.755792100253444
-8.024461027800088
-8.985391189231766
-10.432922366146933
-9.812511334691596
-9.384278201351188
-8.838666697072322
-8.646033062937358
-6.878881186881368
-11.002623178573705
-9.765890478924298
-8.412510166499462
-8.123369352323792
-9.251016869174963
-8.74398444396513
-8.816740322040397
-8.164511700781413
-9.060193155399496
-9.64868892102428
-11.208846400351979
-9.235935856223131
-9.269485321376258
-8.939593524365518
-8.346207904630846
-9.923930303970286
-9.609916382273468
-8.358947183480845
-9.44570862121377
-8.393130405701763
-8.136884792396293
-8.245858710366942
-9.478650173295147
-7.769405806911294
-8.445193499829783
-9.487281631411937
-9.848445728934072
-8.518545023441265
-8.888571214444438
-8.918869610182547
-8.875623675273909
-9.980755596608585
-9.870744827334626
-10.9064
-7.639189110739634
-7.781490620909873
-10.637044917650927
-9.37929978992785
-12.81644523896512
-10.400523183364943
-9.864652179794085
-9.460910779793531
-8.26566594069322
-7.155581197539509
-8.071852207263273
-9.754277842048563
-9.666107876337884
-10.188307215352562
-11.451057166408575
-9.126843499829782
-10.45366735704004
-10.315895235313258
-10.335027867386668
-9.787827307201693
-10.093106617531681
-7.85324111938025
-8.40018180099921
-7.637288386177411
-6.186112809464354
-10.338742203669772
-10.49232828342572
-6.4851662282259745
-9.789115752675771
-11.002623178573705
-10.18209099045087
-10.273908273348074
-7.366459179532446
-6.760069352323791
-9.573469408909714
-7.769405806911294
-10.04279245450835
-9.387761027800089
-9.505873011361297
-6.3632866475970555
-9.885076611009318
-9.953494193088705
-11.260363545412497
-10.728715973410758
-10.281699165970943
-10.66633478652939
-12.029634786529389
-12.680094193088705
-10.555106798880841
-7.949685838705675
-9.164635358139233
-6.01834138746106
-8.533763545412496
-7.071555220888794
-6.349675159235085
-12.891272035137268
-10.2085494139775
-11.208846400351979
-7.6589961658576815
-8.050055623193089
-7.722470243990162
-7.670155999920847
-9.540147008007354
-11.859305806911294
-11.727188386177412
-7.93973478652939
-6.23948890006195
-9.959444732293866
-9.953494193088705
-10.793862396973786
-11.890496400351978
-10.139826137886487
-7.65410296720342
-7.390160580010398
-9.675217420733883
-7.075210008217302
-6.489751362001143
-6.916917342515244
-8.002115973410758
-9.639323178573704
-10.575066228225975
-9.489366731327172
-10.340666834711383
-12.029634786529389
-8.242181186881368
-7.027677842048563
-11.379175379970073
-8.482246400351977
-9.713428979618095
-9.61209660394099
-10.409364821105923
-10.814286828189022
-10.620926145219086
-9.212007989638831
-8.750027796535987
-10.15627368627999
-10.056724242400541
-9.918994706973244
-9.741724573212586
-8.934547675397145
-9.492076455357548
-10.453186647597056
-9.514212628577953
-8.776526137886488
-10.04279245450835
-8.67949245450835
-6.787612628577953
-9.28362079588444
-9.361046406218883
-9.953494193088705
-10.1238231727068
-10.728715973410758
-8.276023178573704
-8.210169408909714
-8.150912628577952
-8.350128979618095
-8.659190797029694
-8.242181186881368
-9.48666935232379
-10.063815029752403
-10.558386993792661
-10.115981022732303
-11.002623178573705
-9.990128990276236
-10.00286224806851
-10.2085494139775
-10.686407002553057
-8.390977842048564
-12.134747424604376
-8.350128979618095
-9.365415973410759
-10.246154029018527
-12.680094193088705
-9.024758014174568
-10.82365063424592
-10.592228985484999
-9.394632366051152
-9.965455684097126
-10.260895213710974
-9.80272724103774
-9.264823227645177
-12.680094193088705
-8.412948902100998
-13.336504138853181
-12.680094193088705
-11.316794193088706
-10.396800422830614
-7.740518435489247
-6.4851662282259745
-8.123369352323792
-12.680094193088705
-8.071852207263273
-12.070483648959858
-8.086842214681457
-10.413256441157214
-11.316794193088706
-8.242181186881368
-12.680094193088705
-11.619240593440683
-10.439575159235085
-11.776556441157215
-11.703966834711384
-11.340963821085861
-11.328755684097127
-11.305069578925682
-11.228918616375648
-10.070991768133984
-8.886749264562807
-8.056121058841537
-10.119902097719553
-9.696452436392622
-11.315374918736264
-8.609450318470172
-7.65167144975241
-7.815564782668171
-10.467118435489247
-6.998790470626516
-11.315374918736264
-11.751358014174567
-11.495070589579464
-11.463901621240772
-11.208846400351979
-11.04596498644374
-11.016720836663698
-11.562809945764474
-11.52797203513727
-11.271227587233346
-10.707183648959857
-10.592228985484999
-9.625553402905037
-6.8165
-7.7997752158210085
-8.42581575267577
-11.955528985484998
-11.401800838674557
-10.236526602795736
-6.498856402702376
-12.070483648959858
-11.681621780322052
-11.619240593440683
-11.18943240970703
-10.962238869848653
-10.849969352323791
-11.239215809261692
-11.1260970345979
-10.798452207263272
-9.57973479718753
-11.830418435489246
-11.562809945764474
-9.47600106969374
-8.609450318470172
-9.503041095881754
-9.48131118302015
-10.413256441157214
-6.8165
-10.467118435489247
-10.9064
-10.628123227645178
-11.379175379970073
-11.859305806911294
-7.968030380123881
-8.36370375137175
-11.727188386177412
-10.798452207263272
-11.218797452528264
-12.2697
-10.363888386177411
-11.562809945764474
-11.293572641622678
-11.009630049311836
-11.04596498644374
-11.161455220888794
-10.056724242400541
-10.199509945764476
-9.789115752675771
-8.640850765807052
-9.319037751709077
-12.029634786529389
-11.955528985484998
-11.830418435489246
-11.776556441157215
-11.002623178573705
-10.056724242400541
-9.907927587233347
-11.479281022732302
-11.282294706973245
-11.228918616375648
-11.218797452528264
-11.161455220888794
-11.08467639649076
-11.076728979618094
-10.995698261419642
-7.8060406040988255
-11.751358014174567
-10.849969352323791
-10.798452207263272
-10.439575159235085
-11.218797452528264
-12.213269352323792
-7.395646411010119
-11.72435323151567
-10.056724242400541
-10.296789455871153
-8.763689349595216
-8.42581575267577
-10.958015024655918
-11.366162248068509
-11.1260970345979
-8.935003714076034
-11.58102903455647
-11.830418435489246
-11.859305806911294
-12.533934841467765
-11.955528985484998
-11.660089455871152
-11.016720836663698
-8.939867330834437
-10.365074908140897
-6.8165
-9.816659028929932
-10.439575159235085
-11.031162373762735
-11.08467639649076
-10.849969352323791
-11.260363545412497
-11.009630049311836
-10.439575159235085
-10.236526602795736
-11.17995902892993
-11.208846400351979
-12.592218616375648
-12.029634786529389
-11.889675215821008
-11.262820296720342
-9.60845645648395
-10.115981022732303
-6.2716248155049
-7.649249877185833
-8.468590059623246
-9.754277842048563
-11.379175379970073
-11.009630049311836
-9.897063545412497
-12.029634786529389
-9.153799720629701
-7.897834283205778
-10.075427524386233
-11.660089455871152
-11.495070589579464
-11.379175379970073
-11.316794193088706
-11.282294706973245
-11.282294706973245
-11.068886829643597
-11.009630049311836
-10.968781186881367
-10.849969352323791
-9.807334841467766
-11.179019974542472
-10.056724242400541
-11.58102903455647
-11.420024242400542
-8.019924042632496
-11.955528985484998
-10.798452207263272
-12.281661491008421
-11.955528985484998
-10.968781186881367
-7.740518435489247
-9.182073861891098
-12.161752207263273
-7.897834283205778
-9.679451045876416
-7.302580966146381
-7.531317468957305
-8.710027338209187
-12.070483648959858
-11.955528985484998
-11.17995902892993
-10.75106102780009
-11.448911613822588
-11.660089455871152
-11.076728979618094
-6.693932361574668
-9.692797614247775
-8.696121635400406
-9.557662124133723
-8.717230335131914
-9.680208627154327
-10.231941531787498
-10.27112529789554
-11.117577842048563
-10.798452207263272
-10.526375215821009
-9.945262649040863
-6.8165
-9.593484100497475
-10.75106102780009
-11.448911613822588
-10.9064
-10.9064
-11.921686993792662
-11.315374918736264
-11.293572641622678
-10.276012809464353
-12.029634786529389
-12.213269352323792
-11.859305806911294
-10.628123227645178
-11.703966834711384
-8.252801627107678
-7.740518435489247
-9.387761027800089
-10.255940593440684
-9.886395262782447
-9.886395262782447
-10.526375215821009
-11.038517420733882
-11.889675215821008
-11.58102903455647
-11.434291768133985
-10.955768054979803
-10.236526602795736
-9.126814478033419
-11.599826602795735
-9.660597575045278
-8.765278810059009
-11.239215809261692
-7.048333669422768
-11.860787844398962
-11.588101988632712
-8.837941200111047
-8.908251482072702
-8.791308217763579
-11.316794193088706
-11.316794193088706
-9.745879493191284
-9.019844511558878
-9.029712634444856
-8.549029642211847
-8.927179552449735
-9.675217420733883
-9.078972538238466
-9.348127922813593
-11.161455220888794
-9.990128990276236
-9.97766382108586
-9.185300429370505
-10.496005806911294
-8.205204401473221
-9.002961430104383
-11.061147194372355
-9.195086993792662
-9.907927587233347
-11.061147194372355
-10.056724242400541
-11.328755684097127
-11.406092454508348
-10.798452207263272
-9.514212628577953
-11.448911613822588
-11.379175379970073
-10.912350539205159
-10.9064
-10.318321780322053
-9.177372149565283
-7.968030380123881
-6.8165
-8.763689349595216
-11.379175379970073
-11.199059835929821
-11.161455220888794
-10.75106102780009
-8.933489455871152
-7.414850483671241
-12.070483648959858
-11.727188386177412
-11.727188386177412
