-9.971528287763533
-10.467118435489247
-9.902470648446252
-9.34177286716211
-10.434741663225333
-10.070991768133984
-10.849969352323791
-9.514212628577953
-10.60990413885318
-10.849969352323791
-8.282267006874088
-11.619240593440683
-9.798155220888795
-11.448911613822588
-9.767103043884376
-11.52797203513727
-9.953494193088705
-8.882854029018526
-9.210077001210848
-10.766974979831192
-11.779284069087756
-10.75106102780009
-9.033455999920847
-8.602155684097127
-11.703966834711384
-12.842581022732302
-8.255486773057676
-8.714956566851443
-10.04279245450835
-12.2697
-10.426269573058779
-9.11664363732506
-11.161455220888794
-11.619240593440683
-8.659190797029694
-8.242181186881368
-8.276023178573704
-11.344224224676191
-7.989102841509194
-6.823048895665566
-9.365415973410759
-8.714956566851443
-7.953713566259949
-9.401669480969145
-8.744172959491836
-9.406264835841228
-9.422944070274538
-10.246154029018527
-8.248833979969522
-7.851859209816332
-11.316794193088706
-10.340666834711383
-11.208846400351979
-9.758522115902297
-10.139826137886487
-11.161455220888794
-10.9064
-11.076728979618094
-11.316794193088706
-9.660597575045278
-11.619240593440683
-11.260363545412497
-8.403803043884377
-11.002623178573705
-10.780701287726606
-11.938366228225975
-12.72946224806851
-11.921686993792662
-11.316794193088706
-10.60990413885318
-9.291310172366368
-9.34177286716211
-8.281973717778865
-7.043535992829295
-10.217729034556472
-9.147695814329479
-12.623663545412496
-12.749090797029694
-11.955528985484998
-11.681621780322052
-10.526375215821009
-11.208846400351979
-8.942008648420488
-11.448911613822588
-11.379175379970073
-8.955021780322053
-9.211766228225974
-8.110063766147485
-8.170984844601623
-8.614363821085862
-7.9015232276451774
-7.717025850066929
-11.316794193088706
-10.009333062937358
-9.503041095881754
-11.316794193088706
-11.727188386177412
-8.590194193088706
-8.272550595791081
-11.002623178573705
-10.728715973410758
-8.035493775610734
-10.190606414566668
-10.798452207263272
-10.849969352323791
-8.350128979618095
-8.390977842048564
-11.161455220888794
-7.388369130331483
-11.260363545412497
-11.5718494139775
-11.763823183364941
-9.103818435489247
-9.784647250958278
-9.983863601998419
-11.859305806911294
-8.238900991969546
-9.408619008593606
-11.448911613822588
-12.332081186881368
-12.401817420733883
-12.680094193088705
-11.84468596122269
-7.883304138853182
-12.04970700255306
-9.390042624716735
-10.82365063424592
-7.285341321195905
-8.316001984025885
-8.555694706973243
-11.208846400351979
-8.652575379970074
-8.58842063110197
-11.002623178573705
-12.365923178573704
-12.186950634245921
-9.959444732293866
-7.838901559680932
-11.161455220888794
-9.52559901155944
-10.774282579266117
-11.208846400351979
-11.334828287763534
-7.970104195439103
-8.29729757504528
-12.04970700255306
-11.117577842048563
-8.097050634245921
-11.609454029018526
-12.2697
-12.48698191054293
-12.300069408909714
-8.210169408909714
-11.448911613822588
-12.332081186881368
-9.983863601998419
-9.427797160292126
-7.479223053056398
-9.845546400351978
-10.774282579266117
-10.496005806911294
-8.977366834711383
-12.332081186881368
-11.117577842048563
-11.448911613822588
-10.131770589579466
-11.859305806911294
-8.290120836663698
-12.332081186881368
-12.240812628577952
-9.897063545412497
-11.117577842048563
-8.657861787117737
-11.97320413885318
-11.328755684097127
-11.316794193088706
-11.316794193088706
-11.076728979618094
-11.379175379970073
-8.768470589579465
-8.836209945764477
-11.456359179532447
-11.51957368627999
-11.955528985484998
-10.496005806911294
-8.210169408909714
-8.08180325943956
-8.659190797029694
-8.79297368627999
-10.991564489809047
-11.379175379970073
-9.28745300128365
-9.253824638916084
-9.473363766147484
-10.413256441157214
-10.307457738501203
-10.64692079588444
-11.117577842048563
-11.316794193088706
-9.049956441157216
