-9.089886647597055
-9.913180749617558
-11.076728979618094
-10.569085482721764
-11.52797203513727
-9.591211589286852
-8.242181186881368
-7.920320795884441
-11.072807904630846
-10.92080177088571
-9.152267834478424
-9.343883648959858
-10.100601621240774
-6.8165
-11.386047680652888
-6.377218435489247
-7.4819494139775005
-11.17995902892993
-10.595722055600177
-11.265770648446253
-11.859305806911294
-10.73533139047038
-10.660443457651514
-10.467118435489247
-10.340666834711383
-10.286310002350397
-9.639323178573704
-11.002623178573705
-10.307457738501203
-8.59794161885419
-10.307457738501203
-10.592228985484999
-10.510995814329478
-11.362816846401719
-10.674336269119232
-11.057623200175989
-11.34798478652939
-7.726586647597055
-10.936769408909713
-11.221583586646716
-6.1466266027957355
-10.306046416033602
-11.660089455871152
-11.128779765254828
-10.073828318819826
-6.468486993792662
-11.316794193088706
-10.526375215821009
-8.533763545412496
-11.52797203513727
-9.122434134991963
-9.865618616375647
-11.52797203513727
-9.473363766147484
-11.463901621240772
-11.51957368627999
-11.802875159235086
-10.707183648959857
-10.467118435489247
-10.70087374553844
-12.092015973410756
-11.194226554663373
-11.955528985484998
-11.139110166499464
-11.15241575267577
-10.143895388730469
-10.15627368627999
-9.141654193873899
-11.379175379970073
-9.50028084068576
-11.02751883200479
-10.66633478652939
-9.924606821666659
-9.35670885079567
-9.97766382108586
-8.224406105227065
-9.68010280102557
-11.379175379970073
-10.413256441157214
-10.13257123022504
-10.215881689322437
-11.372633062937359
-10.62997635487685
-10.900508671122124
-10.930569627997155
-10.972079655953818
-11.715463772014388
-10.995698261419642
-11.031162373762735
-12.092015973410756
-11.109179493191284
-10.570012937233487
-10.849969352323791
-10.764884387220743
-10.558386993792661
-11.681621780322052
-11.234044827334627
-11.727188386177412
-12.04970700255306
-6.273988386177411
-10.791097160292127
-10.678296277537811
-10.927493913718408
-10.968781186881367
-12.2697
-12.04970700255306
-11.121822115902297
-11.78956957305878
-10.45181133067858
-8.706249444236354
-11.038517420733882
-11.316794193088706
-11.727188386177412
-8.68641737166241
-8.829963443710275
-9.642816248688884
-11.727188386177412
-10.907141018743832
-10.968781186881367
-10.48138596122269
-11.076728979618094
-9.642816248688884
-11.161455220888794
-11.573606314288977
-10.439575159235085
-6.912723178573704
-10.60454596954954
-10.482831807282297
-11.420024242400542
-11.84468596122269
-10.852666731327172
-10.203109188867867
-10.09606463607318
-6.352131910542931
-11.316794193088706
-9.92302681220054
-9.126814478033419
-10.022490797029695
-10.32455954904167
-9.941997299578134
-11.175278580309449
-10.545373861891099
-10.930569627997155
-9.90519283102171
-9.605481186881368
-11.703966834711384
-10.545373861891099
-10.924434094674828
-10.762557965103094
-10.711427922813591
-11.649610002350398
-10.521719304537282
-11.456359179532447
-12.300069408909714
-10.658492636554891
-8.451055806911295
-7.095700989067807
-9.875915809261691
-9.845546400351978
-10.015875379970073
-9.745879493191284
-8.55900656003116
-9.440106827533562
-10.850581631411938
-9.605481186881368
-8.590194193088706
-9.224708170673285
-6.033923172706801
-6.062928982551547
-10.369838925382572
-11.068886829643597
-6.156254029018527
-11.076728979618094
-8.836209945764477
-8.853504641445701
-11.521991289633059
-9.953494193088705
-11.727188386177412
-10.467118435489247
-10.131770589579466
-10.139826137886487
-10.070991768133984
-10.296789455871153
-9.406264835841226
-9.717389353362252
-9.573469408909714
-10.16593135602737
-9.969091767176089
-11.991423227645177
-12.137582579266116
-10.779038216618325
-9.933698342600028
-11.590353222018637
-11.776556441157215
-11.727188386177412
-10.419727256026064
-11.553906414566669
-11.096801195641765
-11.134740599307587
-10.795990358946387
-11.04596498644374
-11.15241575267577
-10.728715973410758
-10.139826137886487
-11.076728979618094
-9.678929493502633
-10.575066228225975
-11.316794193088706
-9.06296957305878
-7.359011613822588
-8.590194193088706
-9.573469408909714
-10.952558975756876
-10.97539660394099
-11.034828476294484
-9.385488189434428
-10.078256566851442
-8.301282178850913
-10.34326651232579
-9.996461389325127
-10.085611613822588
-11.117577842048563
-9.422944070274538
-11.382852903455646
-10.431555980206442
-11.802875159235086
-10.946192530897495
-10.250049264562808
-11.62919164561697
-10.75106102780009
-11.372633062937359
-11.15241575267577
-10.769564835841226
-10.526375215821009
-11.448911613822588
-9.361046406218883
-9.717389353362252
-11.249695262782446
-10.464305728692654
-9.494798637933004
-10.728715973410758
-11.002623178573705
-10.987643414821797
-10.526375215821009
-9.635850595791082
-9.830926554663375
-10.04971737166241
-10.798452207263272
-10.774282579266117
-9.771440599307587
-10.199509945764476
-10.32938890006195
-10.115981022732303
-9.82613240970703
-9.775810166499463
-11.751358014174567
-11.072794920843927
-10.73533139047038
-11.830418435489246
-7.541425407439262
-10.877512628577954
-11.940060288515255
-11.208846400351979
-10.48138596122269
-10.75106102780009
-9.950541201096058
-11.649610002350398
-11.495070589579464
-12.029634786529389
-10.767219986569712
-10.58358542077531
-9.200397213905816
-11.057623200175989
-10.877512628577954
-10.798452207263272
-9.653420836663699
-8.63252509300684
-12.332081186881368
-11.830418435489246
-11.239215809261692
-10.422335514284612
-10.880338761233505
-10.946497452843976
-11.36423471408008
-9.465521616172987
-10.022490797029695
-10.246154029018527
-10.056724242400541
-9.886395262782447
-9.576593815459322
-9.555061491008422
-8.505902298453842
-10.307457738501203
-11.117577842048563
-11.448911613822588
-11.448911613822588
-11.161455220888794
-10.774282579266117
-8.002115973410758
-7.855959695219984
-10.728715973410758
-9.246604138853181
-9.664218832004789
-7.638473719240338
-10.65379245594988
-10.009333062937358
-9.543099999999999
-11.727188386177412
-11.763823183364941
-6.447483542683921
-6.32078778781304
-8.416187689985037
-11.161455220888794
-9.767103043884376
-6.912723178573704
-8.400355734773333
-9.886395262782447
-11.161455220888794
-10.217729034556472
-10.270952227540661
-10.413256441157214
-10.798452207263272
-10.227053222018636
-10.08984523896512
-10.592228985484999
-10.909367794019353
-9.183684947693832
-9.688460893094478
-11.503126137886486
-10.593972944528442
-10.394257795087125
-11.340963821085861
-11.353428990276235
-11.830418435489246
-11.130403043884375
-10.927493913718408
-11.889675215821008
-12.161752207263273
-11.859305806911294
-11.763823183364941
-11.287906821666658
-10.070991768133984
-10.912350539205159
-12.070483648959858
-10.841950173295148
-10.852666731327172
-10.643113235063362
-10.880338761233505
-10.762557965103094
-10.64692079588444
-10.924434094674828
-10.239398428962186
-10.849969352323791
-10.631835300413927
-10.774282579266117
-11.038517420733882
-10.340666834711383
-8.451055806911295
-10.946192530897495
-11.072794920843927
-11.379175379970073
-11.660089455871152
-12.070483648959858
-11.203932897736289
-8.820278751439737
-9.143158829161885
-10.877512628577954
-10.60990413885318
-11.038517420733882
-8.985391189231766
-9.671528476294485
-11.889675215821008
-11.161455220888794
-11.763823183364941
-11.84468596122269
-10.496005806911294
-11.013164827973204
-11.175278580309449
-10.576760288515256
-12.010220795884441
-10.318321780322053
-11.287906821666658
-11.727188386177412
-10.514039901586123
-12.332081186881368
-10.871531883073743
-9.67420153916624
-7.525419518453434
-11.249695262782446
-9.435152207263272
-9.435152207263272
-10.44381364747217
-11.334828287763534
-10.660443457651514
-11.213801020622268
-12.365923178573704
-10.15627368627999
-9.48666935232379
-9.48666935232379
-11.316794193088706
-10.83142414197732
-11.739149877185833
-10.35917064275252
-11.703966834711384
-9.758522115902297
-11.117577842048563
-10.891956314288976
-7.718382262268841
-10.115981022732303
-9.503041095881754
-10.849969352323791
-11.316794193088706
-11.319769462691285
-9.432690358946388
-9.027230141637403
-11.448911613822588
-10.66633478652939
-10.82365063424592
-10.217729034556472
-10.467118435489247
-10.32938890006195
-9.161519173750134
-9.875915809261691
-10.774282579266117
-11.379175379970073
-11.260363545412497
-11.161455220888794
-11.448911613822588
-8.371027449098893
-10.340666834711383
-9.055127423084281
-10.558386993792661
-10.115981022732303
-10.774282579266117
-11.117577842048563
-10.707183648959857
-10.85114604880615
-9.119531807282296
-10.009333062937358
-10.686407002553057
-11.619240593440683
-8.994697057299534
-9.030957795087126
-9.902470648446252
-10.717949811185306
-10.496005806911294
-10.056724242400541
-10.985547432680317
-9.738070106327747
-10.060439528094673
-8.590194193088706
-11.15241575267577
-12.365923178573704
-10.398009066350854
-11.020298331941886
-11.049724196959199
-10.871900513884539
-10.713561523923143
-12.029634786529389
-11.495070589579464
-11.90546478266817
-11.69268890006195
-11.619240593440683
-10.726527158839627
-10.274992871800967
-10.388058014174566
-12.161752207263273
-9.57973479718753
-11.52797203513727
-9.678929493502633
-10.276012809464353
-10.199509945764476
-10.9064
-11.076728979618094
-9.632398261419644
-10.822765201653072
-9.514212628577953
-9.717389353362252
-11.889675215821008
-11.4871231727068
-9.429016673940945
-11.239215809261692
-11.117577842048563
-10.939893815459321
-11.034828476294484
-10.692563803271254
-10.257917468957304
-10.767219986569712
-11.479281022732302
-10.002219039241341
-10.930569627997155
-10.742021559587064
-10.696704195439104
-10.469944568144799
-9.784647250958278
-7.51616836351487
-9.291310172366368
-10.45315462803793
-10.191490766735832
-11.802875159235086
-9.789115752675771
-11.938366228225975
-10.877512628577954
-10.453186647597056
-10.078256566851442
-9.821376772354823
-10.131770589579466
-11.859305806911294
-9.232422055600178
-10.877512628577954
-10.707244070805885
-11.169192866704481
-10.67228532573455
-9.978898594561926
-10.858098637933006
-11.316794193088706
-10.939893815459321
-11.503126137886486
-10.40052318336494
-11.52797203513727
-10.190606414566668
-9.595694622459211
-9.135673600930646
-9.639323178573704
-10.543767148104058
-11.276735288970459
-10.849969352323791
-12.161752207263273
-9.737598607615253
-10.40052318336494
-9.144667297919716
-10.774282579266117
-9.406264835841226
-9.109484255445267
-10.877512628577954
-8.904602084449104
-11.448911613822588
-9.52559901155944
-11.52797203513727
-11.027173625479138
-10.094560000785195
-11.874295814329479
-11.703966834711384
-10.844611183020149
-10.64692079588444
-11.038517420733882
-9.762797034597899
-10.04279245450835
-10.26589164561697
-10.64692079588444
-9.440106827533562
-11.316794193088706
-10.558386993792661
-9.182073861891098
-9.567269627997156
-9.447617376453646
-9.387761027800089
-11.316794193088706
-10.774282579266117
-10.82365063424592
-10.728715973410758
-8.539170648446254
-11.076728979618094
-11.076728979618094
-11.316794193088706
-11.260363545412497
-8.817664735418006
-7.928203692115493
-10.307457738501203
-9.855497452528263
-11.208846400351979
-10.029180966146379
-11.002623178573705
-9.427797160292126
-10.009333062937358
-10.798452207263272
-9.30501166204601
-10.40052318336494
-10.296789455871153
-10.877512628577954
-10.877512628577954
-10.707183648959857
-10.863740990450871
-10.64692079588444
-10.070991768133984
-12.300069408909714
-11.889675215821008
-9.167768030353148
-10.66633478652939
-11.448911613822588
-10.64692079588444
-10.64692079588444
-11.427115029752404
-10.869114279720673
-10.858098637933006
-11.619240593440683
-11.428191293693576
-10.558386993792661
-9.522731821127289
-11.619240593440683
-11.384926601325454
-9.905801148545606
-10.891843559828047
-8.977870876523387
-10.733118028389258
-9.48666935232379
-5.556430049311836
-8.1798
-9.557515110906042
-10.199358578510736
-8.652575379970074
-9.430238704647584
-12.2697
-6.760069352323791
-8.602155684097127
-11.588101988632712
-10.211105394308579
-9.643517342515244
-8.820278751439737
-9.780212221477962
-9.225456402702376
-10.999150595791082
-9.35670885079567
-6.74940106969374
-9.169340604098826
-9.092646902793048
-8.904602084449104
