-8.607618216955123
-7.564926544176465
-7.8537573127692575
-8.82726684891046
-9.953494193088705
-7.793061927696279
-7.7843958143294785
-8.029033047949033
-6.661161027800089
-6.708552207263272
-8.084317376453647
-6.708552207263272
-7.390160580010398
-8.326907428152067
-9.3995540361234
-8.210169408909714
-7.366459179532446
-7.5195540290185265
-7.5195540290185265
-8.533763545412496
-7.052887689985036
-8.150912628577952
-8.533763545412496
-7.686656441157215
-9.798155220888795
-6.377218435489247
-7.4819494139775005
-8.242181186881368
-7.769405806911294
-7.1867060321751515
-6.7415241419773215
-7.831786993792662
-7.635884469082543
-7.712975159235086
-7.4819494139775005
-9.30303478652939
-8.276023178573704
-8.958699303807625
-8.267461702249056
-7.738338094256076
-8.638131694259052
-8.443745884066992
-10.10824138746106
-7.198006821666659
-7.27626224806851
-7.376283218157418
-7.191162164219538
-7.926271335089601
-7.890343049076543
-8.13217992002351
-8.652575379970074
-6.986828979618095
-7.980583648959858
-6.39148596122269
-6.927423062339307
-7.022399322900938
-8.789647420974246
-7.663930141637403
-8.424527307201693
-7.36760854611731
-7.815564782668171
-6.760069352323791
-7.30869191434439
-7.071555220888794
-8.498249365531665
-8.292622811814752
-7.499554516339887
-6.681574207141128
-9.754277842048563
-9.845546400351978
-10.496005806911294
-7.226894193088706
-6.576434786529389
-6.691530436709803
-7.389303123427252
-7.24395247597746
-7.635884469082543
-7.3632243680467155
-7.959807002553058
-8.711657305987037
-7.226894193088706
-7.3196447888797875
-7.010464337792907
-7.128897452528265
-8.390977842048564
-8.722311613822589
-7.431389442193302
-8.097050634245921
-7.367209114613302
-9.19180679888084
-8.047682579266116
-9.037223183364942
-8.2951608789249
-6.576434786529389
-7.251063821085861
-6.6388159734107575
-8.073915190061939
-9.00058838617741
-7.865628985484999
-8.613497793651305
-9.016646908612321
-8.595119547694042
-8.975838053862647
-8.910957992034449
-8.51197868131857
-7.908543755001881
-10.9064
-7.645635988038058
-8.099630480014735
-7.340792525030592
-8.390977842048564
-7.817167148104058
-7.257263601998419
-9.253479432390433
-8.857772476514427
-9.235935856223131
-8.790692193610372
-8.053460397651502
-8.180789264673118
-7.128982508363813
-7.227486562990223
-6.538223227645177
-7.815564782668171
-8.482246400351977
-6.8854966039409895
-10.363888386177411
-10.66633478652939
-7.764981823684531
-9.024758014174568
-8.533763545412496
-7.455234792396293
-8.713496458424212
-8.86469376815317
-8.616216948317534
-8.939867330834437
-7.908543755001881
-7.726586647597055
-7.037485552336442
-8.434855220888794
-5.912962248068509
-8.836209945764477
-8.602155684097127
-7.282733062937358
-8.276023178573704
-9.754277842048563
-8.210169408909714
-7.111737345371484
-6.1362541711919665
-7.650338359364451
-8.323124196959197
-10.056724242400541
-6.787612628577953
-6.787612628577953
-7.908543755001881
-7.4640064145666685
-7.226894193088706
-7.1189464003519785
-8.099636125209454
-8.428786903476361
-7.027677842048563
-9.000292497263633
-6.6388159734107575
-7.667657795087125
-6.647653057869571
-9.435152207263272
-9.049956441157216
-7.401978810059009
-7.170463545412497
-9.754277842048563
-7.7843958143294785
-6.846869408909714
-6.9560649864437405
-7.9015232276451774
-8.311917420733883
-6.468486993792662
-7.374001621240773
-8.209709567981578
-6.982698902412348
-9.410982579266117
-8.944157738501202
-9.195086993792662
-8.737301621240773
-8.902591645616969
-7.573369805508362
-7.657769069735168
-7.798219173750134
-8.181204880032421
-9.03596479039988
-8.430318235721202
-6.139711648393223
-8.024461027800088
-7.661458014174567
-7.1189464003519785
-8.045884575039945
-8.55013528897046
-7.673923183364942
-6.846869408909714
-7.32311737166241
-7.769405806911294
-8.210169408909714
-6.878881186881368
-7.295890797029696
-7.833433931341883
-7.87087634923081
-7.630225793481007
-7.387824980661429
-7.657769069735168
-8.857210904985921
-7.164998705778474
-6.748054577083079
-6.843761403519879
-9.460350634245922
-7.920320795884441
-9.494798637933005
-8.5136554472236
-8.570398342600027
-9.105229815578754
-8.264981857812751
-13.433783648959858
-9.543099999999999
-9.30303478652939
-7.980583648959858
-8.62056360199842
-8.017607741064268
-6.948617420733883
-7.372485426642214
-8.533763545412496
-10.250049264562808
-7.226894193088706
-7.815804909895281
-6.765501373234216
-6.684382579266117
-7.289275379970073
-7.019279493191284
-7.526387601448037
-7.408379668802392
-7.970104195439103
-9.897063545412497
-9.387761027800089
-9.007295009038163
-9.215159209816331
-8.388511104846279
-9.201669710697843
-8.593708201390632
-7.559710002350398
-7.831786993792662
-9.049921932004237
-6.817904286552504
-8.978506534133903
-9.228928985484998
-7.59944698902278
-8.089377865953933
-7.611793996345721
-7.104326554663374
-6.713506827533562
-7.010998607615252
-7.30869191434439
-7.952099185799143
-7.322325219663268
-7.417756160458428
-7.455234792396293
-9.34177286716211
-9.096811564751116
-9.108062709342981
-7.608401014755364
-7.469332450486287
-7.570189455871152
-8.210169408909714
-7.117830407122793
-7.982277709249138
-8.210169408909714
-8.071852207263273
-7.769405806911294
-7.551457970969998
-7.4640064145666685
-7.081059803822335
-5.966824242400541
-7.815564782668171
-8.242181186881368
-9.11808596122269
-7.93973478652939
-8.010127400545578
-7.3972231727068
-8.62056360199842
-7.421392800703957
-7.673923183364942
-7.707616989931444
-7.907100100907245
-8.47245983592982
-8.539170648446254
-7.518584211165032
-6.703638704647584
-6.779214279720674
-7.077275783914262
-8.622436266713544
-6.6999801533535
-6.967414988973147
-9.253824638916084
-8.624314873262149
-9.213460288515256
-7.590626361568919
-8.781412605792134
-7.689624235176568
-9.00058838617741
-7.499554516339887
-8.044873351964807
-6.846869408909714
-7.027677842048563
-8.119078944657026
-10.085611613822588
-7.262270597311175
-9.056427256026064
-8.104824141977321
-7.979859547089859
-8.390977842048564
-9.062531324520432
-8.740629012416354
-8.803555028644388
-9.271844193088706
-7.23836290523413
-7.5545390204233325
-8.762851110964581
-10.18608436582614
-8.760523172706801
-7.465776441795794
-7.170463545412497
-7.815564782668171
-9.897063545412497
-7.781367297919716
-7.635884469082543
-6.79613182112729
-7.32311737166241
-9.936762160732703
-6.177498834382956
-7.364215056818615
-7.662692787650631
-6.912723178573704
-7.699669573058779
-6.846869408909714
-6.733750634245921
-7.257263601998419
-9.076275159235085
-10.085611613822588
-7.637288386177411
-8.047682579266116
-6.933997575045279
-7.071555220888794
-6.6388159734107575
-6.846869408909714
-7.769405806911294
-7.027677842048563
-8.369385104999562
-9.48666935232379
-10.968781186881367
-7.980583648959858
-8.86000590781854
-6.483173451515822
-8.059644070274539
-6.576434786529389
-7.33800022612271
-7.710557980552473
-7.442912942694446
-7.352241619929857
-6.733750634245921
-7.712975159235086
-8.787487416022836
-8.21933021065734
-7.865628985484999
-7.2210028642108295
-8.002115973410758
-8.42179258656948
-8.311917420733883
-10.015875379970073
-6.136254234827742
-8.317535385707911
-7.4296736862799895
-6.948617420733883
-7.071555220888794
-8.315758329933995
-7.75478596122269
-7.831786993792662
-9.297824839455066
-9.653420836663699
-10.66633478652939
-10.66633478652939
-6.8979334652416515
-7.499554516339887
-7.226894193088706
-8.044873351964807
-6.6388159734107575
-7.027677842048563
-8.225958975756877
-8.416187689985037
-7.565975390628215
-6.892186773057675
-6.975104365455072
-10.093059179532446
-8.242181186881368
-7.779858829161886
-7.379339089029853
-7.833433931341883
-6.576434786529389
-6.760069352323791
-6.760069352323791
-7.3484490680741805
-7.883304138853182
-7.226894193088706
-8.766075143288914
-8.842523053056397
-7.61066084065595
-7.158729316516872
-6.681574294799308
-6.436475215821008
-6.273988386177411
-9.198385462865112
-7.908543755001881
-6.703638704647584
-6.746763766147485
-6.576434786529389
-8.123369352323792
-8.002115973410758
-10.255940593440684
-10.496005806911294
-9.211766228225974
-9.845546400351978
-6.984465408945584
-7.848466228225974
-6.8165
-6.878881186881368
-7.649249877185833
-6.576434786529389
-6.703638704647584
-6.6388159734107575
-9.211766228225974
-9.675217420733883
-8.590194193088706
-8.311917420733883
-6.986828979618095
-7.071555220888794
-7.699669573058779
-7.1189464003519785
-8.25886042131468
-7.499554516339887
-8.482246400351977
-7.499554516339887
-7.815564782668171
-7.309347595993743
-7.625563772014388
-7.635884469082543
-7.712975159235086
-6.916216248688884
-6.670849680442848
-7.321725893543264
-7.93973478652939
-9.675217420733883
-7.570189455871152
-7.3632243680467155
-8.150912628577952
-6.912723178573704
-10.085611613822588
-10.015875379970073
-9.897063545412497
-9.573469408909714
-7.32311737166241
-7.090564386755876
-6.661599276338437
-7.226894193088706
-9.00534402352962
-7.649249877185833
-7.75478596122269
-7.393995318112125
-8.626828990276236
-7.244928287763534
-9.602200991969546
-8.784692800703956
-9.30303478652939
-7.756376586269979
-7.487440090117073
-7.570189455871152
-6.666054415434165
-7.195250238256731
-12.213269352323792
-9.430238704647584
-9.132705806911295
-8.210169408909714
-6.406105806911294
-8.503244076527247
-8.350128979618095
-9.206712937233487
-8.255486773057676
-6.673866563728519
-6.590595459828807
-7.451039224851969
-7.539291645616971
-8.024461027800088
-7.529340593440684
-6.6388159734107575
-7.676783371934455
-7.540452846553901
-7.376857282045921
-8.412966458289148
-7.1189464003519785
-7.019279493191284
-7.548392871800967
-7.477412428809908
-8.65521268351633
-9.004151528328553
-7.772214446739642
-6.817904286552504
-5.999924218971373
-10.265891645616971
-8.590194193088706
-7.499554516339887
-7.071555220888794
-7.302580966146381
-8.3994970345979
-7.181327587233347
-8.626199459470326
-10.50732069373053
-6.787612628577953
-7.686656441157215
-7.289275379970073
-5.863594193088706
-9.798155220888795
-8.317535385707911
-9.543099999999999
-8.482246400351977
-8.1798
-9.897063545412497
-10.255940593440684
-9.713428979618095
-7.010998607615252
-8.276023178573704
-9.855497452528265
-7.978262202272082
-8.95972899817998
-8.533763545412496
-7.723839201055936
-7.0620673818348205
-9.049956441157216
-8.330714988973147
-7.699669573058779
-7.9015232276451774
-7.330124242400542
-8.707691768133984
-8.002115973410758
-8.071852207263273
-7.831786993792662
-6.8165
-6.825448386962605
-6.576434786529389
-6.520004138853181
-7.865628985484999
-6.846869408909714
-6.377218435489247
-8.219592530897497
-6.57841166204601
-6.520004138853181
-6.520004138853181
-7.2992264321463605
-9.00058838617741
-7.625563772014388
-7.699669573058779
-8.590194193088706
-6.708552207263272
-7.473807707372692
-7.920320795884441
-9.132705806911295
-7.366459179532446
-8.071852207263273
-9.43762433472611
-8.533763545412496
-8.933489455871152
-6.878881186881368
-7.293566983746467
-9.478650173295147
-6.948617420733883
-8.775715633082054
-7.491129034556471
-8.35543919973125
-6.8165
-7.027677842048563
-6.708552207263272
-7.4815852849849875
-7.170463545412497
-6.857222677195241
-7.999927158839628
-7.627310307071978
-10.164672035137269
-8.768470589579465
-6.817904286552504
-7.591721780322053
-7.1189464003519785
-7.1189464003519785
-7.289275379970073
-6.817904286552504
-6.817904286552504
-6.545244129461989
-8.242181186881368
-8.64660559899608
-7.500453222018637
-7.407575766890461
-7.443168827017601
-7.688852666011289
-7.465776441795794
-7.175870648446253
-7.402775143288913
-10.363888386177411
-10.015875379970073
-7.071555220888794
-9.514212628577953
-7.380105527540996
-7.8285067988808406
-5.893963601998419
-7.302160757653414
-6.166040593440684
-6.948617420733883
-6.8165
-7.772214446739642
-7.772214446739642
-7.499554516339887
-7.635884469082543
-9.00058838617741
-8.80137203513727
-8.350128979618095
-8.317535385707911
-6.408914149295226
-10.849969352323791
-9.101005728692655
-7.416479298088268
-8.1798
-6.787612628577953
-7.289275379970073
-7.865628985484999
-6.01834138746106
-7.570189455871152
-6.902365940693219
-6.93417373502286
-7.740518435489247
-6.674984387220743
-6.85946719623642
-9.13716309521855
-8.633161389325126
-7.438072035137269
-7.071555220888794
-7.637288386177411
-8.590194193088706
-6.285949877185833
-8.042964835841227
-6.38430922284111
-10.64692079588444
-7.865628985484999
-6.948617420733883
-7.93973478652939
-7.920320795884441
-9.598938869848652
-6.878881186881368
-6.998790470626516
-7.027677842048563
-8.087307536870526
-7.071555220888794
-8.600345982228156
-8.532150996978993
-8.977366834711383
-9.798155220888795
-6.878881186881368
-7.559710002350398
-8.216434797187532
-9.401584387220742
-8.550688887577579
-8.434855220888794
-8.743405527540997
-7.757681192748272
-7.366459179532446
-8.533763545412496
-8.024461027800088
-7.766452814918647
-7.071555220888794
-6.787612628577953
-5.999924218971373
-9.754277842048563
-6.683199614502595
-7.591721780322053
-7.652764397043511
-7.769405806911294
-7.426347420974247
-7.570189455871152
-8.482246400351977
-8.194790007418185
-6.878881186881368
-7.209393204648144
-6.596507002553058
-6.715999772973131
-7.1390186163756475
-6.787612628577953
-7.295890797029696
-6.684382579266117
-6.878881186881368
-7.1189464003519785
-7.625563772014388
-7.491129034556471
-9.415738216618324
-8.428963892010918
-9.947602864210829
-7.330124242400542
-7.539291645616971
-7.448137785815886
-8.43942724103774
-7.466663443710274
-8.00873139047038
-8.107438157999054
-7.406772955015352
-7.883304138853182
-7.715132078440848
-6.885164071684465
-7.356574333387496
-7.865628985484999
-7.637288386177411
-7.712975159235086
-9.035752688054428
-6.910637185809316
-9.09403187106709
-7.5723077896771045
-7.43553999848918
-8.81333352614569
-10.363888386177411
-9.11090922284111
-8.434855220888794
-9.374253057869572
-7.9256928556423345
-7.104808111149603
-7.614066834711383
-8.210169408909714
-7.712975159235086
-6.713506827533562
-6.819467794019353
-7.632570642752521
-8.827306414566667
-8.047682579266116
-6.853134797187531
-7.170463545412497
-6.75444454321957
-7.247007243187165
-7.9338434576515136
-7.434698386880264
-9.106346519457563
-9.57973479718753
-6.787612628577953
-7.2522985945619265
-6.804775385836977
-7.98270198276581
-8.685721223825386
-7.848466228225974
-8.047682579266116
-10.06941102780009
-7.850160288515256
-7.912730003870491
-8.421347250958277
-7.605027366498359
-8.047682579266116
-8.683637677978384
-9.376483093150656
-8.43942724103774
-8.047682579266116
-9.697847194372356
-8.043905381975758
-9.82613240970703
-7.561115613802673
-7.5195540290185265
-7.865628985484999
-7.277937868578068
-7.723154326870629
-7.777003283665675
-7.4181126057921345
-8.920936187035176
-8.630620296724219
-7.652885960264794
-7.309347595993743
-7.533300967184841
-9.089886647597055
